0 0.794162 0.439099 0.027997 0.025400
0 0.835962 0.439248 0.030785 0.027122
0 0.863574 0.449173 0.023097 0.030964
0 0.856403 0.430744 0.027394 0.024722
0 0.278245 0.477035 0.030978 0.040436
0 0.546139 0.513317 0.064095 0.043561
0 0.256006 0.483942 0.040425 0.038765
0 0.262718 0.454697 0.026842 0.029425
0 0.245282 0.525870 0.044948 0.048974
0 0.138678 0.465967 0.050445 0.038925
0 0.160109 0.511368 0.041082 0.042255
0 0.842917 0.472268 0.037142 0.028974
0 0.301557 0.437916 0.043779 0.027246
0 0.882472 0.469916 0.025724 0.031875
0 0.791589 0.478387 0.039838 0.030356
0 0.350975 0.429964 0.051713 0.024757
0 0.138508 0.497473 0.042083 0.037612
0 0.410983 0.420180 0.042038 0.025277
0 0.819037 0.486983 0.041399 0.028290
0 0.805107 0.559133 0.030047 0.038427
0 0.370090 0.403938 0.043597 0.024501
0 0.497038 0.410950 0.042382 0.022507
0 0.610623 0.411407 0.048578 0.025132
0 0.215555 0.442312 0.052318 0.029034
0 0.538968 0.401406 0.038025 0.019881
0 0.939808 0.490628 0.080035 0.054324
0 0.910867 0.523745 0.066083 0.041138
0 0.846057 0.507892 0.051880 0.033369
0 0.776345 0.534449 0.060448 0.040413
0 0.680400 0.411833 0.045616 0.023451
0 0.661113 0.549792 0.067434 0.039762
0 0.738032 0.570727 0.073378 0.055244
0 0.549450 0.546163 0.067469 0.038258
0 0.743691 0.411633 0.042377 0.024695
0 0.759355 0.395937 0.039236 0.019380
0 0.703735 0.399014 0.036053 0.021403
0 0.480541 0.580455 0.080289 0.044406
0 0.374336 0.550318 0.075893 0.041052
0 0.631314 0.516315 0.064599 0.041856
0 0.343922 0.582234 0.072154 0.039387
0 0.699457 0.509705 0.060533 0.035650
0 0.046879 0.477133 0.053273 0.041589
0 0.750553 0.495031 0.044271 0.036191
0 0.145830 0.580340 0.069117 0.041592
0 0.655084 0.599960 0.075441 0.064279
0 0.821351 0.412879 0.041854 0.019068
0 0.893981 0.414582 0.042639 0.019068
0 0.857213 0.396659 0.036364 0.019381
0 0.473478 0.402974 0.046805 0.019364
0 0.502934 0.660963 0.081683 0.052407
0 0.197796 0.515721 0.046406 0.053398
0 0.191977 0.481007 0.048535 0.038746
