0 0.381923 0.389094 0.035923 0.029947
0 0.267453 0.382906 0.110754 0.044187
0 0.327366 0.393623 0.043484 0.029475
0 0.366098 0.484665 0.060060 0.030449
0 0.395093 0.496262 0.050878 0.038059
0 0.330903 0.526366 0.072664 0.042997
0 0.434725 0.410786 0.028872 0.028695
0 0.359882 0.543524 0.059714 0.044792
0 0.305842 0.509965 0.052735 0.032987
0 0.127514 0.430475 0.046031 0.027908
0 0.459561 0.476984 0.041109 0.034445
0 0.414591 0.513618 0.046947 0.036688
0 0.245004 0.564225 0.075347 0.045989
0 0.292591 0.577010 0.068080 0.048609
0 0.186186 0.417668 0.046601 0.028133
0 0.236097 0.528542 0.074556 0.039311
0 0.237170 0.408408 0.043905 0.025507
0 0.715258 0.387180 0.031921 0.023465
0 0.643183 0.419683 0.037319 0.028824
0 0.458661 0.508466 0.046184 0.042921
0 0.395513 0.565029 0.059012 0.047112
