0 0.370825 0.391884 0.039023 0.027073
0 0.424732 0.407342 0.024057 0.031306
0 0.410953 0.449364 0.038778 0.031495
0 0.387341 0.377034 0.037615 0.022131
0 0.360356 0.490580 0.066639 0.039034
0 0.413525 0.390228 0.038660 0.026770
0 0.428031 0.430486 0.025529 0.033633
0 0.437022 0.368686 0.082863 0.037926
0 0.418741 0.475046 0.045755 0.036602
0 0.287699 0.506754 0.068603 0.034570
0 0.498054 0.413717 0.027835 0.035217
0 0.488808 0.388617 0.023960 0.026368
0 0.730487 0.393801 0.034753 0.023110
0 0.466366 0.427424 0.029439 0.030025
0 0.059450 0.449961 0.043563 0.034485
0 0.453157 0.405937 0.029597 0.030479
0 0.279561 0.538887 0.065263 0.038059
0 0.644535 0.428481 0.044113 0.028001
0 0.148956 0.430316 0.042969 0.028980
0 0.242692 0.576526 0.072664 0.049504
0 0.457330 0.478192 0.046675 0.036713
0 0.529398 0.416570 0.031984 0.032504
0 0.216112 0.416936 0.040705 0.025790
0 0.404260 0.514304 0.066506 0.055776
0 0.101868 0.609921 0.093220 0.053476
0 0.422583 0.545458 0.058948 0.043436
0 0.305801 0.573242 0.069539 0.052828
0 0.345869 0.525767 0.045122 0.040637
0 0.155201 0.661172 0.089961 0.073924
0 0.097551 0.742573 0.094355 0.079877
