0 0.045266 0.663247 0.079811 0.067123
0 0.153112 0.623780 0.062436 0.060577
0 0.258126 0.480138 0.041156 0.048607
0 0.822793 0.425007 0.028575 0.025454
0 0.817616 0.446877 0.023086 0.029415
0 0.385893 0.421931 0.043849 0.024092
0 0.448084 0.416641 0.041729 0.026283
0 0.496630 0.402014 0.042752 0.020438
0 0.769072 0.441536 0.031053 0.033555
0 0.874562 0.454329 0.031551 0.029706
0 0.856438 0.427260 0.033301 0.027942
0 0.790650 0.497335 0.042328 0.034479
0 0.643647 0.548518 0.060014 0.042887
0 0.062716 0.480730 0.061969 0.038592
0 0.686165 0.408662 0.035069 0.023962
0 0.491268 0.607706 0.080416 0.058122
0 0.729900 0.590005 0.067562 0.052673
0 0.705972 0.549961 0.060614 0.045687
0 0.167931 0.529177 0.048198 0.046662
0 0.159506 0.450167 0.047571 0.031444
0 0.630206 0.396445 0.040698 0.022552
0 0.726484 0.401531 0.034215 0.015490
0 0.173785 0.465248 0.053165 0.037539
0 0.238944 0.434300 0.046592 0.030657
0 0.294542 0.439514 0.047181 0.026428
