0 0.318610 0.388171 0.037116 0.027073
0 0.426484 0.396609 0.024057 0.029087
0 0.413923 0.438136 0.029300 0.031495
0 0.389079 0.478548 0.066107 0.039034
0 0.378449 0.385186 0.038660 0.026770
0 0.429097 0.416389 0.022405 0.025066
0 0.391617 0.365343 0.099538 0.037926
0 0.431530 0.458287 0.036326 0.034084
0 0.323757 0.503176 0.062445 0.034570
0 0.477365 0.391266 0.023329 0.027410
0 0.448918 0.387071 0.020887 0.022939
0 0.297348 0.531203 0.065263 0.038059
0 0.258801 0.567551 0.072664 0.049504
0 0.500632 0.410616 0.035839 0.045335
0 0.230438 0.600198 0.093220 0.053476
0 0.475982 0.449048 0.034784 0.037849
0 0.368494 0.513534 0.053265 0.032362
0 0.150763 0.654107 0.085518 0.062118
0 0.239344 0.530624 0.052735 0.032987
0 0.127514 0.430475 0.046031 0.027908
0 0.446750 0.485942 0.046772 0.039577
0 0.381206 0.534299 0.049658 0.044735
0 0.121748 0.619915 0.089967 0.063701
0 0.050343 0.721690 0.100687 0.072574
0 0.186186 0.417668 0.046601 0.028133
0 0.155293 0.564705 0.074556 0.045716
0 0.240155 0.407540 0.043905 0.025507
0 0.474129 0.508469 0.073835 0.061036
0 0.058769 0.423482 0.050445 0.032860
0 0.328889 0.598502 0.067510 0.056862
0 0.174237 0.719075 0.097597 0.080505
