0 0.795398 0.414506 0.028967 0.022362
0 0.212391 0.535310 0.046960 0.047640
0 0.262145 0.467171 0.033608 0.035024
0 0.345017 0.425711 0.047344 0.026788
0 0.612487 0.411924 0.039800 0.025079
0 0.778641 0.419270 0.028265 0.028202
0 0.783356 0.458435 0.031163 0.029732
0 0.768872 0.486081 0.037514 0.038420
0 0.440902 0.416000 0.048656 0.026760
0 0.726585 0.401305 0.034215 0.018061
0 0.866307 0.463805 0.033751 0.036436
0 0.106323 0.477252 0.059423 0.028331
0 0.150838 0.456596 0.048813 0.030232
0 0.742323 0.523980 0.048930 0.041113
0 0.504548 0.410264 0.043615 0.023257
0 0.277270 0.436445 0.046680 0.023257
