0 0.432001 0.412873 0.025846 0.023078
0 0.393325 0.404297 0.034810 0.021811
0 0.433065 0.396180 0.029831 0.022157
0 0.477902 0.406605 0.025061 0.026952
0 0.415530 0.454683 0.033482 0.030149
0 0.394535 0.478086 0.050755 0.033311
0 0.336410 0.496221 0.054405 0.032421
0 0.264810 0.516418 0.069448 0.033868
0 0.797363 0.374886 0.030649 0.019197
0 0.728119 0.391809 0.031620 0.026087
0 0.024445 0.458868 0.048889 0.032205
0 0.676497 0.417584 0.037350 0.029083
0 0.670016 0.401486 0.040725 0.021619
0 0.617070 0.442406 0.030640 0.034099
0 0.099219 0.442039 0.041436 0.028067
0 0.236483 0.412341 0.054859 0.027561
0 0.582007 0.436728 0.043508 0.028930
0 0.311680 0.398080 0.046882 0.028245
0 0.550750 0.470987 0.053498 0.036663
0 0.452915 0.476138 0.055162 0.038872
0 0.348367 0.527735 0.068363 0.040586
0 0.426884 0.522898 0.058081 0.039793
0 0.238919 0.546661 0.066578 0.039957
0 0.382371 0.388410 0.040668 0.019874
0 0.443905 0.380164 0.038900 0.021143
0 0.265581 0.581862 0.076207 0.048631
0 0.174833 0.580172 0.083010 0.046514
0 0.060161 0.575310 0.072235 0.051588
0 0.504713 0.370861 0.030802 0.019874
0 0.171196 0.413950 0.044947 0.027908
0 0.095502 0.417945 0.039214 0.026806
