0 0.791516 0.437564 0.028314 0.025400
0 0.833505 0.434386 0.030785 0.027122
0 0.863574 0.449173 0.023097 0.030964
0 0.855694 0.429747 0.027394 0.024722
0 0.206559 0.603671 0.058669 0.062416
0 0.667524 0.510306 0.064095 0.038069
0 0.457025 0.563640 0.076693 0.050149
0 0.205036 0.546268 0.035464 0.042540
0 0.842917 0.472268 0.037142 0.028974
0 0.266314 0.458960 0.043772 0.033361
0 0.883197 0.468104 0.025724 0.031875
0 0.792545 0.475758 0.039838 0.030356
0 0.027015 0.664037 0.054029 0.064645
0 0.317740 0.436726 0.042690 0.025539
0 0.823369 0.487452 0.041399 0.028290
0 0.897630 0.558993 0.030047 0.038427
0 0.379209 0.421822 0.042382 0.022985
0 0.484254 0.411784 0.048578 0.025132
0 0.417149 0.408344 0.042996 0.019881
0 0.546895 0.409441 0.044241 0.023451
0 0.607317 0.408645 0.042377 0.024695
0 0.562059 0.397695 0.039236 0.017198
0 0.501272 0.397874 0.036053 0.021403
0 0.790054 0.501520 0.049675 0.032393
0 0.903148 0.503246 0.050027 0.033587
0 0.677064 0.411013 0.041854 0.019068
0 0.736702 0.413179 0.042639 0.019068
0 0.276336 0.431216 0.046805 0.022861
0 0.731376 0.540592 0.066246 0.038346
0 0.828418 0.517109 0.059226 0.035216
0 0.897296 0.540556 0.065988 0.035017
0 0.054963 0.476494 0.063676 0.039812
0 0.774941 0.414892 0.035031 0.018443
0 0.079856 0.597840 0.042986 0.048942
0 0.838870 0.412290 0.045227 0.027195
0 0.217836 0.464411 0.038691 0.031930
0 0.683425 0.571823 0.063302 0.045761
0 0.739690 0.510422 0.054107 0.038479
0 0.184217 0.495744 0.040703 0.043537
0 0.222566 0.432541 0.049834 0.028190
0 0.117381 0.615314 0.051766 0.065931
