0 0.336038 0.387109 0.037116 0.027073
0 0.426517 0.398464 0.024057 0.029876
0 0.414269 0.439329 0.029300 0.031495
0 0.386833 0.479748 0.066639 0.039034
0 0.388293 0.385379 0.038660 0.026770
0 0.429428 0.418481 0.022737 0.026172
0 0.400364 0.364798 0.095841 0.037926
0 0.430835 0.458539 0.038282 0.035915
0 0.321484 0.503762 0.063333 0.034570
0 0.478026 0.394766 0.023329 0.027410
0 0.449563 0.388903 0.020887 0.023515
0 0.295884 0.531419 0.065263 0.038059
0 0.258225 0.568163 0.072664 0.049504
0 0.500701 0.415237 0.037383 0.045335
0 0.217156 0.602499 0.093220 0.053476
0 0.475356 0.454720 0.036036 0.037849
0 0.363703 0.516303 0.053483 0.032362
0 0.148655 0.657108 0.085518 0.062118
0 0.236996 0.531470 0.052735 0.032987
0 0.127514 0.430475 0.046031 0.027908
0 0.439290 0.491045 0.047192 0.041580
0 0.368450 0.541811 0.048658 0.039629
0 0.105464 0.631822 0.091346 0.065504
0 0.048750 0.723485 0.097500 0.081388
0 0.186186 0.417668 0.046601 0.028133
0 0.154728 0.565418 0.074556 0.046243
0 0.246126 0.405803 0.043905 0.025507
0 0.420848 0.543392 0.085177 0.067953
0 0.136654 0.741156 0.101740 0.083435
