0 0.425397 0.386700 0.022394 0.026966
0 0.414748 0.424610 0.021655 0.031495
0 0.410605 0.467709 0.051109 0.037519
0 0.294821 0.392028 0.042997 0.026770
0 0.426378 0.406571 0.021515 0.022092
0 0.342583 0.367730 0.108600 0.042308
0 0.439362 0.442187 0.030433 0.032313
0 0.334442 0.500181 0.060060 0.034570
0 0.468841 0.376399 0.021491 0.021707
0 0.437575 0.374307 0.020887 0.021391
0 0.310899 0.527030 0.065263 0.038059
0 0.260852 0.565371 0.072664 0.049504
0 0.498710 0.405278 0.029665 0.045335
0 0.431442 0.533330 0.068415 0.045865
0 0.480136 0.439417 0.028415 0.034369
0 0.390683 0.499544 0.047132 0.032362
0 0.247712 0.527608 0.052735 0.032987
0 0.127514 0.430475 0.046031 0.027908
0 0.458130 0.476984 0.043971 0.034445
0 0.410464 0.515210 0.046947 0.036688
0 0.168065 0.595611 0.084451 0.056490
0 0.107414 0.687615 0.093425 0.071220
0 0.186186 0.417668 0.046601 0.028133
0 0.157307 0.562166 0.074556 0.043838
0 0.237170 0.408408 0.043905 0.025507
0 0.661412 0.412279 0.054190 0.043846
0 0.043516 0.431795 0.054187 0.033162
0 0.559131 0.469695 0.047863 0.031999
0 0.167527 0.692210 0.072332 0.055529
