0 0.422552 0.403393 0.026262 0.019370
0 0.373063 0.399615 0.037033 0.021811
0 0.423355 0.391830 0.029831 0.020859
0 0.447062 0.381119 0.026066 0.021258
0 0.425831 0.425552 0.027638 0.025587
0 0.455593 0.418483 0.023485 0.025329
0 0.462759 0.439315 0.033511 0.027831
0 0.430120 0.461719 0.045960 0.032895
0 0.502068 0.406144 0.027912 0.031314
0 0.473696 0.402144 0.024121 0.023617
0 0.382824 0.483286 0.052845 0.034325
0 0.495467 0.436057 0.033962 0.029810
0 0.315468 0.510103 0.060461 0.033162
0 0.149714 0.426553 0.050536 0.033198
0 0.226755 0.416319 0.047408 0.027900
0 0.289740 0.406110 0.041656 0.023811
0 0.813628 0.358524 0.064389 0.045075
0 0.216797 0.532185 0.069610 0.038793
0 0.461696 0.472393 0.042908 0.021851
0 0.525676 0.455929 0.044895 0.031043
0 0.347830 0.396809 0.040496 0.021686
0 0.601891 0.439519 0.041370 0.031724
0 0.135618 0.547140 0.073476 0.045180
0 0.534193 0.436151 0.031284 0.026847
0 0.473663 0.490360 0.054101 0.038830
0 0.522603 0.401873 0.024520 0.025024
0 0.415712 0.521786 0.064824 0.038580
0 0.395588 0.386755 0.034821 0.018341
0 0.050444 0.574391 0.081478 0.053995
0 0.538726 0.490172 0.047657 0.033332
0 0.058245 0.440743 0.054233 0.035635
0 0.310647 0.565740 0.081063 0.045251
0 0.289466 0.539100 0.075914 0.043583
0 0.199691 0.603692 0.087320 0.048167
0 0.064966 0.629093 0.091499 0.044388
0 0.064301 0.590332 0.081332 0.043763
