0 0.431367 0.412416 0.025923 0.022387
0 0.392457 0.404155 0.034810 0.021811
0 0.432521 0.395671 0.029831 0.021793
0 0.477848 0.405760 0.025061 0.025781
0 0.416623 0.452742 0.032918 0.029252
0 0.398768 0.476986 0.050755 0.033311
0 0.339290 0.495747 0.054405 0.032421
0 0.270545 0.517694 0.069448 0.034570
0 0.771708 0.382264 0.032807 0.023207
0 0.774871 0.363421 0.034460 0.018244
0 0.020110 0.461274 0.040219 0.032429
0 0.161990 0.426096 0.054859 0.027561
0 0.683549 0.397323 0.030665 0.024702
0 0.249178 0.407016 0.046882 0.028245
0 0.664910 0.422930 0.038298 0.029199
0 0.506920 0.433687 0.032207 0.035063
0 0.508540 0.472286 0.049726 0.033228
0 0.594247 0.439213 0.035779 0.028325
0 0.384812 0.508024 0.058935 0.035526
0 0.314016 0.399535 0.040668 0.021753
0 0.372711 0.390571 0.038900 0.021143
0 0.469998 0.505052 0.056147 0.042684
0 0.317672 0.543632 0.068469 0.041700
0 0.155318 0.545841 0.075776 0.039983
0 0.427036 0.385536 0.030802 0.019874
0 0.079343 0.435809 0.044947 0.027908
0 0.229862 0.585802 0.084187 0.046559
0 0.171192 0.571330 0.078233 0.045482
0 0.484567 0.373799 0.034508 0.018018
0 0.041306 0.433441 0.047906 0.025147
0 0.132624 0.609460 0.090330 0.056929
0 0.191277 0.404058 0.047716 0.022507
