0 0.440184 0.434641 0.025505 0.026111
0 0.410120 0.410697 0.032589 0.025281
0 0.448173 0.405764 0.033261 0.027745
0 0.423135 0.465974 0.052035 0.037968
0 0.179058 0.539220 0.072108 0.040918
0 0.020573 0.449849 0.041145 0.034674
0 0.122669 0.429827 0.045535 0.030142
0 0.191312 0.411176 0.040741 0.024858
0 0.257071 0.407280 0.046256 0.025878
0 0.296371 0.548763 0.072964 0.048205
0 0.413030 0.384600 0.041588 0.025371
0 0.452726 0.373346 0.033101 0.023341
0 0.388396 0.375693 0.033333 0.019282
0 0.069546 0.658213 0.046927 0.048712
