0 0.770147 0.428825 0.034272 0.025400
0 0.736987 0.497486 0.052091 0.038069
0 0.825804 0.427846 0.028815 0.026588
0 0.859354 0.436214 0.031626 0.030040
0 0.800801 0.463080 0.024371 0.027415
0 0.832361 0.453166 0.026682 0.028290
0 0.033524 0.494485 0.063402 0.032258
0 0.044679 0.709913 0.089357 0.081882
0 0.056538 0.478192 0.051706 0.024426
0 0.183675 0.457198 0.051716 0.031379
0 0.824130 0.480358 0.038636 0.032393
0 0.265790 0.459592 0.042256 0.036074
0 0.367153 0.426760 0.042639 0.023721
0 0.426318 0.419467 0.037976 0.020574
0 0.530440 0.408953 0.046000 0.027398
0 0.870705 0.461247 0.028670 0.031629
0 0.787979 0.495954 0.045892 0.032473
0 0.801487 0.521153 0.055719 0.034173
0 0.849030 0.499797 0.041728 0.033729
0 0.729058 0.526263 0.054992 0.035223
0 0.619957 0.413516 0.043849 0.021061
0 0.681230 0.410530 0.041729 0.026283
0 0.842791 0.534280 0.056820 0.034215
0 0.034379 0.660031 0.068757 0.069515
0 0.744549 0.411635 0.039224 0.020438
0 0.372127 0.639391 0.088045 0.068880
0 0.269985 0.430664 0.046490 0.035047
0 0.129076 0.460021 0.057976 0.038034
0 0.354246 0.709476 0.106135 0.077670
0 0.227674 0.799430 0.055138 0.054618
0 0.070312 0.829464 0.123972 0.097090
