0 0.793560 0.438749 0.028069 0.025400
0 0.835402 0.438140 0.030785 0.027122
0 0.863574 0.449173 0.023097 0.030964
0 0.856241 0.430517 0.027394 0.024722
0 0.277077 0.480368 0.030717 0.041989
0 0.589774 0.509784 0.064095 0.038700
0 0.256900 0.484976 0.042475 0.039300
0 0.261712 0.455058 0.026842 0.029425
0 0.242378 0.529558 0.045487 0.049616
0 0.152423 0.521495 0.043259 0.044932
0 0.842917 0.472268 0.037142 0.028974
0 0.302774 0.439554 0.043777 0.028928
0 0.882637 0.469503 0.025724 0.031875
0 0.791807 0.477788 0.039838 0.030356
0 0.348753 0.430172 0.051713 0.024757
0 0.134103 0.503048 0.041952 0.039646
0 0.397606 0.423090 0.042690 0.025539
0 0.819959 0.487206 0.041399 0.028290
0 0.862926 0.561058 0.030047 0.038427
0 0.273833 0.420964 0.047937 0.028556
0 0.453993 0.414272 0.042382 0.022507
0 0.548071 0.409574 0.048578 0.025132
0 0.089753 0.473979 0.057984 0.033994
0 0.519284 0.401604 0.038025 0.019881
0 0.943327 0.509033 0.055720 0.039099
0 0.617085 0.410651 0.044241 0.023451
0 0.849763 0.520042 0.059032 0.037072
0 0.813401 0.550355 0.063502 0.049710
0 0.730735 0.533632 0.060340 0.036476
0 0.684180 0.408410 0.042377 0.024695
0 0.679942 0.397191 0.039236 0.017198
0 0.619118 0.395776 0.036053 0.021403
0 0.653964 0.562180 0.077882 0.041716
0 0.558403 0.542339 0.070265 0.041052
0 0.674002 0.514223 0.064599 0.041856
0 0.541301 0.573720 0.072154 0.039387
0 0.734841 0.508151 0.060533 0.035650
0 0.385718 0.580915 0.076467 0.041592
0 0.732326 0.580482 0.075441 0.054015
0 0.754644 0.411482 0.041854 0.019068
0 0.824869 0.412870 0.042639 0.019068
0 0.764242 0.391709 0.036364 0.019381
0 0.418367 0.405499 0.046805 0.019364
0 0.211498 0.444504 0.046643 0.031520
0 0.165882 0.569169 0.074903 0.041394
0 0.175331 0.536756 0.070773 0.033760
0 0.353428 0.403402 0.041828 0.020318
0 0.197094 0.792244 0.117265 0.092115
0 0.196049 0.517605 0.046616 0.054171
0 0.190641 0.481893 0.048684 0.039340
