0 0.774029 0.493188 0.044861 0.032653
0 0.812020 0.413185 0.042967 0.027670
0 0.820588 0.502339 0.047296 0.035796
0 0.569178 0.527578 0.065650 0.043840
0 0.172392 0.531329 0.073183 0.039540
0 0.074273 0.557257 0.071555 0.048614
0 0.875488 0.415620 0.039031 0.022023
0 0.859222 0.402986 0.040107 0.023986
0 0.471086 0.404446 0.042825 0.036947
0 0.923463 0.407201 0.041741 0.028520
0 0.426634 0.408497 0.044452 0.028520
0 0.110052 0.586749 0.039031 0.035650
0 0.706182 0.417761 0.044237 0.030197
0 0.391355 0.423523 0.046373 0.030894
0 0.655002 0.410716 0.044059 0.023382
0 0.553128 0.406064 0.041615 0.027766
