0 0.428690 0.410484 0.026252 0.019464
0 0.391960 0.404010 0.034810 0.021811
0 0.433137 0.393962 0.029831 0.020859
0 0.475722 0.402790 0.025061 0.024105
0 0.426802 0.431075 0.028057 0.026956
0 0.456208 0.432644 0.028477 0.027815
0 0.441502 0.453394 0.035137 0.029448
0 0.397969 0.480016 0.059397 0.033776
0 0.021479 0.446338 0.042958 0.027561
0 0.063572 0.450149 0.056495 0.036104
0 0.511326 0.419192 0.027912 0.031314
0 0.482113 0.439097 0.026565 0.026046
0 0.159166 0.427470 0.042863 0.024774
0 0.225984 0.413503 0.040929 0.027798
0 0.321317 0.503820 0.064539 0.039976
0 0.290891 0.408372 0.035185 0.021010
0 0.475691 0.462278 0.041327 0.025866
0 0.352381 0.395212 0.038398 0.024661
0 0.708519 0.408434 0.033610 0.023957
0 0.471431 0.481097 0.057389 0.035416
0 0.195109 0.545217 0.068314 0.040530
0 0.659775 0.412405 0.031988 0.025207
0 0.413349 0.384379 0.039559 0.024735
0 0.385212 0.511701 0.065672 0.041633
0 0.588439 0.444279 0.041709 0.027198
0 0.510374 0.492825 0.054659 0.038139
0 0.178737 0.411472 0.047402 0.025883
0 0.295172 0.541116 0.067990 0.044295
0 0.407766 0.533814 0.061264 0.039422
0 0.065086 0.583578 0.066507 0.041250
0 0.226136 0.580372 0.077603 0.051410
0 0.340738 0.573493 0.061232 0.041236
0 0.074001 0.419135 0.042456 0.028883
0 0.103866 0.634483 0.091533 0.054222
0 0.101132 0.596348 0.082022 0.037403
0 0.499488 0.371526 0.041211 0.020839
