0 0.790443 0.436941 0.028443 0.025400
0 0.832509 0.432414 0.030785 0.027122
0 0.861540 0.445155 0.023097 0.030964
0 0.855406 0.429342 0.027394 0.024722
0 0.674673 0.509220 0.064095 0.038069
0 0.679949 0.565178 0.076693 0.050149
0 0.102880 0.686152 0.077058 0.071769
0 0.843848 0.463625 0.037142 0.028974
0 0.239592 0.485318 0.036995 0.037605
0 0.883491 0.467369 0.025724 0.031875
0 0.794259 0.473785 0.039838 0.030356
0 0.281383 0.464909 0.034560 0.035869
0 0.826481 0.485176 0.041399 0.028290
0 0.250364 0.443300 0.044462 0.028872
0 0.382363 0.422666 0.048578 0.025132
0 0.307930 0.426926 0.051210 0.026554
0 0.441032 0.414586 0.044247 0.023451
0 0.500688 0.410729 0.042377 0.024695
0 0.795108 0.499239 0.049675 0.032393
0 0.607967 0.410221 0.041854 0.019068
0 0.678226 0.413445 0.042639 0.019068
0 0.087006 0.480177 0.065048 0.031881
0 0.873061 0.514229 0.056353 0.036460
0 0.738675 0.414685 0.035031 0.018443
0 0.813952 0.413203 0.045227 0.027195
0 0.204394 0.480000 0.038694 0.035166
0 0.805350 0.534532 0.050348 0.038706
0 0.742610 0.509996 0.054107 0.038479
0 0.168536 0.519296 0.044754 0.047313
0 0.351065 0.539702 0.066609 0.039457
0 0.459655 0.550202 0.076622 0.037704
0 0.146711 0.459167 0.054482 0.030529
0 0.237595 0.434345 0.044980 0.024970
