0 0.559843 0.568929 0.057022 0.051768
0 0.281891 0.450200 0.051002 0.033729
0 0.405297 0.408276 0.035576 0.030320
0 0.026153 0.679733 0.052307 0.070861
0 0.401888 0.546580 0.065836 0.062357
0 0.687468 0.563242 0.074885 0.054714
0 0.763995 0.540689 0.059926 0.047888
0 0.633104 0.539321 0.061686 0.048401
0 0.707103 0.522476 0.057997 0.041477
0 0.777026 0.477545 0.039088 0.034420
0 0.820497 0.522105 0.058947 0.046296
0 0.024500 0.479230 0.049000 0.043242
0 0.226933 0.498825 0.064313 0.068621
0 0.880424 0.499185 0.059311 0.039983
0 0.368339 0.422303 0.053766 0.031566
0 0.507603 0.410604 0.045846 0.032269
0 0.890579 0.455644 0.037047 0.039983
0 0.861574 0.429638 0.035276 0.031566
0 0.780189 0.431973 0.034636 0.032618
0 0.819099 0.438175 0.041446 0.032618
0 0.676308 0.413930 0.044059 0.023382
0 0.567212 0.404816 0.041615 0.027766
