0 0.375353 0.392212 0.040585 0.027073
0 0.424160 0.409055 0.024057 0.031306
0 0.407459 0.456839 0.039319 0.031495
0 0.387341 0.377034 0.037615 0.022131
0 0.072207 0.448560 0.043093 0.029474
0 0.341118 0.495779 0.073691 0.044685
0 0.419966 0.390704 0.038660 0.026770
0 0.428454 0.435038 0.025529 0.033633
0 0.463400 0.380658 0.073679 0.056641
0 0.410411 0.484841 0.049783 0.038621
0 0.270408 0.517178 0.068603 0.037117
0 0.494877 0.440728 0.029556 0.036503
0 0.502770 0.417098 0.023960 0.026368
0 0.331592 0.530979 0.052279 0.037223
0 0.640720 0.428424 0.041319 0.030803
0 0.464485 0.442112 0.029439 0.030025
0 0.133065 0.434485 0.039654 0.026049
0 0.456233 0.413359 0.029605 0.030940
0 0.268653 0.545902 0.067873 0.043165
0 0.516917 0.457381 0.032900 0.036427
0 0.208610 0.418435 0.042969 0.028980
0 0.039058 0.432209 0.049768 0.025855
0 0.226375 0.586725 0.084675 0.049504
0 0.384837 0.528324 0.060233 0.045913
0 0.492992 0.505073 0.058213 0.041341
0 0.278400 0.404604 0.037939 0.025790
0 0.298600 0.583209 0.085831 0.074002
0 0.148129 0.656341 0.087307 0.075138
