0 0.424254 0.405370 0.026262 0.019370
0 0.378963 0.400966 0.036363 0.021811
0 0.429585 0.394403 0.029831 0.020859
0 0.469071 0.397791 0.026390 0.023642
0 0.426204 0.427082 0.027638 0.025587
0 0.456862 0.423327 0.024285 0.025267
0 0.454401 0.444923 0.033511 0.027831
0 0.420778 0.466964 0.052780 0.033776
0 0.510032 0.417223 0.027912 0.031314
0 0.481504 0.415916 0.024121 0.023617
0 0.366192 0.488768 0.059961 0.032693
0 0.485207 0.449342 0.033962 0.029810
0 0.050385 0.452555 0.046225 0.036289
0 0.294147 0.514934 0.060461 0.035873
0 0.207755 0.416337 0.047358 0.037363
0 0.755646 0.372016 0.029940 0.021224
0 0.017656 0.453571 0.035312 0.033236
0 0.291086 0.406491 0.048264 0.027693
0 0.353767 0.394138 0.039586 0.027713
0 0.660078 0.418419 0.093288 0.066910
0 0.208142 0.537102 0.070412 0.043414
0 0.577199 0.474187 0.046380 0.032115
0 0.311092 0.530563 0.055797 0.033599
0 0.406024 0.499784 0.056686 0.035895
0 0.412585 0.383591 0.036626 0.016148
0 0.468753 0.498039 0.022340 0.032901
0 0.362787 0.533630 0.066871 0.042770
0 0.130256 0.550346 0.073476 0.045180
0 0.554153 0.457572 0.041107 0.027803
0 0.477706 0.475307 0.049730 0.029665
0 0.258776 0.573926 0.087385 0.053296
0 0.531444 0.408620 0.023194 0.025024
0 0.172103 0.592311 0.083563 0.049389
0 0.368316 0.584863 0.024846 0.041052
0 0.161867 0.649206 0.082526 0.054951
