0 0.789340 0.436301 0.028575 0.025400
0 0.831485 0.430389 0.030785 0.027122
0 0.859422 0.440971 0.023097 0.030964
0 0.855111 0.428927 0.027394 0.024722
0 0.682018 0.508105 0.064095 0.038069
0 0.848208 0.533184 0.071998 0.038720
0 0.840153 0.455151 0.037142 0.028974
0 0.209660 0.521242 0.042075 0.048012
0 0.883793 0.466614 0.025724 0.031875
0 0.796569 0.471383 0.039838 0.030356
0 0.266163 0.498158 0.035721 0.046370
0 0.829679 0.482838 0.041399 0.028290
0 0.306081 0.438325 0.050707 0.030191
0 0.253040 0.458983 0.034757 0.034639
0 0.357330 0.424895 0.046388 0.023451
0 0.424159 0.415294 0.042377 0.024695
0 0.800300 0.496896 0.049675 0.032393
0 0.495284 0.412247 0.041854 0.019068
0 0.555491 0.410595 0.042639 0.023721
0 0.631470 0.412865 0.035031 0.018443
0 0.700264 0.410029 0.045227 0.027195
0 0.197253 0.491825 0.038700 0.041084
0 0.858317 0.496641 0.041462 0.033816
0 0.745611 0.509559 0.054107 0.038479
0 0.144489 0.559210 0.052163 0.054221
0 0.656310 0.534057 0.066609 0.039457
0 0.748574 0.530721 0.068594 0.037462
0 0.150139 0.488394 0.044144 0.041919
0 0.444950 0.542553 0.062240 0.038057
0 0.775570 0.414958 0.043849 0.018620
0 0.831863 0.414360 0.041729 0.026640
0 0.290497 0.548670 0.077093 0.038057
0 0.217470 0.582033 0.078508 0.043131
0 0.212281 0.448158 0.043144 0.030022
