0 0.378269 0.392265 0.036451 0.027073
0 0.427989 0.421051 0.024057 0.031306
0 0.064324 0.452314 0.049507 0.024876
0 0.390821 0.473197 0.051511 0.031495
0 0.387341 0.377034 0.037615 0.022131
0 0.136527 0.433883 0.040134 0.022893
0 0.313527 0.506153 0.073691 0.044685
0 0.417706 0.387916 0.024549 0.024435
0 0.667260 0.397677 0.037840 0.026178
0 0.446411 0.403214 0.026886 0.026779
0 0.424826 0.454001 0.040764 0.033633
0 0.495501 0.402161 0.055171 0.068393
0 0.383950 0.504848 0.061154 0.046733
0 0.232538 0.527963 0.068603 0.040938
0 0.456520 0.479327 0.046347 0.038620
0 0.501460 0.451734 0.036802 0.032119
0 0.300754 0.545861 0.066655 0.043428
0 0.502113 0.495926 0.060671 0.043916
0 0.454501 0.460069 0.034223 0.029116
0 0.221237 0.415407 0.037203 0.026049
0 0.463672 0.426247 0.029610 0.031259
0 0.238257 0.562475 0.068940 0.045254
0 0.406036 0.534844 0.062849 0.055096
0 0.287030 0.399142 0.034305 0.026111
0 0.147866 0.417814 0.040814 0.025109
0 0.127499 0.643509 0.093500 0.071645
0 0.084395 0.732763 0.132512 0.115684
