0 0.309895 0.388701 0.037116 0.027073
0 0.426416 0.392782 0.024057 0.027459
0 0.415444 0.432733 0.023839 0.031495
0 0.400658 0.473454 0.057328 0.039034
0 0.336044 0.387571 0.041758 0.026770
0 0.428415 0.412073 0.021722 0.022784
0 0.364767 0.365696 0.102949 0.037926
0 0.435698 0.451179 0.031838 0.032557
0 0.328446 0.501966 0.060614 0.034570
0 0.473793 0.384320 0.023329 0.023845
0 0.447587 0.383293 0.020887 0.021751
0 0.300367 0.530757 0.065263 0.038059
0 0.259988 0.566289 0.072664 0.049504
0 0.498139 0.407893 0.029665 0.045335
0 0.317172 0.580351 0.091999 0.053582
0 0.479328 0.444135 0.029081 0.036073
0 0.380813 0.506529 0.049663 0.032362
0 0.170796 0.641851 0.083665 0.062279
0 0.244189 0.528878 0.052735 0.032987
0 0.127514 0.430475 0.046031 0.027908
0 0.455730 0.478814 0.045139 0.035625
0 0.404944 0.519486 0.049412 0.044004
0 0.161279 0.599069 0.084451 0.056490
0 0.062518 0.711550 0.098390 0.072240
0 0.186186 0.417668 0.046601 0.028133
0 0.156459 0.563235 0.074556 0.044628
0 0.237170 0.408408 0.043905 0.025507
0 0.592572 0.449666 0.063936 0.046889
0 0.046432 0.429881 0.053134 0.032860
0 0.465375 0.522558 0.052931 0.045357
0 0.104708 0.733765 0.098448 0.071572
