0 0.375534 0.392225 0.040648 0.027073
0 0.424137 0.409123 0.024057 0.031306
0 0.407710 0.457477 0.039319 0.031495
0 0.387341 0.377034 0.037615 0.022131
0 0.074240 0.448187 0.042353 0.027828
0 0.340449 0.496179 0.073691 0.044685
0 0.420367 0.390642 0.038660 0.026770
0 0.428471 0.435220 0.025529 0.033633
0 0.464508 0.381377 0.072972 0.058081
0 0.409587 0.485422 0.050237 0.038958
0 0.269613 0.517566 0.068603 0.037542
0 0.494456 0.441903 0.029759 0.036654
0 0.502782 0.418140 0.023960 0.026368
0 0.330755 0.531692 0.052279 0.037999
0 0.636744 0.430338 0.041630 0.030926
0 0.464376 0.442739 0.029439 0.030025
0 0.135058 0.433977 0.039654 0.026049
0 0.456382 0.413720 0.029605 0.030976
0 0.268180 0.546209 0.067991 0.043397
0 0.514811 0.459909 0.033950 0.036242
0 0.210975 0.417900 0.042969 0.028980
0 0.043166 0.431405 0.049768 0.025855
0 0.224765 0.587250 0.084675 0.049504
0 0.381533 0.530550 0.060233 0.045913
0 0.486098 0.508566 0.058993 0.042446
0 0.280920 0.404023 0.037776 0.025790
0 0.293487 0.585681 0.085831 0.074002
0 0.142463 0.659384 0.090426 0.075921
