0 0.365754 0.391516 0.037273 0.027073
0 0.425374 0.405423 0.024057 0.031306
0 0.413700 0.447392 0.033723 0.031495
0 0.369478 0.487689 0.066639 0.039034
0 0.408378 0.388518 0.038660 0.026770
0 0.427472 0.427617 0.024788 0.031790
0 0.420525 0.365020 0.084070 0.037926
0 0.423515 0.469618 0.039015 0.036602
0 0.299657 0.507043 0.068603 0.034570
0 0.480747 0.388068 0.023692 0.027920
0 0.466427 0.420369 0.025313 0.028259
0 0.452126 0.401137 0.026654 0.029161
0 0.284343 0.536553 0.065263 0.038059
0 0.707277 0.403623 0.038251 0.023701
0 0.015430 0.463950 0.030861 0.028868
0 0.250672 0.571351 0.072664 0.049504
0 0.475288 0.453552 0.032771 0.027454
0 0.507530 0.394774 0.030574 0.028860
0 0.117154 0.439613 0.040705 0.025790
0 0.454407 0.480934 0.059879 0.052021
0 0.135893 0.608550 0.093220 0.053476
0 0.615394 0.444501 0.042213 0.030197
0 0.399253 0.520027 0.057860 0.038413
0 0.351802 0.521699 0.047840 0.033349
0 0.489971 0.507567 0.045629 0.037178
0 0.112624 0.680259 0.093492 0.070076
0 0.198733 0.408110 0.035075 0.025268
0 0.321686 0.569078 0.077647 0.054408
0 0.166034 0.709740 0.095271 0.106225
