0 0.430201 0.411575 0.026066 0.021114
0 0.390860 0.403895 0.034810 0.021811
0 0.431519 0.394733 0.029831 0.021123
0 0.477470 0.404292 0.025061 0.024105
0 0.418344 0.446773 0.032112 0.027967
0 0.430317 0.466657 0.045098 0.033311
0 0.373501 0.490796 0.050337 0.030526
0 0.305760 0.506687 0.063808 0.029638
0 0.081019 0.441868 0.058621 0.027561
0 0.153341 0.426420 0.050964 0.028245
0 0.511492 0.423788 0.027912 0.033201
0 0.724762 0.394450 0.033744 0.023126
0 0.482226 0.453951 0.034394 0.026724
0 0.224636 0.414951 0.042863 0.024774
0 0.276918 0.406713 0.038900 0.021143
0 0.690921 0.412623 0.035005 0.023938
0 0.599710 0.437172 0.044118 0.028928
0 0.209358 0.532109 0.075523 0.036594
0 0.330076 0.399724 0.033249 0.021010
0 0.538106 0.467806 0.049949 0.031350
0 0.419501 0.497482 0.052438 0.034978
0 0.387489 0.388080 0.034840 0.018592
0 0.422958 0.381376 0.036108 0.023638
0 0.463250 0.500846 0.055343 0.039866
0 0.490219 0.514970 0.062095 0.038882
0 0.311355 0.531406 0.068762 0.036797
0 0.102576 0.568516 0.075011 0.040530
0 0.316961 0.565393 0.065624 0.042992
0 0.087756 0.420391 0.038708 0.023189
0 0.505842 0.371881 0.039559 0.027402
0 0.214952 0.565901 0.080892 0.053278
0 0.185478 0.399472 0.038471 0.021381
0 0.147169 0.621642 0.097441 0.056493
