0 0.411441 0.393338 0.021047 0.029142
0 0.428220 0.439140 0.032387 0.033927
0 0.298994 0.375002 0.110754 0.044187
0 0.428729 0.414834 0.028843 0.025888
0 0.357571 0.487136 0.060060 0.030449
0 0.364815 0.507800 0.063165 0.038059
0 0.295451 0.543459 0.072664 0.049504
0 0.477570 0.376521 0.033381 0.031036
0 0.632477 0.439282 0.045388 0.028492
0 0.467975 0.401544 0.026830 0.030800
0 0.418728 0.470329 0.034700 0.032362
0 0.356280 0.543919 0.059871 0.046782
0 0.263550 0.522138 0.052735 0.032987
0 0.127514 0.430475 0.046031 0.027908
0 0.459561 0.476984 0.041109 0.034445
0 0.414591 0.513618 0.046947 0.036688
0 0.199626 0.579473 0.082833 0.053860
0 0.275525 0.585726 0.072642 0.051740
0 0.186186 0.417668 0.046601 0.028133
0 0.180902 0.553584 0.074556 0.043113
0 0.237170 0.408408 0.043905 0.025507
0 0.034360 0.435116 0.054070 0.034759
0 0.552480 0.469707 0.042990 0.033413
0 0.413924 0.549705 0.055769 0.042634
0 0.147015 0.734676 0.096889 0.081641
