0 0.681779 0.521102 0.054105 0.039379
0 0.101216 0.603858 0.064816 0.071145
0 0.682092 0.553582 0.063585 0.043079
0 0.633733 0.390634 0.038816 0.023680
0 0.795441 0.429844 0.041465 0.029952
0 0.338820 0.503913 0.023894 0.040188
0 0.280037 0.471763 0.022671 0.029958
0 0.333392 0.414297 0.038235 0.031968
0 0.836506 0.548611 0.060797 0.042986
0 0.830719 0.491114 0.040265 0.041778
0 0.849732 0.457920 0.029951 0.036462
0 0.744022 0.506154 0.061686 0.035794
0 0.770169 0.459425 0.031991 0.034942
0 0.675161 0.394166 0.035139 0.019888
0 0.862137 0.437209 0.036069 0.032159
0 0.494731 0.410861 0.045846 0.026842
0 0.830812 0.408046 0.031942 0.028847
0 0.735746 0.410228 0.040639 0.027693
0 0.666838 0.412646 0.044059 0.023382
0 0.563586 0.405137 0.041615 0.027766
