0 0.776526 0.437020 0.022165 0.030989
0 0.792190 0.421686 0.024371 0.030227
0 0.164612 0.553012 0.049970 0.049957
0 0.243224 0.517770 0.039427 0.040843
0 0.298378 0.442496 0.045941 0.039296
0 0.819241 0.421296 0.027051 0.030294
0 0.848204 0.454522 0.028575 0.034173
0 0.827834 0.404035 0.024018 0.026148
0 0.817208 0.468100 0.026681 0.033471
0 0.403729 0.422897 0.043849 0.022227
0 0.463275 0.414364 0.041729 0.026283
0 0.848005 0.424742 0.030574 0.028691
0 0.521671 0.407625 0.040581 0.020438
0 0.778033 0.465981 0.033113 0.035707
0 0.048617 0.643519 0.085496 0.088437
0 0.890739 0.479787 0.031551 0.035148
0 0.886205 0.449630 0.039298 0.033821
0 0.800875 0.528554 0.027276 0.034323
0 0.737208 0.526880 0.052006 0.041454
0 0.104512 0.469086 0.050966 0.031968
0 0.488480 0.603337 0.094412 0.057825
0 0.180428 0.448316 0.045025 0.032982
0 0.705354 0.414973 0.035069 0.023962
0 0.259589 0.699122 0.096860 0.071832
0 0.500879 0.670701 0.087797 0.070611
0 0.223927 0.468054 0.041276 0.036220
0 0.233412 0.428851 0.047571 0.031444
0 0.289454 0.749921 0.112956 0.080245
