0 0.432735 0.413403 0.025756 0.023880
0 0.394331 0.404461 0.034810 0.021811
0 0.433695 0.396770 0.029831 0.022579
0 0.477965 0.407585 0.025061 0.028309
0 0.414264 0.456933 0.034135 0.031189
0 0.398942 0.480221 0.050755 0.033311
0 0.333072 0.496772 0.054405 0.032421
0 0.258163 0.514938 0.069448 0.033055
0 0.726785 0.385309 0.028994 0.024101
0 0.762624 0.389980 0.032737 0.023347
0 0.695851 0.412561 0.036230 0.025030
0 0.654373 0.409405 0.035343 0.029542
0 0.604419 0.441071 0.045314 0.030061
0 0.139939 0.430045 0.051535 0.030728
0 0.115345 0.408662 0.050274 0.032064
0 0.544582 0.471941 0.051020 0.040601
0 0.506390 0.460515 0.052520 0.031768
0 0.491255 0.496899 0.046208 0.039402
0 0.215830 0.414768 0.039841 0.025524
0 0.320607 0.398275 0.045581 0.022924
0 0.420761 0.505764 0.059894 0.038286
0 0.405839 0.381158 0.041582 0.023609
0 0.377284 0.542181 0.069471 0.047965
0 0.253610 0.542960 0.078441 0.046427
0 0.075944 0.434605 0.045619 0.025371
0 0.024793 0.430072 0.049586 0.024926
0 0.136115 0.591885 0.082859 0.048205
0 0.157838 0.619423 0.081425 0.050339
0 0.042512 0.590160 0.076121 0.042285
