0 0.789752 0.436540 0.028526 0.025400
0 0.831868 0.431145 0.030785 0.027122
0 0.860213 0.442533 0.023097 0.030964
0 0.855221 0.429082 0.027394 0.024722
0 0.679276 0.508521 0.064095 0.038069
0 0.795281 0.539487 0.074538 0.040244
0 0.841532 0.458315 0.037142 0.028974
0 0.221958 0.505896 0.039580 0.042900
0 0.883680 0.466896 0.025724 0.031875
0 0.795707 0.472280 0.039838 0.030356
0 0.271156 0.486329 0.033231 0.042750
0 0.828485 0.483711 0.041399 0.028290
0 0.102208 0.480340 0.056495 0.033098
0 0.326110 0.433947 0.049416 0.027125
0 0.265968 0.445086 0.044104 0.030822
0 0.379835 0.421397 0.046388 0.023451
0 0.443288 0.414217 0.042377 0.024695
0 0.798362 0.497771 0.049675 0.032393
0 0.534892 0.410632 0.041854 0.019068
0 0.599375 0.410595 0.042639 0.023721
0 0.951655 0.493048 0.056353 0.036460
0 0.678954 0.413672 0.035031 0.018443
0 0.750899 0.411106 0.045227 0.027195
0 0.199919 0.487410 0.038698 0.038875
0 0.853685 0.499030 0.043914 0.035398
0 0.744491 0.509722 0.054107 0.038479
0 0.153466 0.544309 0.049397 0.051642
0 0.585288 0.537139 0.066609 0.039457
0 0.680984 0.537014 0.073614 0.037704
0 0.188483 0.463112 0.045768 0.031642
0 0.285076 0.542064 0.062240 0.038057
0 0.820353 0.414958 0.043849 0.018620
0 0.873946 0.414629 0.041729 0.026640
0 0.102430 0.555472 0.077093 0.038057
0 0.243851 0.433359 0.043144 0.030022
