0 0.792716 0.410635 0.028967 0.022362
0 0.079531 0.652177 0.074513 0.067842
0 0.214539 0.518679 0.040054 0.047080
0 0.300529 0.442752 0.047061 0.028564
0 0.604629 0.412237 0.039800 0.025079
0 0.769069 0.414167 0.028265 0.028202
0 0.787108 0.438859 0.031163 0.029732
0 0.785358 0.464199 0.029783 0.037070
0 0.390725 0.422189 0.048656 0.026760
0 0.726618 0.401232 0.034215 0.018893
0 0.859033 0.441643 0.027388 0.029372
0 0.093180 0.470766 0.052180 0.033633
0 0.803032 0.484930 0.035017 0.035742
0 0.457160 0.416959 0.043615 0.023257
0 0.246616 0.461384 0.040964 0.034947
0 0.559746 0.406245 0.037167 0.024103
0 0.509112 0.407709 0.044594 0.030445
