0 0.796280 0.440327 0.027743 0.025400
0 0.837890 0.443117 0.030785 0.027122
0 0.864454 0.450718 0.025272 0.032579
0 0.856970 0.431542 0.027394 0.024722
0 0.282346 0.465329 0.031893 0.034984
0 0.338971 0.506226 0.058853 0.048883
0 0.252863 0.480312 0.033225 0.036889
0 0.265843 0.451123 0.034692 0.025824
0 0.256058 0.439907 0.044259 0.031253
0 0.255482 0.512914 0.043055 0.046720
0 0.803534 0.465398 0.029475 0.030056
0 0.369162 0.422068 0.044596 0.029909
0 0.162940 0.508829 0.041082 0.042255
0 0.842917 0.472268 0.037142 0.028974
0 0.081250 0.471500 0.055351 0.031062
0 0.430920 0.417484 0.040957 0.021360
0 0.972162 0.509846 0.042126 0.036215
0 0.861545 0.493023 0.043816 0.032408
0 0.785381 0.480007 0.040845 0.030879
0 0.498787 0.413159 0.046743 0.024757
0 0.903593 0.521325 0.059615 0.039011
0 0.142155 0.491563 0.042083 0.037612
0 0.555904 0.407796 0.041155 0.026241
0 0.606804 0.411242 0.039432 0.024226
0 0.805130 0.530233 0.067899 0.039413
0 0.738200 0.503633 0.063770 0.039669
0 0.814335 0.555446 0.063138 0.040512
0 0.713186 0.527526 0.071526 0.042763
0 0.626179 0.528372 0.066677 0.036299
0 0.737185 0.556368 0.035778 0.038030
0 0.722825 0.583222 0.031622 0.043753
0 0.676930 0.410420 0.040780 0.022953
0 0.705692 0.391653 0.043611 0.020579
0 0.433950 0.401049 0.041392 0.025360
0 0.531927 0.574989 0.076345 0.041052
0 0.493543 0.536513 0.064077 0.036719
0 0.395707 0.572868 0.075293 0.041052
0 0.754701 0.413311 0.042382 0.022507
0 0.866590 0.416918 0.041350 0.025132
0 0.649552 0.394901 0.047088 0.023632
0 0.146840 0.464663 0.056813 0.027372
0 0.516319 0.400117 0.047370 0.019156
0 0.812736 0.405816 0.041441 0.019881
0 0.802826 0.389401 0.039245 0.019881
0 0.204077 0.441926 0.044547 0.027008
0 0.211031 0.544143 0.113564 0.062268
0 0.123144 0.580460 0.081261 0.046525
0 0.393506 0.401518 0.040782 0.021006
0 0.077086 0.538291 0.061801 0.033010
0 0.305837 0.429397 0.044233 0.029953
0 0.381223 0.713433 0.105438 0.086452
0 0.410317 0.522078 0.067204 0.037461
0 0.181813 0.801699 0.124095 0.103475
0 0.203933 0.509107 0.045670 0.050683
0 0.196671 0.477892 0.048011 0.036659
