0 0.354966 0.386524 0.037116 0.027073
0 0.426073 0.403333 0.024057 0.031306
0 0.415844 0.444772 0.029300 0.031495
0 0.378783 0.484395 0.066639 0.039034
0 0.401628 0.386864 0.038660 0.026770
0 0.427562 0.426401 0.023337 0.028178
0 0.418024 0.364316 0.087016 0.037926
0 0.428135 0.464731 0.039015 0.036602
0 0.311111 0.506437 0.067382 0.034570
0 0.470494 0.411588 0.023329 0.027410
0 0.452509 0.397260 0.020887 0.026145
0 0.289552 0.534010 0.065263 0.038059
0 0.254621 0.570261 0.072664 0.049504
0 0.490750 0.424335 0.027210 0.023420
0 0.478742 0.455160 0.049000 0.047570
0 0.164638 0.608212 0.093220 0.053476
0 0.721333 0.397711 0.034685 0.026094
0 0.437744 0.496029 0.051083 0.037849
0 0.354906 0.519918 0.049721 0.029376
0 0.671100 0.418889 0.035962 0.027754
0 0.143015 0.661347 0.091746 0.062118
0 0.082345 0.435964 0.035075 0.025268
0 0.200231 0.540107 0.062622 0.040512
0 0.168651 0.420422 0.039738 0.027908
0 0.370392 0.538735 0.067772 0.044559
0 0.316355 0.583960 0.060494 0.047431
0 0.058628 0.670206 0.097622 0.058357
0 0.042372 0.728703 0.084745 0.079403
0 0.273690 0.395364 0.037149 0.028133
0 0.163363 0.718148 0.094452 0.075517
0 0.057017 0.804823 0.105689 0.103626
