0 0.364429 0.390870 0.037116 0.027073
0 0.425477 0.405115 0.024057 0.031306
0 0.414141 0.447075 0.032910 0.031495
0 0.370944 0.487224 0.066639 0.039034
0 0.407551 0.388243 0.038660 0.026770
0 0.427365 0.427601 0.024522 0.031127
0 0.420156 0.364916 0.084505 0.037926
0 0.424283 0.468921 0.039015 0.036602
0 0.301579 0.507089 0.068603 0.034570
0 0.466427 0.419425 0.024599 0.027953
0 0.452285 0.400677 0.025595 0.028686
0 0.285112 0.536178 0.065263 0.038059
0 0.251255 0.571190 0.072664 0.049504
0 0.476093 0.450715 0.030618 0.025250
0 0.502532 0.393182 0.033932 0.028244
0 0.092831 0.443041 0.041214 0.026117
0 0.457074 0.478965 0.059879 0.052021
0 0.139789 0.608433 0.093220 0.053476
0 0.641074 0.432877 0.039500 0.027934
0 0.405618 0.516787 0.055420 0.037802
0 0.352470 0.521145 0.047840 0.032087
0 0.522581 0.492400 0.042030 0.034383
0 0.130768 0.669071 0.094581 0.067211
0 0.180347 0.414472 0.035075 0.025268
0 0.050149 0.569960 0.064035 0.040512
0 0.279460 0.393066 0.035947 0.027908
0 0.331277 0.563377 0.074092 0.050862
0 0.049826 0.677842 0.097622 0.074674
0 0.092610 0.768189 0.095815 0.097228
