0 0.796927 0.440702 0.027665 0.025400
0 0.837670 0.443862 0.030785 0.027122
0 0.864771 0.451275 0.026056 0.033161
0 0.857143 0.431786 0.027394 0.024722
0 0.283599 0.461752 0.032173 0.033318
0 0.332171 0.503397 0.054943 0.048883
0 0.251903 0.479203 0.031025 0.036315
0 0.290552 0.442929 0.037018 0.024757
0 0.348431 0.427903 0.044259 0.031253
0 0.258599 0.508956 0.042477 0.046031
0 0.803534 0.465398 0.029475 0.030056
0 0.425474 0.412604 0.052111 0.025778
0 0.163805 0.508054 0.041082 0.042255
0 0.842917 0.472268 0.037142 0.028974
0 0.251459 0.424867 0.045634 0.025073
0 0.107163 0.464680 0.047392 0.032194
0 0.492926 0.414039 0.040957 0.021360
0 0.957557 0.514368 0.052359 0.032863
0 0.924385 0.493710 0.057432 0.035301
0 0.840204 0.532689 0.059572 0.036215
0 0.748919 0.520052 0.059953 0.032408
0 0.717235 0.499238 0.052406 0.032969
0 0.571832 0.413375 0.046743 0.024757
0 0.174332 0.456380 0.049147 0.035560
0 0.758329 0.546636 0.069355 0.043138
0 0.155878 0.482555 0.047429 0.036167
0 0.651892 0.407011 0.041155 0.026241
0 0.705205 0.411452 0.039432 0.024226
0 0.658403 0.550228 0.079709 0.049003
0 0.611812 0.518956 0.071556 0.039669
0 0.571171 0.581833 0.071920 0.041262
0 0.519698 0.545729 0.071526 0.042763
0 0.400960 0.539685 0.066677 0.036299
0 0.495577 0.570034 0.035778 0.039920
0 0.715061 0.588892 0.031622 0.043753
0 0.769335 0.410930 0.040780 0.022953
0 0.741350 0.396596 0.049235 0.020579
0 0.538490 0.399638 0.041392 0.025360
0 0.242085 0.580754 0.076345 0.041052
0 0.264947 0.546975 0.066850 0.039933
0 0.123862 0.577503 0.075293 0.041052
0 0.854393 0.417870 0.042382 0.022507
0 0.909241 0.410157 0.040500 0.025132
0 0.825505 0.393906 0.047088 0.023632
0 0.130257 0.829627 0.142329 0.117607
0 0.201209 0.525738 0.072731 0.038351
0 0.205808 0.507086 0.045445 0.049853
0 0.198105 0.476940 0.047852 0.036022
