0 0.677624 0.520781 0.054105 0.039379
0 0.123768 0.584721 0.064816 0.071145
0 0.653746 0.562309 0.067199 0.045470
0 0.634106 0.390731 0.038816 0.023680
0 0.798389 0.432247 0.041465 0.029952
0 0.313040 0.496302 0.023894 0.040188
0 0.271762 0.464152 0.022671 0.029958
0 0.338485 0.412774 0.038235 0.031968
0 0.809504 0.556706 0.065218 0.045063
0 0.827904 0.494319 0.042144 0.041778
0 0.851340 0.463529 0.029951 0.036462
0 0.740672 0.506877 0.061686 0.036920
0 0.770036 0.462253 0.032876 0.035419
0 0.676800 0.394630 0.035139 0.019888
0 0.865890 0.440654 0.036069 0.033282
0 0.043687 0.674112 0.087375 0.085611
0 0.495382 0.410785 0.045846 0.026780
0 0.834330 0.410730 0.033400 0.029858
0 0.743748 0.411098 0.040639 0.027693
0 0.667017 0.412675 0.044059 0.023382
0 0.563744 0.405123 0.041615 0.027766
