0 0.421071 0.401673 0.026262 0.019370
0 0.367932 0.398441 0.037617 0.021811
0 0.425507 0.424222 0.027638 0.025587
0 0.453586 0.412337 0.023485 0.025329
0 0.474616 0.430888 0.030559 0.025680
0 0.433641 0.458151 0.045960 0.032895
0 0.460351 0.371990 0.030389 0.022000
0 0.387952 0.478768 0.052845 0.034325
0 0.486285 0.410672 0.027415 0.025368
0 0.456877 0.475217 0.044538 0.034332
0 0.056376 0.449450 0.055959 0.037375
0 0.159680 0.429850 0.046856 0.028452
0 0.242289 0.413102 0.047120 0.026621
0 0.246135 0.521837 0.068969 0.039580
0 0.609726 0.421931 0.038995 0.025320
0 0.675797 0.398607 0.033433 0.023951
0 0.312942 0.401718 0.043641 0.025013
0 0.755983 0.381798 0.032359 0.019490
0 0.155187 0.541395 0.073476 0.045180
0 0.525747 0.414037 0.028946 0.026847
0 0.520639 0.450627 0.036174 0.041075
0 0.482533 0.385687 0.029557 0.025024
0 0.578996 0.463627 0.047486 0.028394
0 0.362317 0.393151 0.035557 0.018995
0 0.067166 0.570517 0.081478 0.053995
0 0.718912 0.401712 0.032857 0.023231
0 0.034460 0.443711 0.046444 0.024715
0 0.500708 0.498151 0.059234 0.036854
0 0.321845 0.505150 0.065249 0.028118
0 0.390760 0.538240 0.069670 0.040997
0 0.303136 0.553165 0.063519 0.040117
0 0.364691 0.516294 0.060936 0.039954
0 0.256780 0.543708 0.063764 0.042476
