0 0.694193 0.518030 0.051991 0.037558
0 0.846947 0.486190 0.035740 0.032500
0 0.721259 0.403124 0.039959 0.024592
0 0.800573 0.530239 0.026917 0.041870
0 0.604852 0.531600 0.032776 0.035813
0 0.283856 0.427253 0.044988 0.031968
0 0.141963 0.572104 0.056943 0.057498
0 0.198881 0.491702 0.038766 0.052247
0 0.262336 0.458284 0.033049 0.038351
0 0.496868 0.546832 0.028613 0.040962
0 0.829033 0.441082 0.031046 0.031556
0 0.792541 0.407599 0.028246 0.026858
0 0.772508 0.484911 0.042434 0.034052
0 0.763704 0.440952 0.028893 0.033274
0 0.838995 0.417155 0.032005 0.025175
0 0.487237 0.411726 0.045846 0.027559
0 0.819454 0.398144 0.031942 0.023905
0 0.664786 0.412311 0.044059 0.023382
0 0.561773 0.405298 0.041615 0.027766
