0 0.309895 0.388701 0.037116 0.027073
0 0.426460 0.395217 0.024057 0.028495
0 0.414022 0.436770 0.028426 0.031495
0 0.393289 0.476696 0.062915 0.039034
0 0.367530 0.385487 0.039155 0.026770
0 0.428849 0.414819 0.022157 0.024236
0 0.383647 0.365629 0.101636 0.037926
0 0.432489 0.457044 0.034787 0.033071
0 0.325462 0.502736 0.061779 0.034570
0 0.476517 0.388684 0.023329 0.026839
0 0.448434 0.385697 0.020887 0.022507
0 0.298446 0.531041 0.065263 0.038059
0 0.259233 0.567092 0.072664 0.049504
0 0.497640 0.410180 0.029665 0.045335
0 0.261210 0.593525 0.093220 0.053476
0 0.478621 0.448262 0.029663 0.037565
0 0.372974 0.510987 0.051955 0.032362
0 0.154829 0.650896 0.085518 0.062118
0 0.241106 0.529989 0.052735 0.032987
0 0.127514 0.430475 0.046031 0.027908
0 0.451320 0.482658 0.046335 0.038103
0 0.389596 0.529265 0.049658 0.044735
0 0.141045 0.614968 0.084451 0.056490
0 0.052961 0.714881 0.102280 0.068167
0 0.186186 0.417668 0.046601 0.028133
0 0.155717 0.564171 0.074556 0.045320
0 0.237170 0.408408 0.043905 0.025507
0 0.519493 0.485424 0.072253 0.058699
0 0.048916 0.427180 0.050875 0.032860
0 0.375516 0.572398 0.060477 0.049427
