0 0.796515 0.440463 0.027715 0.025400
0 0.837810 0.443388 0.030785 0.027122
0 0.864569 0.450920 0.025557 0.032791
0 0.857033 0.431631 0.027394 0.024722
0 0.282802 0.464028 0.031995 0.034378
0 0.336498 0.505198 0.057431 0.048883
0 0.252514 0.479909 0.032425 0.036680
0 0.266114 0.450299 0.037018 0.024757
0 0.291891 0.435489 0.044259 0.031253
0 0.256616 0.511475 0.042845 0.046469
0 0.803534 0.465398 0.029475 0.030056
0 0.390536 0.419370 0.044596 0.026053
0 0.163254 0.508547 0.041082 0.042255
0 0.842917 0.472268 0.037142 0.028974
0 0.149072 0.453756 0.046714 0.025738
0 0.448356 0.416537 0.040957 0.021360
0 0.925334 0.518618 0.058801 0.036215
0 0.836953 0.502026 0.050850 0.032408
0 0.771824 0.486455 0.044870 0.032969
0 0.521770 0.410632 0.046743 0.024757
0 0.050821 0.483326 0.061061 0.042698
0 0.850451 0.533854 0.059615 0.039011
0 0.142214 0.491135 0.042083 0.037612
0 0.588926 0.405269 0.041155 0.026241
0 0.641940 0.411557 0.039432 0.024226
0 0.760590 0.543443 0.079709 0.049003
0 0.705201 0.509935 0.071556 0.039669
0 0.734025 0.564749 0.063138 0.040512
0 0.655213 0.538029 0.071526 0.042763
0 0.553900 0.530472 0.066677 0.036299
0 0.660639 0.564771 0.035778 0.038030
0 0.721792 0.584530 0.031622 0.043753
0 0.710145 0.410900 0.040780 0.022953
0 0.681657 0.395128 0.048904 0.020579
0 0.470670 0.400733 0.041392 0.025360
0 0.424261 0.578890 0.076345 0.041052
0 0.419125 0.537113 0.066850 0.036719
0 0.285175 0.578370 0.075293 0.041052
0 0.789308 0.416785 0.042382 0.022507
0 0.898742 0.413615 0.040500 0.025132
0 0.750467 0.392058 0.047088 0.023632
0 0.199320 0.453726 0.056813 0.027372
0 0.552247 0.397277 0.047370 0.022310
0 0.839682 0.408028 0.041441 0.019881
0 0.844242 0.395387 0.039245 0.019881
0 0.352347 0.412853 0.029572 0.025511
0 0.250384 0.428776 0.044547 0.027008
0 0.122041 0.543392 0.113564 0.062268
0 0.043775 0.580535 0.081261 0.046525
0 0.429478 0.397850 0.040782 0.021006
0 0.296447 0.746104 0.116368 0.092047
0 0.337790 0.524034 0.072731 0.038351
0 0.073154 0.854338 0.132219 0.117655
0 0.204615 0.508372 0.045588 0.050381
0 0.197193 0.477546 0.047953 0.036427
