0 0.429986 0.425684 0.026810 0.029947
0 0.290062 0.374915 0.110754 0.044187
0 0.410667 0.403558 0.039331 0.028497
0 0.367048 0.484140 0.060060 0.030449
0 0.378542 0.504153 0.055973 0.038059
0 0.306255 0.537961 0.072664 0.044977
0 0.477570 0.376521 0.033381 0.031036
0 0.662061 0.425416 0.044886 0.026888
0 0.467975 0.401544 0.026830 0.030800
0 0.424356 0.458107 0.034700 0.032362
0 0.359882 0.543524 0.059714 0.044792
0 0.288293 0.516132 0.052735 0.032987
0 0.127514 0.430475 0.046031 0.027908
0 0.459561 0.476984 0.041109 0.034445
0 0.414591 0.513618 0.046947 0.036688
0 0.210543 0.574927 0.080985 0.050855
0 0.289841 0.578993 0.069469 0.049562
0 0.186186 0.417668 0.046601 0.028133
0 0.203560 0.543021 0.074556 0.043113
0 0.237170 0.408408 0.043905 0.025507
0 0.031390 0.436193 0.054032 0.035278
0 0.602568 0.439807 0.038438 0.031004
0 0.489503 0.502612 0.047163 0.040635
0 0.387091 0.561846 0.062032 0.049137
0 0.056646 0.586350 0.034096 0.047264
