0 0.795985 0.415353 0.028967 0.022362
0 0.223931 0.519820 0.044931 0.045215
0 0.274346 0.460036 0.035907 0.033015
0 0.357969 0.422699 0.046196 0.025200
0 0.621151 0.411607 0.039800 0.025079
0 0.781362 0.423553 0.028265 0.028202
0 0.782536 0.462717 0.031163 0.029732
0 0.765266 0.490868 0.039205 0.038715
0 0.450097 0.415154 0.048656 0.026760
0 0.726578 0.401321 0.034215 0.017880
0 0.867898 0.468653 0.035143 0.037982
0 0.126479 0.472389 0.056768 0.028331
0 0.161799 0.451942 0.046689 0.027911
0 0.729042 0.532522 0.051973 0.042288
0 0.515864 0.409313 0.043615 0.023257
