0 0.432361 0.413133 0.025802 0.023471
0 0.393818 0.404377 0.034810 0.021811
0 0.433374 0.396469 0.029831 0.022364
0 0.477933 0.407085 0.025061 0.027617
0 0.414910 0.455786 0.033802 0.030658
0 0.395812 0.479051 0.050755 0.033311
0 0.334774 0.496491 0.054405 0.032421
0 0.261551 0.515692 0.069448 0.033470
0 0.765542 0.373293 0.022208 0.020394
0 0.788792 0.377632 0.023963 0.020977
0 0.753658 0.393777 0.030873 0.021228
0 0.733299 0.379078 0.024527 0.026368
0 0.668580 0.415124 0.035991 0.026202
0 0.078804 0.443683 0.052860 0.032205
0 0.033286 0.425360 0.066572 0.038840
0 0.614731 0.439928 0.046210 0.035192
0 0.594873 0.424859 0.045311 0.030228
0 0.573252 0.461260 0.031284 0.034521
0 0.156677 0.427116 0.040765 0.026998
0 0.274670 0.405830 0.049739 0.024642
0 0.513975 0.468245 0.049695 0.035916
0 0.358087 0.390299 0.043545 0.025326
0 0.472481 0.500630 0.055294 0.039592
0 0.373835 0.508973 0.071081 0.044387
0 0.016846 0.451842 0.033693 0.033817
0 0.244752 0.560696 0.078407 0.046166
0 0.310347 0.567889 0.078534 0.050356
0 0.149364 0.564707 0.074023 0.042285
0 0.431442 0.381621 0.040668 0.019874
0 0.481665 0.375395 0.038900 0.021143
0 0.129825 0.628397 0.103616 0.054125
0 0.086541 0.604256 0.088852 0.046514
0 0.174337 0.404265 0.039214 0.030009
