0 0.793295 0.438596 0.028101 0.025400
0 0.835157 0.437654 0.030785 0.027122
0 0.863574 0.449173 0.023097 0.030964
0 0.856170 0.430417 0.027394 0.024722
0 0.276564 0.481831 0.030602 0.042670
0 0.608384 0.510332 0.064095 0.038069
0 0.257293 0.485430 0.043375 0.039535
0 0.261270 0.455216 0.026842 0.029425
0 0.241103 0.531178 0.045724 0.049898
0 0.142542 0.534834 0.046273 0.048638
0 0.842917 0.472268 0.037142 0.028974
0 0.303308 0.440273 0.043776 0.029667
0 0.882710 0.469322 0.025724 0.031875
0 0.791902 0.477525 0.039838 0.030356
0 0.348753 0.430172 0.051713 0.024757
0 0.129488 0.508845 0.041770 0.042463
0 0.390057 0.423416 0.042690 0.025539
0 0.820365 0.487305 0.041399 0.028290
0 0.883437 0.560925 0.030047 0.038427
0 0.228806 0.432920 0.049858 0.032747
0 0.449898 0.414433 0.042382 0.022507
0 0.534877 0.410024 0.048578 0.025132
0 0.028405 0.485306 0.056809 0.033994
0 0.509725 0.402359 0.038025 0.019881
0 0.599931 0.410058 0.044241 0.023451
0 0.921633 0.509623 0.053388 0.037072
0 0.863138 0.540914 0.061307 0.048481
0 0.796355 0.523977 0.060340 0.036476
0 0.663457 0.407888 0.042377 0.024695
0 0.650309 0.398682 0.039236 0.017198
0 0.592519 0.396647 0.036053 0.021403
0 0.713716 0.547071 0.074271 0.041716
0 0.622883 0.536642 0.070265 0.038790
0 0.693961 0.515401 0.064599 0.041856
0 0.613658 0.566728 0.072154 0.039387
0 0.748386 0.509074 0.060533 0.035650
0 0.474573 0.577275 0.073986 0.041592
0 0.776875 0.571055 0.075441 0.053030
0 0.730994 0.411206 0.041854 0.019068
0 0.798466 0.413182 0.042639 0.019068
0 0.721012 0.392408 0.036364 0.019381
0 0.405589 0.405434 0.046805 0.019364
0 0.158456 0.458045 0.047003 0.031952
0 0.273753 0.568398 0.074903 0.041394
0 0.286385 0.534993 0.070773 0.035446
0 0.647392 0.612825 0.080599 0.051315
0 0.306267 0.413635 0.044972 0.023254
0 0.115461 0.461454 0.054458 0.029552
0 0.866447 0.413874 0.035031 0.018443
0 0.845742 0.403527 0.044704 0.023132
0 0.305618 0.734906 0.099662 0.081494
0 0.195282 0.518431 0.046708 0.054511
0 0.190054 0.482283 0.048749 0.039601
