0 0.433138 0.413694 0.025706 0.024320
0 0.394883 0.404551 0.034810 0.021811
0 0.434042 0.397094 0.029831 0.022811
0 0.478000 0.408122 0.025061 0.029054
0 0.413569 0.458169 0.034493 0.031760
0 0.395108 0.481261 0.050755 0.033311
0 0.331240 0.497074 0.054405 0.032421
0 0.724921 0.388304 0.037592 0.023319
0 0.252703 0.516482 0.069448 0.032992
0 0.773571 0.380943 0.035727 0.022874
0 0.087139 0.441306 0.051368 0.031619
0 0.649565 0.414599 0.036698 0.029280
0 0.693616 0.410631 0.038070 0.026705
0 0.025105 0.446550 0.050211 0.024490
0 0.624652 0.445390 0.043368 0.031030
0 0.557879 0.442200 0.046375 0.032212
0 0.528600 0.472027 0.048755 0.031928
0 0.206296 0.417743 0.043088 0.026296
0 0.192439 0.392315 0.050274 0.032064
0 0.456648 0.506421 0.057000 0.042750
0 0.393584 0.501959 0.062271 0.039613
0 0.379641 0.541610 0.057255 0.039575
0 0.270734 0.402574 0.038254 0.022991
0 0.377238 0.387550 0.042142 0.022924
0 0.294139 0.548148 0.067996 0.043049
0 0.453963 0.375966 0.041582 0.023609
0 0.241423 0.593431 0.081059 0.053378
0 0.121770 0.571067 0.088066 0.050319
0 0.157045 0.416176 0.045619 0.025371
0 0.104384 0.416674 0.048448 0.019141
