0 0.381162 0.392265 0.030664 0.027073
0 0.427356 0.440927 0.030920 0.032393
0 0.141721 0.434754 0.049507 0.024876
0 0.337048 0.494882 0.063494 0.039295
0 0.426759 0.380881 0.049522 0.028893
0 0.210306 0.418952 0.040134 0.022893
0 0.264915 0.517678 0.073691 0.046343
0 0.429360 0.412141 0.025832 0.029408
0 0.458147 0.400912 0.033869 0.028784
0 0.590199 0.428703 0.042233 0.030697
0 0.463459 0.422215 0.026891 0.031491
0 0.394424 0.484561 0.050021 0.034614
0 0.506575 0.454175 0.068557 0.099216
0 0.323355 0.536743 0.061154 0.046733
0 0.182355 0.542525 0.071495 0.046196
0 0.365777 0.540507 0.054690 0.044443
0 0.435863 0.501569 0.049665 0.034758
0 0.123501 0.656730 0.084840 0.064721
0 0.332074 0.592968 0.071317 0.055933
0 0.443057 0.476409 0.037877 0.029264
0 0.070053 0.447727 0.049006 0.026474
0 0.330650 0.386130 0.026152 0.026049
0 0.461690 0.451331 0.029610 0.031259
0 0.084976 0.664630 0.082714 0.065813
0 0.064301 0.743987 0.091560 0.079300
