0 0.426901 0.408444 0.026262 0.019370
0 0.388135 0.403066 0.035320 0.021811
0 0.431784 0.394383 0.029831 0.020859
0 0.474091 0.401388 0.025061 0.024105
0 0.426784 0.429459 0.027638 0.025587
0 0.456542 0.425940 0.027298 0.025036
0 0.447371 0.450549 0.033511 0.027831
0 0.415365 0.469606 0.052780 0.033776
0 0.510799 0.418392 0.027912 0.031314
0 0.482116 0.435207 0.024408 0.023902
0 0.022393 0.456614 0.044786 0.028507
0 0.091473 0.442983 0.045487 0.027378
0 0.359812 0.492361 0.059961 0.032693
0 0.153694 0.430359 0.035185 0.021010
0 0.480501 0.456612 0.039658 0.028425
0 0.231370 0.414683 0.038985 0.025630
0 0.691654 0.396376 0.034775 0.022586
0 0.289524 0.518665 0.060461 0.035873
0 0.374662 0.388771 0.041213 0.026807
0 0.594019 0.428184 0.042611 0.030198
0 0.747555 0.386546 0.030479 0.022722
0 0.087092 0.427735 0.047402 0.020592
0 0.487741 0.475377 0.050067 0.032238
0 0.695455 0.414574 0.033269 0.022849
0 0.253795 0.542476 0.068467 0.041653
0 0.568294 0.464293 0.048635 0.033359
0 0.654140 0.432490 0.032373 0.026228
0 0.506701 0.494200 0.055677 0.037915
0 0.412539 0.501303 0.057973 0.037073
0 0.109514 0.405186 0.060443 0.037250
0 0.159430 0.415500 0.040969 0.021624
0 0.444171 0.378114 0.041211 0.020839
0 0.236703 0.402428 0.034481 0.020435
0 0.027621 0.430361 0.046863 0.022793
0 0.311548 0.547637 0.063281 0.040355
0 0.501965 0.371289 0.036103 0.023757
0 0.079620 0.621999 0.159239 0.115728
0 0.154054 0.557891 0.070913 0.032615
