0 0.433829 0.414193 0.025621 0.025074
0 0.395829 0.404705 0.034810 0.021811
0 0.434635 0.397649 0.029831 0.023208
0 0.478060 0.409045 0.025061 0.030331
0 0.412129 0.459662 0.036442 0.032786
0 0.386399 0.484108 0.055252 0.033311
0 0.322700 0.501389 0.054405 0.032421
0 0.687606 0.405261 0.035859 0.024946
0 0.594771 0.433652 0.041484 0.033463
0 0.242035 0.520259 0.069448 0.032992
0 0.663398 0.423854 0.042642 0.027960
0 0.025256 0.456957 0.050513 0.035341
0 0.066594 0.440402 0.045040 0.029936
0 0.210658 0.415977 0.047006 0.034096
0 0.460104 0.486252 0.054110 0.037658
0 0.560814 0.467321 0.045895 0.039413
0 0.127284 0.434079 0.046589 0.025461
0 0.167933 0.415048 0.050039 0.024490
0 0.465959 0.513746 0.063731 0.042070
0 0.355685 0.510661 0.062375 0.039263
0 0.336958 0.542222 0.067860 0.044165
0 0.283450 0.395192 0.040853 0.026296
0 0.329678 0.394205 0.044227 0.028891
0 0.343743 0.367852 0.047810 0.027423
0 0.249304 0.578164 0.083635 0.052137
0 0.149279 0.567386 0.084029 0.045668
0 0.100951 0.627558 0.075547 0.053296
0 0.374291 0.382990 0.035069 0.022552
0 0.471541 0.374700 0.042142 0.022924
0 0.040415 0.617285 0.080830 0.048628
