0 0.775835 0.439663 0.024322 0.031518
0 0.795083 0.425530 0.024371 0.030227
0 0.176071 0.538802 0.046577 0.047593
0 0.252653 0.503729 0.038105 0.037126
0 0.308469 0.438494 0.048206 0.035123
0 0.823463 0.426530 0.029548 0.030973
0 0.851017 0.458366 0.028575 0.034173
0 0.827834 0.404035 0.024018 0.026148
0 0.818413 0.472136 0.026681 0.033471
0 0.402619 0.423833 0.043849 0.021760
0 0.465322 0.414135 0.041729 0.026283
0 0.853109 0.430460 0.032262 0.030900
0 0.525027 0.409089 0.040039 0.020438
0 0.776107 0.470880 0.035519 0.036473
0 0.080628 0.621339 0.079092 0.076429
0 0.889613 0.483631 0.031551 0.035148
0 0.891673 0.454097 0.040911 0.035073
0 0.800875 0.528554 0.027276 0.034323
0 0.723866 0.532739 0.054417 0.042409
0 0.120238 0.464429 0.050966 0.031968
0 0.462727 0.619516 0.094412 0.057825
0 0.192710 0.447062 0.045025 0.032982
0 0.709799 0.416402 0.035069 0.023962
0 0.215983 0.715869 0.099793 0.074873
0 0.451561 0.692100 0.093024 0.070611
0 0.233898 0.462319 0.042716 0.035309
0 0.244488 0.426568 0.047571 0.031444
0 0.233120 0.773591 0.118938 0.084658
