0 0.431914 0.412811 0.025856 0.022984
0 0.393207 0.404278 0.034810 0.021811
0 0.432991 0.396110 0.029831 0.022108
0 0.477895 0.406490 0.025061 0.026792
0 0.415679 0.454418 0.033405 0.030026
0 0.395112 0.477936 0.050755 0.033311
0 0.336803 0.496157 0.054405 0.032421
0 0.265592 0.516592 0.069448 0.033964
0 0.797363 0.374886 0.030649 0.019197
0 0.742176 0.386735 0.031620 0.026087
0 0.016713 0.461020 0.033425 0.032205
0 0.690951 0.411475 0.035228 0.025445
0 0.686460 0.394506 0.040725 0.019088
0 0.617070 0.442406 0.030640 0.034099
0 0.084764 0.445844 0.041436 0.028067
0 0.227465 0.413927 0.054859 0.027561
0 0.597588 0.429835 0.041517 0.029097
0 0.300673 0.400616 0.046882 0.028245
0 0.567991 0.463301 0.052706 0.034610
0 0.468562 0.467894 0.051717 0.036015
0 0.371972 0.519490 0.066507 0.039002
0 0.453805 0.512273 0.054105 0.040741
0 0.260664 0.540714 0.063668 0.038211
0 0.368447 0.391105 0.040668 0.019874
0 0.434622 0.382542 0.038900 0.021143
0 0.298668 0.570763 0.072360 0.048631
0 0.195988 0.573988 0.078629 0.046514
0 0.079521 0.571187 0.074891 0.051588
0 0.496093 0.372447 0.030802 0.019874
0 0.154646 0.416994 0.044947 0.027908
0 0.076805 0.422230 0.039214 0.026637
