0 0.788576 0.435858 0.028667 0.025400
0 0.836275 0.446518 0.030785 0.027122
0 0.857953 0.438070 0.023097 0.030964
0 0.854906 0.428638 0.027394 0.024722
0 0.687111 0.507332 0.064095 0.038069
0 0.929705 0.515858 0.060247 0.038720
0 0.832391 0.474794 0.037142 0.028974
0 0.156725 0.590172 0.060051 0.064385
0 0.884002 0.466091 0.025724 0.031875
0 0.798171 0.469717 0.039838 0.030356
0 0.247923 0.546538 0.043609 0.056960
0 0.834521 0.457899 0.034375 0.028290
0 0.261794 0.447433 0.050707 0.030191
0 0.233124 0.496519 0.032494 0.044136
0 0.277841 0.429655 0.046388 0.019954
0 0.357687 0.423992 0.042377 0.025301
0 0.803900 0.495271 0.049675 0.032393
0 0.443388 0.415004 0.041854 0.021496
0 0.520465 0.410250 0.042639 0.023721
0 0.579884 0.412770 0.037917 0.020531
0 0.637367 0.407497 0.045227 0.027195
0 0.173293 0.530688 0.041249 0.050061
0 0.863478 0.494626 0.038537 0.031670
0 0.747691 0.509255 0.054107 0.038479
0 0.043510 0.669033 0.078688 0.081902
0 0.769663 0.530380 0.055719 0.034173
0 0.821768 0.517268 0.054649 0.037079
0 0.103505 0.561128 0.048012 0.061566
0 0.629967 0.532843 0.062240 0.038057
0 0.698570 0.411159 0.043849 0.018620
0 0.751977 0.410016 0.041729 0.026290
0 0.519090 0.551026 0.077093 0.038057
0 0.666899 0.570623 0.072807 0.043131
0 0.169893 0.487776 0.036512 0.034918
0 0.178792 0.451623 0.053521 0.034099
