0 0.802278 0.445828 0.027023 0.034031
0 0.823927 0.465119 0.036023 0.029140
0 0.779896 0.508582 0.060850 0.037953
0 0.862472 0.472291 0.035548 0.026781
0 0.698204 0.414957 0.040663 0.026064
0 0.712565 0.400653 0.034921 0.019913
0 0.293497 0.476534 0.034809 0.046216
0 0.801677 0.411199 0.038613 0.026295
0 0.248540 0.468930 0.035473 0.030440
0 0.842122 0.530837 0.070285 0.039123
0 0.767797 0.417241 0.037018 0.024757
0 0.835091 0.414942 0.043300 0.027500
0 0.413584 0.419223 0.049430 0.026258
0 0.598044 0.516122 0.063741 0.036761
0 0.675777 0.551744 0.061639 0.038261
0 0.562613 0.544463 0.067749 0.035001
0 0.987589 0.519651 0.022297 0.029538
0 0.397727 0.556284 0.071903 0.043811
0 0.765832 0.399066 0.033789 0.019797
0 0.221467 0.550505 0.074141 0.039387
0 0.886831 0.414404 0.042585 0.025778
0 0.219659 0.461760 0.037615 0.029144
0 0.325834 0.532675 0.073183 0.039972
0 0.155649 0.577947 0.070994 0.046551
0 0.086623 0.539567 0.070271 0.038261
0 0.860131 0.395441 0.039528 0.017255
0 0.479989 0.689080 0.039393 0.044243
0 0.258116 0.783350 0.111255 0.092636
0 0.446358 0.405210 0.032734 0.023725
0 0.348441 0.421589 0.040176 0.026535
0 0.632122 0.411164 0.042300 0.030197
0 0.218995 0.493827 0.044438 0.046138
0 0.537309 0.406049 0.042940 0.024475
0 0.307849 0.435390 0.046578 0.030749
