0 0.777837 0.426607 0.026303 0.030373
0 0.788814 0.417201 0.024371 0.030227
0 0.115831 0.607486 0.069397 0.059081
0 0.203592 0.571419 0.049411 0.050725
0 0.269472 0.457831 0.041411 0.047643
0 0.808441 0.409081 0.024139 0.029501
0 0.834706 0.438272 0.028575 0.027166
0 0.818866 0.456977 0.026681 0.033471
0 0.407429 0.419778 0.043849 0.023781
0 0.456454 0.415129 0.041729 0.026283
0 0.835920 0.410131 0.028603 0.026112
0 0.510485 0.402746 0.042390 0.020438
0 0.779004 0.450492 0.030307 0.034815
0 0.881835 0.464614 0.031551 0.035148
0 0.868843 0.437699 0.037417 0.032360
0 0.773054 0.509960 0.048221 0.038021
0 0.028827 0.486112 0.051818 0.036538
0 0.589101 0.568499 0.068350 0.051302
0 0.122879 0.466321 0.056467 0.035019
0 0.690540 0.410211 0.035069 0.023962
0 0.402343 0.644031 0.087106 0.062136
0 0.645481 0.622921 0.065980 0.059775
0 0.654588 0.570335 0.065692 0.054193
0 0.194027 0.497965 0.045595 0.042960
0 0.196643 0.438211 0.047571 0.031444
0 0.473237 0.674258 0.088929 0.064474
