0 0.424051 0.405134 0.026262 0.019370
0 0.378258 0.400805 0.036443 0.021811
0 0.429521 0.393954 0.029831 0.020859
0 0.466952 0.396497 0.027364 0.023303
0 0.426160 0.426899 0.027638 0.025587
0 0.456886 0.423126 0.024053 0.025285
0 0.456773 0.443132 0.033511 0.027831
0 0.421194 0.466761 0.052780 0.033776
0 0.509973 0.417133 0.027912 0.031314
0 0.481282 0.414589 0.024121 0.023617
0 0.367318 0.489373 0.059961 0.032693
0 0.485292 0.448021 0.033962 0.029810
0 0.036994 0.455802 0.045910 0.036289
0 0.294873 0.515217 0.060461 0.035873
0 0.198176 0.417593 0.047358 0.036688
0 0.765957 0.368630 0.029940 0.021224
0 0.281056 0.408159 0.048264 0.027693
0 0.344545 0.395586 0.040651 0.027909
0 0.682026 0.409293 0.088315 0.062633
0 0.208548 0.536616 0.070412 0.042118
0 0.607433 0.459482 0.041639 0.029481
0 0.340774 0.522823 0.055797 0.033599
0 0.422266 0.492946 0.055836 0.032488
0 0.403717 0.385181 0.036626 0.016148
0 0.494767 0.482564 0.022340 0.031601
0 0.404010 0.519557 0.062498 0.041727
0 0.130897 0.549963 0.073476 0.045180
0 0.584762 0.444223 0.039405 0.027803
0 0.489513 0.470300 0.049730 0.028416
0 0.302361 0.558086 0.081793 0.053306
0 0.530283 0.407306 0.023194 0.025024
0 0.210024 0.581253 0.080860 0.046153
0 0.475459 0.373768 0.037075 0.018119
0 0.415006 0.556986 0.024846 0.041052
0 0.041710 0.576649 0.081478 0.053995
