0 0.792692 0.438246 0.028173 0.025400
0 0.834597 0.436547 0.030785 0.027122
0 0.863574 0.449173 0.023097 0.030964
0 0.856009 0.430190 0.027394 0.024722
0 0.275396 0.485164 0.030342 0.044223
0 0.646630 0.512865 0.064095 0.038069
0 0.283077 0.500168 0.047384 0.040186
0 0.258267 0.457977 0.027783 0.030486
0 0.187632 0.588956 0.066095 0.066023
0 0.090436 0.596143 0.053883 0.056023
0 0.842917 0.472268 0.037142 0.028974
0 0.304526 0.441910 0.043774 0.031350
0 0.882875 0.468909 0.025724 0.031875
0 0.792120 0.476926 0.039838 0.030356
0 0.111832 0.540275 0.041579 0.048418
0 0.372862 0.424156 0.042690 0.025539
0 0.821287 0.487528 0.041399 0.028290
0 0.896408 0.559480 0.030047 0.038427
0 0.111807 0.463478 0.054122 0.039381
0 0.440572 0.414800 0.042382 0.022507
0 0.520985 0.411406 0.048578 0.025132
0 0.488385 0.403355 0.042996 0.019881
0 0.579395 0.409882 0.044241 0.023451
0 0.973860 0.523599 0.052280 0.045791
0 0.946109 0.497509 0.050851 0.036476
0 0.638082 0.408079 0.042377 0.024695
0 0.608500 0.399343 0.039236 0.017198
0 0.559572 0.398376 0.036053 0.021403
0 0.855444 0.523290 0.064779 0.035771
0 0.753605 0.525748 0.059001 0.034554
0 0.760396 0.550478 0.059502 0.031822
0 0.784894 0.503051 0.049675 0.032393
0 0.635723 0.566180 0.070523 0.041592
0 0.886230 0.544586 0.060521 0.043310
0 0.699757 0.409484 0.041854 0.019068
0 0.756641 0.413790 0.042639 0.019068
0 0.675026 0.394899 0.036364 0.019381
0 0.383454 0.406595 0.046805 0.019364
0 0.490315 0.561987 0.074903 0.041394
0 0.530244 0.530414 0.070773 0.041840
0 0.760743 0.579548 0.072000 0.044313
0 0.205881 0.440009 0.049949 0.027901
0 0.292994 0.413143 0.045029 0.027821
0 0.811651 0.414225 0.035031 0.018443
0 0.753655 0.398962 0.044704 0.023132
0 0.147721 0.493010 0.046764 0.039666
0 0.878361 0.412156 0.045227 0.027195
0 0.825666 0.398567 0.045488 0.017193
0 0.335965 0.420917 0.038691 0.024130
0 0.508092 0.631336 0.055923 0.055096
0 0.175152 0.542885 0.048605 0.058270
0 0.176388 0.499305 0.044655 0.043757
