0 0.801964 0.445453 0.025139 0.034031
0 0.803614 0.479164 0.047675 0.030486
0 0.911694 0.500208 0.061551 0.033710
0 0.683309 0.524990 0.068286 0.041760
0 0.786428 0.504038 0.055461 0.034565
0 0.743352 0.416927 0.039031 0.026064
0 0.771420 0.405199 0.040132 0.021408
0 0.295618 0.449717 0.038863 0.036947
0 0.838029 0.409986 0.039310 0.026295
0 0.256455 0.459647 0.035473 0.030440
0 0.632206 0.552211 0.076504 0.040892
0 0.803245 0.416707 0.037018 0.024757
0 0.866691 0.416710 0.039430 0.027368
0 0.473371 0.414556 0.046410 0.026258
0 0.426691 0.521588 0.068703 0.036761
0 0.461473 0.571777 0.065566 0.038261
0 0.359203 0.552229 0.072467 0.037511
0 0.829905 0.544141 0.028116 0.032616
0 0.212540 0.565992 0.071903 0.043811
0 0.807165 0.398452 0.033789 0.019797
0 0.081685 0.554542 0.072569 0.039387
0 0.923178 0.414157 0.038213 0.024970
0 0.160936 0.535894 0.073183 0.039972
0 0.252001 0.794917 0.053365 0.063485
0 0.328728 0.591944 0.035236 0.039425
0 0.520896 0.401737 0.040695 0.026998
0 0.417716 0.412549 0.044027 0.026535
0 0.674549 0.413513 0.044237 0.030197
0 0.229454 0.483639 0.044438 0.046138
0 0.598763 0.407342 0.042940 0.024139
0 0.361114 0.422823 0.046578 0.030749
