0 0.637115 0.525592 0.054105 0.046484
0 0.099122 0.610185 0.068246 0.069984
0 0.236263 0.477563 0.050205 0.049789
0 0.417978 0.659812 0.097274 0.068270
0 0.638362 0.391629 0.039292 0.023680
0 0.817841 0.443945 0.041168 0.029952
0 0.767026 0.561622 0.074331 0.053122
0 0.793231 0.521793 0.057185 0.045019
0 0.852452 0.490287 0.030750 0.036645
0 0.709776 0.515312 0.061686 0.039361
0 0.762840 0.486917 0.036044 0.036760
0 0.707605 0.405557 0.030852 0.025429
0 0.888820 0.464770 0.033400 0.035714
0 0.194978 0.531784 0.060334 0.062751
0 0.500307 0.410258 0.045846 0.026534
0 0.859733 0.430472 0.037047 0.032384
0 0.834249 0.409759 0.029658 0.027092
0 0.758534 0.406507 0.027957 0.025703
0 0.788609 0.420314 0.040639 0.027693
0 0.668385 0.412898 0.044059 0.023382
0 0.564952 0.405016 0.041615 0.027766
