0 0.794308 0.412934 0.028967 0.022362
0 0.169569 0.578188 0.060617 0.056120
0 0.244155 0.486966 0.038083 0.039412
0 0.326219 0.432308 0.047344 0.026788
0 0.609295 0.412051 0.039800 0.025079
0 0.774697 0.416920 0.028265 0.028202
0 0.784881 0.450482 0.031163 0.029732
0 0.775570 0.477192 0.034373 0.037872
0 0.420844 0.418984 0.048656 0.026760
0 0.726598 0.401276 0.034215 0.018399
0 0.863352 0.454802 0.031166 0.033566
0 0.060350 0.484162 0.059423 0.028331
0 0.131923 0.461622 0.048813 0.030232
0 0.766986 0.508116 0.043278 0.038931
0 0.484213 0.413612 0.043615 0.023257
0 0.262765 0.446466 0.045460 0.027158
