0 0.429222 0.410869 0.026187 0.020046
0 0.391083 0.403900 0.034810 0.021811
0 0.432117 0.394165 0.029831 0.020859
0 0.476338 0.403319 0.025061 0.024105
0 0.426486 0.433059 0.028367 0.027967
0 0.454428 0.438985 0.028477 0.029933
0 0.420005 0.467386 0.046257 0.030526
0 0.358362 0.490076 0.063808 0.029638
0 0.045516 0.444861 0.058621 0.027561
0 0.125943 0.434386 0.050964 0.028245
0 0.511492 0.419798 0.027912 0.031467
0 0.482488 0.441806 0.027248 0.026724
0 0.199082 0.421317 0.042863 0.024774
0 0.245971 0.411062 0.040013 0.024795
0 0.786608 0.377486 0.026839 0.016788
0 0.768718 0.369778 0.030159 0.022035
0 0.270934 0.520067 0.069134 0.039976
0 0.302619 0.405769 0.035185 0.021010
0 0.683324 0.402299 0.036519 0.022472
0 0.464232 0.468529 0.048055 0.034978
0 0.358311 0.393311 0.037623 0.023380
0 0.651075 0.412333 0.038308 0.027275
0 0.643184 0.439125 0.041305 0.032051
0 0.425174 0.496154 0.060589 0.036797
0 0.153587 0.555527 0.070934 0.040530
0 0.562285 0.460162 0.039656 0.030845
0 0.425008 0.384078 0.039559 0.024735
0 0.357197 0.523092 0.069310 0.040911
0 0.479232 0.506982 0.063726 0.040532
0 0.351754 0.553424 0.077703 0.046504
0 0.182382 0.411301 0.047402 0.025883
0 0.222347 0.560541 0.071213 0.046164
0 0.224356 0.592613 0.073431 0.048243
0 0.094077 0.604425 0.077511 0.052145
0 0.105354 0.645204 0.075950 0.053470
0 0.075094 0.421632 0.052735 0.021006
