0 0.770460 0.429055 0.034272 0.025400
0 0.735539 0.498429 0.052686 0.038069
0 0.826250 0.428649 0.028858 0.026834
0 0.859983 0.437254 0.031626 0.030407
0 0.800848 0.463143 0.024371 0.027415
0 0.832505 0.454185 0.026682 0.028290
0 0.033524 0.494485 0.063402 0.032258
0 0.057073 0.701693 0.093086 0.081882
0 0.066086 0.477008 0.051706 0.024426
0 0.189210 0.455617 0.051716 0.031379
0 0.823457 0.480830 0.038636 0.032393
0 0.268401 0.457152 0.043235 0.034969
0 0.369492 0.426174 0.042639 0.023721
0 0.428740 0.419210 0.037976 0.020574
0 0.534791 0.408696 0.045613 0.027297
0 0.871305 0.462418 0.028670 0.031629
0 0.787419 0.496243 0.046155 0.032527
0 0.800891 0.521261 0.055719 0.034173
0 0.847942 0.500725 0.042633 0.034064
0 0.727820 0.526843 0.055531 0.035224
0 0.624072 0.413645 0.043849 0.021061
0 0.684552 0.410582 0.041729 0.026283
0 0.838407 0.535169 0.057375 0.034215
0 0.042162 0.655160 0.076615 0.069515
0 0.747121 0.411584 0.039224 0.020438
0 0.362491 0.643281 0.089613 0.070282
0 0.272506 0.429672 0.046366 0.034752
0 0.133289 0.459212 0.057976 0.038034
0 0.338735 0.715707 0.108956 0.080577
0 0.217176 0.805238 0.055138 0.054618
