0 0.755421 0.419063 0.034272 0.025400
0 0.769506 0.465995 0.034025 0.038069
0 0.798866 0.404707 0.028428 0.024380
0 0.802132 0.456416 0.024371 0.027415
0 0.809111 0.421046 0.029348 0.028290
0 0.828045 0.445635 0.027170 0.030450
0 0.138766 0.590711 0.061018 0.062357
0 0.277943 0.450980 0.046313 0.031874
0 0.340674 0.431695 0.039955 0.024973
0 0.406888 0.418227 0.051603 0.028864
0 0.838338 0.413186 0.028670 0.026966
0 0.824901 0.471871 0.037386 0.031991
0 0.848743 0.497618 0.040792 0.034173
0 0.867492 0.451418 0.027843 0.030713
0 0.788229 0.504852 0.047569 0.035210
0 0.487681 0.417028 0.043849 0.021061
0 0.557986 0.410313 0.041729 0.026283
0 0.896548 0.481783 0.034795 0.034215
0 0.631843 0.411258 0.039224 0.020438
0 0.681957 0.522969 0.061796 0.030596
0 0.142293 0.465111 0.052394 0.038824
0 0.034570 0.479485 0.055553 0.035938
0 0.225765 0.472421 0.043510 0.048738
0 0.778964 0.545572 0.060930 0.038671
0 0.958674 0.500294 0.055721 0.036951
0 0.234601 0.430988 0.049780 0.027812
