0 0.356164 0.386421 0.037116 0.027073
0 0.425970 0.403642 0.024057 0.031306
0 0.416039 0.445444 0.029300 0.031495
0 0.377791 0.484968 0.066639 0.039034
0 0.402923 0.387053 0.038660 0.026770
0 0.427058 0.427245 0.023337 0.028178
0 0.418393 0.364420 0.086581 0.037926
0 0.427808 0.465550 0.039015 0.036602
0 0.309833 0.506767 0.067882 0.034570
0 0.469478 0.413127 0.023329 0.027410
0 0.452872 0.398291 0.020887 0.026469
0 0.288784 0.534385 0.065263 0.038059
0 0.254038 0.570422 0.072664 0.049504
0 0.487362 0.430567 0.027210 0.023420
0 0.472096 0.462483 0.049000 0.047570
0 0.158991 0.607987 0.093220 0.053476
0 0.721333 0.397711 0.034685 0.026094
0 0.428492 0.502262 0.051083 0.037849
0 0.354820 0.519664 0.048952 0.028765
0 0.647431 0.429470 0.037749 0.028200
0 0.142590 0.661225 0.092939 0.062118
0 0.096575 0.432588 0.035075 0.025268
0 0.179367 0.544566 0.064035 0.040512
0 0.185704 0.416371 0.039738 0.027908
0 0.364274 0.542899 0.067772 0.044559
0 0.314139 0.587076 0.060494 0.047431
0 0.055993 0.673357 0.097622 0.058357
0 0.041603 0.728703 0.083207 0.079403
0 0.287920 0.391178 0.037149 0.028133
0 0.156208 0.723437 0.097845 0.076417
0 0.050956 0.814172 0.099827 0.110171
