0 0.431511 0.412520 0.025906 0.022544
0 0.392654 0.404188 0.034810 0.021811
0 0.432644 0.395786 0.029831 0.021876
0 0.477860 0.405952 0.025061 0.026047
0 0.416375 0.453183 0.033046 0.029455
0 0.397806 0.477236 0.050755 0.033311
0 0.338636 0.495855 0.054405 0.032421
0 0.269242 0.517404 0.069448 0.034410
0 0.790727 0.370544 0.026291 0.021970
0 0.753472 0.389476 0.034520 0.024232
0 0.752585 0.370061 0.035482 0.018244
0 0.028466 0.457335 0.043270 0.032429
0 0.179194 0.422829 0.054859 0.027561
0 0.661845 0.405431 0.032594 0.026637
0 0.265470 0.404112 0.046882 0.028245
0 0.640674 0.432301 0.040018 0.031254
0 0.501205 0.440705 0.037576 0.035063
0 0.474103 0.485288 0.055675 0.038474
0 0.562590 0.457994 0.042573 0.030984
0 0.363358 0.511679 0.059786 0.036001
0 0.327071 0.396994 0.040668 0.021753
0 0.385462 0.387425 0.038900 0.021143
0 0.426785 0.521750 0.060595 0.042684
0 0.294030 0.547098 0.069435 0.042788
0 0.143532 0.548981 0.075776 0.044258
0 0.443127 0.381543 0.030802 0.019874
0 0.095798 0.433051 0.044947 0.027908
0 0.174718 0.603680 0.094864 0.054367
0 0.132304 0.584203 0.081312 0.045482
0 0.500658 0.371490 0.034508 0.020728
0 0.074482 0.426694 0.047998 0.017785
0 0.079639 0.623143 0.092891 0.059566
