0 0.697432 0.517229 0.051439 0.037084
0 0.855109 0.470817 0.032258 0.032500
0 0.702138 0.398140 0.035114 0.024592
0 0.917533 0.516457 0.024179 0.032404
0 0.724727 0.528614 0.029713 0.033152
0 0.258042 0.433233 0.044988 0.031968
0 0.072176 0.639188 0.073508 0.070912
0 0.164082 0.540313 0.048384 0.062222
0 0.315406 0.489444 0.046569 0.039692
0 0.584560 0.550645 0.028613 0.040962
0 0.666931 0.603701 0.078236 0.061864
0 0.816083 0.428672 0.031796 0.031556
0 0.785617 0.401964 0.026039 0.023531
0 0.781110 0.476185 0.039136 0.034052
0 0.760731 0.437356 0.028893 0.033180
0 0.834977 0.413745 0.030734 0.024645
0 0.485282 0.411952 0.045846 0.027746
0 0.816496 0.396697 0.031942 0.023905
0 0.664251 0.412224 0.044059 0.023382
0 0.561300 0.405340 0.041615 0.027766
