0 0.323818 0.394990 0.042429 0.021811
0 0.450861 0.383153 0.021259 0.022247
0 0.427777 0.399590 0.024410 0.027805
0 0.422353 0.430626 0.027659 0.032688
0 0.461863 0.412254 0.030954 0.026255
0 0.042142 0.458488 0.059110 0.028715
0 0.131548 0.432743 0.047725 0.027997
0 0.345157 0.499514 0.063525 0.039580
0 0.215742 0.419081 0.049507 0.024876
0 0.250492 0.516162 0.073476 0.045180
0 0.465641 0.374703 0.026521 0.019900
0 0.483982 0.397678 0.033790 0.029036
0 0.271425 0.408305 0.040134 0.022893
0 0.145258 0.542353 0.081478 0.053995
0 0.414789 0.462928 0.041924 0.033380
0 0.699021 0.409847 0.032159 0.021973
0 0.495702 0.438720 0.034237 0.029244
0 0.533923 0.453332 0.042669 0.030697
0 0.432695 0.484626 0.046973 0.037077
0 0.367328 0.532599 0.058174 0.042903
0 0.279180 0.554277 0.072947 0.043243
0 0.266329 0.627989 0.203343 0.174697
0 0.107460 0.678446 0.095319 0.083204
