0 0.425587 0.406918 0.026262 0.019370
0 0.383581 0.402023 0.035838 0.021811
0 0.430612 0.394733 0.029831 0.020859
0 0.472909 0.400372 0.025061 0.024105
0 0.426496 0.428279 0.027638 0.025587
0 0.456701 0.424642 0.025802 0.025151
0 0.448236 0.449704 0.033511 0.027831
0 0.418052 0.468294 0.052780 0.033776
0 0.510418 0.417811 0.027912 0.031314
0 0.482441 0.425393 0.024121 0.023617
0 0.359682 0.486008 0.059961 0.032693
0 0.078836 0.448436 0.040433 0.026615
0 0.481893 0.454157 0.036231 0.029258
0 0.141630 0.430128 0.045503 0.025630
0 0.289400 0.513083 0.060461 0.035873
0 0.282766 0.405956 0.044283 0.030657
0 0.673149 0.404167 0.036671 0.021885
0 0.726815 0.398452 0.039025 0.020534
0 0.784134 0.377324 0.024936 0.019613
0 0.669742 0.422794 0.035050 0.028756
0 0.588105 0.435300 0.046584 0.029621
0 0.071576 0.434908 0.040969 0.021624
0 0.355402 0.394553 0.046458 0.021162
0 0.508118 0.463724 0.038096 0.029824
0 0.431980 0.382469 0.036103 0.023757
0 0.439419 0.522291 0.176622 0.105939
0 0.179823 0.404902 0.024964 0.021881
0 0.173798 0.541532 0.066023 0.047318
0 0.108226 0.423184 0.039998 0.024382
0 0.264526 0.582553 0.081323 0.050273
0 0.112701 0.583896 0.065254 0.045638
0 0.251400 0.543917 0.062153 0.048164
0 0.503826 0.374132 0.036626 0.021145
