0 0.424180 0.405284 0.026262 0.019370
0 0.378707 0.400907 0.036392 0.021811
0 0.429562 0.394239 0.029831 0.020859
0 0.468300 0.397320 0.026744 0.023519
0 0.426188 0.427015 0.027638 0.025587
0 0.456871 0.423254 0.024201 0.025274
0 0.455264 0.444272 0.033511 0.027831
0 0.420929 0.466890 0.052780 0.033776
0 0.510010 0.417191 0.027912 0.031314
0 0.481423 0.415433 0.024121 0.023617
0 0.366602 0.488988 0.059961 0.032693
0 0.485238 0.448862 0.033962 0.029810
0 0.045924 0.454305 0.046225 0.036289
0 0.294411 0.515037 0.060461 0.035873
0 0.203782 0.416462 0.047358 0.037363
0 0.763895 0.369307 0.029940 0.021224
0 0.017656 0.453571 0.035312 0.033236
0 0.287949 0.407074 0.048264 0.027693
0 0.350629 0.394534 0.040282 0.028505
0 0.668616 0.414492 0.091664 0.065456
0 0.208290 0.536925 0.070412 0.042943
0 0.590652 0.467934 0.043867 0.030862
0 0.321999 0.527287 0.055797 0.033599
0 0.411930 0.497297 0.056377 0.034656
0 0.408925 0.384112 0.036626 0.016148
0 0.477606 0.492225 0.022340 0.031861
0 0.378047 0.528218 0.063947 0.042638
0 0.130489 0.550207 0.073476 0.045180
0 0.565778 0.452612 0.039746 0.027803
0 0.482795 0.473140 0.049730 0.028665
0 0.275944 0.566905 0.086142 0.053299
0 0.531022 0.408142 0.023194 0.025024
0 0.186304 0.587714 0.082962 0.048670
0 0.385361 0.574973 0.024846 0.041052
0 0.040955 0.576844 0.081478 0.053995
0 0.179757 0.643316 0.055279 0.046473
