0 0.355897 0.386444 0.037116 0.027073
0 0.425993 0.403573 0.024057 0.031306
0 0.415996 0.445294 0.029300 0.031495
0 0.378011 0.484841 0.066639 0.039034
0 0.402635 0.387011 0.038660 0.026770
0 0.427170 0.427057 0.023337 0.028178
0 0.418311 0.364397 0.086678 0.037926
0 0.427881 0.465368 0.039015 0.036602
0 0.310117 0.506694 0.067771 0.034570
0 0.469704 0.412785 0.023329 0.027410
0 0.452791 0.398062 0.020887 0.026397
0 0.288955 0.534302 0.065263 0.038059
0 0.254168 0.570386 0.072664 0.049504
0 0.488114 0.429182 0.027210 0.023420
0 0.473573 0.460856 0.049000 0.047570
0 0.160246 0.608037 0.093220 0.053476
0 0.721333 0.397711 0.034685 0.026094
0 0.430548 0.500877 0.051083 0.037849
0 0.354839 0.519720 0.049123 0.028901
0 0.652691 0.427118 0.037352 0.028101
0 0.142685 0.661252 0.092674 0.062118
0 0.093412 0.433338 0.035075 0.025268
0 0.184602 0.543550 0.064035 0.040512
0 0.181915 0.417271 0.039738 0.027908
0 0.365634 0.541974 0.067772 0.044559
0 0.314632 0.586384 0.060494 0.047431
0 0.056579 0.672657 0.097622 0.058357
0 0.041774 0.728703 0.083549 0.079403
0 0.284757 0.392108 0.037149 0.028133
0 0.157798 0.722261 0.097091 0.076217
0 0.052303 0.812095 0.101130 0.108716
