0 0.431051 0.412188 0.025962 0.022041
0 0.392023 0.404085 0.034810 0.021811
0 0.432249 0.395416 0.029831 0.021611
0 0.477821 0.405337 0.025061 0.025196
0 0.417169 0.451771 0.032637 0.028803
0 0.400885 0.476436 0.050755 0.033311
0 0.345641 0.493801 0.053929 0.030410
0 0.273413 0.518333 0.069448 0.034920
0 0.133295 0.435011 0.054859 0.027561
0 0.730679 0.381501 0.029121 0.023153
0 0.215658 0.413391 0.046882 0.028245
0 0.713789 0.404138 0.036922 0.027555
0 0.511492 0.427251 0.027912 0.034706
0 0.574158 0.446335 0.044816 0.028476
0 0.657457 0.412770 0.035982 0.026030
0 0.446778 0.480838 0.046783 0.029729
0 0.284374 0.404569 0.040668 0.021753
0 0.339986 0.394814 0.038900 0.021143
0 0.547538 0.473771 0.046541 0.036162
0 0.402876 0.509471 0.060172 0.040137
0 0.164621 0.542612 0.075776 0.039983
0 0.398646 0.388030 0.030802 0.019874
0 0.045582 0.444866 0.048602 0.028584
0 0.344590 0.549160 0.071350 0.047991
0 0.250591 0.547857 0.070023 0.031473
0 0.452411 0.378113 0.034508 0.018018
0 0.497695 0.369305 0.036108 0.026633
0 0.245975 0.576005 0.080902 0.048169
0 0.133200 0.638176 0.087533 0.060779
0 0.108066 0.421895 0.047716 0.022507
