0 0.798627 0.444303 0.029161 0.029344
0 0.836910 0.446435 0.030785 0.027122
0 0.864743 0.455772 0.030096 0.034676
0 0.857742 0.432628 0.027394 0.024722
0 0.489107 0.414861 0.040896 0.026064
0 0.312354 0.495909 0.046237 0.048883
0 0.244923 0.476529 0.027575 0.035416
0 0.594219 0.414906 0.037018 0.024757
0 0.678570 0.413142 0.043300 0.027500
0 0.284717 0.459545 0.039410 0.036402
0 0.794440 0.481011 0.038258 0.032292
0 0.886099 0.505033 0.056028 0.030308
0 0.643114 0.531992 0.074141 0.029620
0 0.751895 0.413506 0.042585 0.025778
0 0.166793 0.505374 0.041082 0.042255
0 0.769431 0.516340 0.067833 0.039972
0 0.636106 0.557221 0.070994 0.044076
0 0.523698 0.524293 0.070271 0.038261
0 0.496766 0.565970 0.077410 0.041123
0 0.407690 0.549328 0.067476 0.043482
0 0.679654 0.392197 0.039528 0.019619
0 0.604342 0.390946 0.034421 0.018755
0 0.824093 0.415724 0.040957 0.021360
0 0.885062 0.547087 0.024886 0.037297
0 0.298134 0.577356 0.079048 0.046364
0 0.728634 0.587127 0.076345 0.052449
0 0.148527 0.456707 0.053607 0.031228
0 0.035148 0.481942 0.052991 0.033884
0 0.172415 0.553663 0.076044 0.041412
0 0.745964 0.391096 0.041096 0.019881
0 0.370809 0.414310 0.044861 0.020631
0 0.053918 0.581888 0.073634 0.045913
0 0.573158 0.403176 0.039214 0.025883
0 0.233458 0.791864 0.056871 0.056697
0 0.644057 0.402989 0.042351 0.026633
0 0.405341 0.419211 0.042534 0.027710
0 0.212285 0.500105 0.044668 0.046987
0 0.313044 0.384104 0.032276 0.023709
0 0.203060 0.473652 0.047299 0.033819
