0 0.794324 0.439193 0.027977 0.025400
0 0.836112 0.439545 0.030785 0.027122
0 0.863574 0.449173 0.023097 0.030964
0 0.856446 0.430805 0.027394 0.024722
0 0.278558 0.476141 0.031048 0.040020
0 0.525912 0.515605 0.064095 0.046222
0 0.255765 0.483665 0.039875 0.038622
0 0.262988 0.454600 0.026842 0.029425
0 0.246062 0.524880 0.044804 0.048802
0 0.174167 0.454965 0.047238 0.033590
0 0.160325 0.511174 0.041082 0.042255
0 0.842917 0.472268 0.037142 0.028974
0 0.301230 0.437477 0.043780 0.026794
0 0.882428 0.470026 0.025724 0.031875
0 0.791531 0.478548 0.039838 0.030356
0 0.357086 0.429391 0.051713 0.024757
0 0.138929 0.496927 0.042083 0.037612
0 0.418594 0.419538 0.040246 0.024554
0 0.818789 0.486923 0.041399 0.028290
0 0.787466 0.562104 0.030047 0.038427
0 0.397039 0.401021 0.043597 0.024501
0 0.513558 0.410230 0.042382 0.022507
0 0.628634 0.411869 0.048578 0.025132
0 0.238776 0.436792 0.052318 0.029034
0 0.549532 0.401512 0.038025 0.019881
0 0.896825 0.501620 0.080035 0.054324
0 0.867261 0.531469 0.070303 0.041138
0 0.793120 0.515200 0.056840 0.036102
0 0.719966 0.538736 0.063320 0.044026
0 0.698604 0.411926 0.046779 0.023451
0 0.608399 0.558552 0.069976 0.039762
0 0.724574 0.574716 0.073378 0.055244
0 0.496573 0.549019 0.068424 0.038258
0 0.762166 0.411818 0.042377 0.024695
0 0.781464 0.397417 0.039236 0.021227
0 0.725844 0.399938 0.036053 0.021403
0 0.425594 0.582169 0.080289 0.044406
0 0.314985 0.551444 0.075893 0.041052
0 0.618254 0.517839 0.064599 0.041856
0 0.282807 0.581210 0.072154 0.039387
0 0.688759 0.508467 0.060533 0.035650
0 0.101728 0.464304 0.051636 0.041590
0 0.750553 0.495031 0.044271 0.036191
0 0.079456 0.577412 0.069117 0.041592
0 0.640591 0.605292 0.075441 0.064279
0 0.840754 0.412971 0.041854 0.019068
0 0.912533 0.414397 0.042639 0.019068
0 0.879862 0.397399 0.036364 0.019381
0 0.491479 0.402429 0.046805 0.020502
0 0.480126 0.670393 0.100231 0.060765
0 0.198265 0.515216 0.046350 0.053191
0 0.192336 0.480769 0.048495 0.038587
