0 0.306030 0.394977 0.042429 0.021811
0 0.408267 0.373150 0.022233 0.024975
0 0.403311 0.406874 0.030577 0.028141
0 0.433618 0.394107 0.030622 0.025824
0 0.076703 0.446737 0.048418 0.028215
0 0.400360 0.472124 0.046912 0.035643
0 0.195293 0.423060 0.049507 0.024876
0 0.299876 0.504071 0.069272 0.038533
0 0.469206 0.393044 0.033875 0.028893
0 0.255421 0.412317 0.040134 0.022893
0 0.221530 0.526884 0.080544 0.050573
0 0.432867 0.434656 0.025832 0.029408
0 0.480524 0.417985 0.034237 0.029244
0 0.577148 0.434614 0.042233 0.030697
0 0.465248 0.445433 0.033598 0.036258
0 0.348944 0.512545 0.069571 0.028754
0 0.425621 0.523194 0.133996 0.118433
0 0.227804 0.591401 0.077447 0.048975
0 0.118681 0.555201 0.073183 0.049262
0 0.329073 0.545496 0.057127 0.043288
0 0.135872 0.734140 0.105114 0.085713
0 0.140256 0.429112 0.048925 0.026225
