0 0.369285 0.391772 0.038491 0.027073
0 0.424927 0.406759 0.024057 0.031306
0 0.411787 0.448765 0.037243 0.031495
0 0.387341 0.377034 0.037615 0.022131
0 0.363125 0.489703 0.066639 0.039034
0 0.411963 0.389709 0.038660 0.026770
0 0.427887 0.428938 0.025529 0.033633
0 0.428538 0.366834 0.082863 0.037926
0 0.420189 0.473131 0.042059 0.036602
0 0.291329 0.506842 0.068603 0.034570
0 0.493417 0.408539 0.027835 0.035217
0 0.466424 0.424462 0.028407 0.029584
0 0.020419 0.461405 0.040839 0.037658
0 0.452349 0.404005 0.029597 0.030479
0 0.281013 0.538178 0.065263 0.038059
0 0.687574 0.411035 0.040484 0.025339
0 0.115017 0.436673 0.042969 0.028980
0 0.246754 0.573383 0.072664 0.049504
0 0.465930 0.468554 0.042861 0.035202
0 0.522887 0.405484 0.031405 0.032099
0 0.194382 0.421612 0.040705 0.025790
0 0.427698 0.499004 0.062872 0.053716
0 0.116136 0.609240 0.093220 0.053476
0 0.484703 0.511682 0.053881 0.039977
0 0.342833 0.550495 0.067179 0.049785
0 0.348908 0.524101 0.047840 0.038815
0 0.330456 0.602462 0.061916 0.051735
0 0.157299 0.698432 0.080278 0.071193
