0 0.779547 0.433189 0.032900 0.025400
0 0.824717 0.424127 0.030370 0.021683
0 0.856880 0.435949 0.023097 0.030964
0 0.837675 0.410085 0.027394 0.024722
0 0.690832 0.506767 0.064095 0.038069
0 0.972300 0.505551 0.055399 0.038720
0 0.836103 0.468851 0.037142 0.028974
0 0.880303 0.461161 0.025724 0.031875
0 0.799342 0.468500 0.039838 0.030356
0 0.155674 0.648906 0.076738 0.077994
0 0.835098 0.445931 0.031204 0.028290
0 0.189828 0.466149 0.054793 0.031018
0 0.207708 0.545241 0.042509 0.055256
0 0.219452 0.446692 0.046388 0.019566
0 0.278712 0.434768 0.046113 0.027732
0 0.807041 0.493697 0.049675 0.032393
0 0.375429 0.422915 0.042289 0.027115
0 0.467107 0.415830 0.042639 0.023721
0 0.534207 0.412504 0.037976 0.020574
0 0.618614 0.409842 0.045227 0.027195
0 0.120749 0.601517 0.056910 0.059060
0 0.867939 0.483831 0.038481 0.031629
0 0.754064 0.508338 0.054107 0.038479
0 0.782995 0.524790 0.055719 0.034173
0 0.825573 0.515929 0.051061 0.037079
0 0.036739 0.652809 0.073478 0.070708
0 0.700616 0.531576 0.056070 0.035225
0 0.676402 0.414540 0.043849 0.018620
0 0.732636 0.411259 0.041729 0.026283
0 0.652605 0.549360 0.077093 0.038057
0 0.870798 0.540632 0.059638 0.038475
0 0.140013 0.540543 0.040773 0.047073
0 0.072785 0.476841 0.053521 0.034099
0 0.783902 0.411971 0.039224 0.020438
0 0.145377 0.455854 0.044134 0.032475
