0 0.378532 0.392265 0.035925 0.027073
0 0.427988 0.422543 0.025485 0.031306
0 0.072284 0.450578 0.049507 0.024876
0 0.385743 0.475685 0.054180 0.033623
0 0.387341 0.377034 0.037615 0.022131
0 0.144494 0.431724 0.040134 0.022893
0 0.308496 0.508363 0.073691 0.044685
0 0.418657 0.390402 0.024549 0.024435
0 0.439144 0.379934 0.023993 0.023256
0 0.657219 0.401300 0.037840 0.026178
0 0.448194 0.404703 0.026887 0.028064
0 0.423281 0.455919 0.040764 0.033633
0 0.498205 0.406211 0.051317 0.070809
0 0.379330 0.507794 0.061154 0.046733
0 0.226172 0.528945 0.068603 0.040938
0 0.449949 0.484419 0.048401 0.039230
0 0.497598 0.455286 0.036802 0.032119
0 0.293053 0.551631 0.066655 0.043428
0 0.486713 0.505747 0.060671 0.043916
0 0.453092 0.461541 0.035180 0.028934
0 0.232756 0.412525 0.035733 0.026049
0 0.464801 0.428876 0.029610 0.031259
0 0.226810 0.570519 0.070478 0.046855
0 0.390122 0.544665 0.062849 0.055096
0 0.295289 0.396754 0.032572 0.025537
0 0.146465 0.418265 0.040814 0.025109
0 0.111772 0.656540 0.094345 0.075696
