0 0.802325 0.445828 0.026928 0.034031
0 0.823492 0.465659 0.036459 0.029309
0 0.776915 0.509207 0.061322 0.037953
0 0.861641 0.473471 0.036960 0.027496
0 0.699949 0.415098 0.040547 0.026064
0 0.714940 0.400940 0.034921 0.019913
0 0.292977 0.475550 0.034593 0.045982
0 0.803256 0.411277 0.038700 0.026295
0 0.248795 0.468508 0.035473 0.030440
0 0.835703 0.531744 0.070729 0.039123
0 0.769050 0.417280 0.037018 0.024757
0 0.836213 0.414890 0.043300 0.027500
0 0.415477 0.419036 0.049215 0.026258
0 0.593168 0.516404 0.064237 0.036761
0 0.668862 0.552432 0.062032 0.038261
0 0.555658 0.544963 0.068221 0.035252
0 0.982577 0.520073 0.022625 0.029725
0 0.391244 0.556722 0.071903 0.043811
0 0.767248 0.399170 0.033789 0.019797
0 0.216579 0.550692 0.074141 0.039387
0 0.888258 0.414326 0.042585 0.025778
0 0.221610 0.460775 0.038222 0.028721
0 0.319952 0.532769 0.073183 0.039972
0 0.150316 0.577759 0.070994 0.046551
0 0.081839 0.539754 0.070271 0.038261
0 0.861732 0.395545 0.039528 0.017255
0 0.472966 0.691929 0.039393 0.044734
0 0.249368 0.787967 0.112649 0.093027
0 0.448976 0.405117 0.033303 0.023959
0 0.350932 0.421402 0.040451 0.026535
0 0.634034 0.411282 0.042439 0.030197
0 0.219132 0.493523 0.044438 0.046138
0 0.539563 0.406049 0.042940 0.024475
0 0.309535 0.435015 0.046578 0.030749
