0 0.351372 0.386831 0.037116 0.027073
0 0.426382 0.402409 0.024057 0.031306
0 0.415262 0.442759 0.029300 0.031495
0 0.381761 0.482676 0.066639 0.039034
0 0.397742 0.386295 0.038660 0.026770
0 0.429075 0.423868 0.023337 0.028178
0 0.416916 0.364004 0.088320 0.037926
0 0.429118 0.462274 0.039015 0.036602
0 0.314948 0.505448 0.065885 0.034570
0 0.472755 0.407243 0.023329 0.027410
0 0.451419 0.394169 0.020887 0.025172
0 0.291858 0.532885 0.065263 0.038059
0 0.256369 0.569779 0.072664 0.049504
0 0.496020 0.414639 0.027210 0.023420
0 0.489587 0.436946 0.041449 0.046117
0 0.184120 0.607912 0.093220 0.053476
0 0.460500 0.478776 0.041302 0.037849
0 0.355163 0.520680 0.052030 0.031209
0 0.144287 0.661713 0.088168 0.062118
0 0.030663 0.448574 0.039531 0.029756
0 0.225157 0.533562 0.052735 0.040512
0 0.138371 0.427805 0.043995 0.027908
0 0.396724 0.522018 0.059399 0.044559
0 0.328869 0.573384 0.055793 0.044257
0 0.067538 0.661496 0.096681 0.059429
0 0.044679 0.728703 0.089358 0.079403
0 0.227907 0.406549 0.043741 0.028133
0 0.113728 0.578993 0.077198 0.057133
0 0.183786 0.702558 0.082719 0.070145
0 0.077829 0.782558 0.114809 0.093444
