0 0.771086 0.429516 0.034272 0.025400
0 0.800560 0.400845 0.031387 0.023232
0 0.826204 0.397314 0.030480 0.025093
0 0.732127 0.499887 0.054633 0.038069
0 0.827142 0.430257 0.028944 0.027325
0 0.861240 0.439334 0.031626 0.031141
0 0.800943 0.463268 0.024371 0.027415
0 0.832793 0.456222 0.026682 0.028290
0 0.041375 0.493978 0.063402 0.032258
0 0.076939 0.687717 0.094524 0.081337
0 0.084546 0.474555 0.051706 0.024426
0 0.199130 0.453275 0.051716 0.031379
0 0.822110 0.481775 0.038636 0.032393
0 0.273927 0.453043 0.044026 0.033344
0 0.374593 0.425329 0.042639 0.023721
0 0.434853 0.418843 0.037976 0.020574
0 0.542833 0.408476 0.045227 0.027195
0 0.872503 0.464760 0.028670 0.031629
0 0.786299 0.496820 0.046681 0.032634
0 0.799701 0.521477 0.055719 0.034173
0 0.845766 0.502579 0.044443 0.034734
0 0.724986 0.528009 0.056070 0.035225
0 0.631537 0.413587 0.043849 0.021061
0 0.690263 0.410744 0.041729 0.026283
0 0.828928 0.536848 0.060326 0.034695
0 0.055032 0.645960 0.081812 0.068307
0 0.750615 0.411548 0.039224 0.020438
0 0.340114 0.652540 0.091180 0.071683
0 0.277548 0.427687 0.046117 0.034162
0 0.141500 0.457598 0.054515 0.035924
0 0.307823 0.728954 0.112693 0.083706
0 0.199528 0.816417 0.055138 0.054618
