0 0.430806 0.412011 0.025992 0.021774
0 0.391688 0.404030 0.034810 0.021811
0 0.432039 0.395219 0.029831 0.021471
0 0.477800 0.405010 0.025061 0.024743
0 0.417591 0.451021 0.032419 0.028456
0 0.407882 0.474760 0.050755 0.033311
0 0.352718 0.491544 0.053350 0.027969
0 0.275629 0.518826 0.069448 0.035191
0 0.116669 0.435461 0.057868 0.027561
0 0.762895 0.371102 0.027856 0.020747
0 0.194148 0.414666 0.046882 0.028245
0 0.746101 0.393518 0.033910 0.020937
0 0.511492 0.426253 0.027912 0.034272
0 0.622215 0.428658 0.041189 0.028008
0 0.709570 0.394813 0.032476 0.023326
0 0.468096 0.468185 0.043108 0.025776
0 0.261060 0.408213 0.040668 0.021753
0 0.317587 0.399490 0.038900 0.021143
0 0.593009 0.453774 0.045991 0.031965
0 0.461429 0.489896 0.055908 0.036248
0 0.171809 0.540116 0.075776 0.039983
0 0.377209 0.391581 0.030802 0.019874
0 0.027207 0.451017 0.048205 0.028659
0 0.400384 0.525265 0.070723 0.041388
0 0.311576 0.529177 0.070023 0.030473
0 0.433034 0.380876 0.034508 0.018018
0 0.475601 0.371309 0.036108 0.026633
0 0.320882 0.554826 0.069020 0.047636
0 0.259033 0.596506 0.081515 0.059412
0 0.139590 0.585869 0.080474 0.050143
0 0.067314 0.577146 0.079087 0.039326
0 0.064617 0.429360 0.047716 0.022507
