0 0.158681 0.602638 0.072265 0.080338
0 0.812759 0.415855 0.028574 0.022602
0 0.801376 0.425247 0.028967 0.022362
0 0.297933 0.444357 0.044734 0.031951
0 0.363921 0.428367 0.040137 0.023795
0 0.438970 0.409083 0.042752 0.020438
0 0.698372 0.417409 0.039800 0.025079
0 0.847971 0.425217 0.031551 0.026358
0 0.807840 0.459605 0.028265 0.028202
0 0.741074 0.503282 0.052647 0.037972
0 0.681936 0.407093 0.035069 0.023962
0 0.682069 0.536900 0.061160 0.044195
0 0.937742 0.520046 0.054176 0.038320
0 0.806713 0.493107 0.043377 0.041311
0 0.036971 0.668688 0.073941 0.074961
0 0.530221 0.408036 0.048656 0.026760
0 0.726530 0.401428 0.034215 0.016659
0 0.131500 0.460535 0.042653 0.029178
0 0.140795 0.473659 0.057709 0.026978
0 0.806618 0.536382 0.057935 0.039480
0 0.251610 0.439237 0.048802 0.028331
0 0.232721 0.429645 0.040315 0.025840
