0 0.382252 0.387948 0.030068 0.019370
0 0.364276 0.397604 0.038032 0.021811
0 0.421655 0.403285 0.027638 0.025587
0 0.446436 0.401726 0.023485 0.025329
0 0.479560 0.407756 0.021259 0.022247
0 0.444609 0.446561 0.035261 0.029790
0 0.401304 0.470843 0.045797 0.034325
0 0.462091 0.390484 0.027415 0.022790
0 0.484638 0.443319 0.029239 0.033941
0 0.027883 0.456541 0.055766 0.040337
0 0.104266 0.440983 0.053606 0.028715
0 0.185529 0.423926 0.044252 0.023811
0 0.257772 0.519461 0.068969 0.039580
0 0.731579 0.382951 0.030746 0.021885
0 0.265351 0.409372 0.039694 0.023591
0 0.165049 0.538535 0.073476 0.045180
0 0.495388 0.395921 0.030313 0.019900
0 0.511702 0.415789 0.031248 0.033310
0 0.704598 0.406643 0.039059 0.022374
0 0.332733 0.397022 0.040134 0.022893
0 0.082799 0.566628 0.081478 0.053995
0 0.819518 0.364141 0.024578 0.019255
0 0.644465 0.419447 0.036633 0.026676
0 0.332419 0.507361 0.057400 0.035638
0 0.571058 0.463567 0.047372 0.032004
0 0.468300 0.497881 0.050915 0.034794
0 0.460384 0.478542 0.049824 0.029176
0 0.394292 0.502224 0.056385 0.035465
0 0.266616 0.583314 0.077504 0.056796
0 0.061293 0.745063 0.092424 0.083926
0 0.168421 0.667176 0.085701 0.067888
