0 0.564982 0.567268 0.057022 0.051768
0 0.275417 0.453145 0.051345 0.034964
0 0.400139 0.409373 0.036719 0.031415
0 0.410310 0.549320 0.066866 0.061260
0 0.690218 0.562489 0.074885 0.054714
0 0.766678 0.540021 0.059926 0.047514
0 0.635568 0.538157 0.061686 0.048401
0 0.709138 0.521461 0.057596 0.041691
0 0.778629 0.475216 0.037714 0.034420
0 0.824603 0.520965 0.058360 0.046296
0 0.223029 0.504914 0.064313 0.068621
0 0.889042 0.498747 0.058943 0.039983
0 0.360548 0.424221 0.053766 0.031566
0 0.507348 0.410592 0.045846 0.032069
0 0.889090 0.454548 0.037047 0.039983
0 0.860314 0.429227 0.035276 0.031566
0 0.778929 0.430055 0.034406 0.032618
0 0.817610 0.437216 0.041446 0.032618
0 0.675927 0.413882 0.044059 0.023382
0 0.567133 0.404823 0.041615 0.027766
