0 0.751656 0.417007 0.034272 0.025400
0 0.770734 0.463157 0.034025 0.038069
0 0.803933 0.453186 0.024371 0.027415
0 0.804773 0.416347 0.029348 0.028290
0 0.826325 0.440298 0.024304 0.029964
0 0.110953 0.616864 0.063558 0.064988
0 0.265332 0.457206 0.047337 0.034504
0 0.329709 0.434378 0.039590 0.025599
0 0.396643 0.419677 0.051603 0.028864
0 0.831544 0.405551 0.028670 0.026966
0 0.829648 0.468152 0.033293 0.031991
0 0.854228 0.494485 0.040792 0.034173
0 0.864955 0.443979 0.027843 0.030713
0 0.795966 0.500741 0.045852 0.035210
0 0.475036 0.418105 0.043849 0.021061
0 0.543711 0.410621 0.041729 0.026283
0 0.893928 0.475714 0.034795 0.034215
0 0.615677 0.411328 0.039224 0.020438
0 0.703403 0.516395 0.056635 0.033272
0 0.115693 0.470836 0.056542 0.040457
0 0.214703 0.484055 0.041808 0.052792
0 0.808882 0.535980 0.059051 0.035148
0 0.952532 0.496314 0.053698 0.036951
0 0.636906 0.592225 0.029000 0.034505
0 0.209688 0.437911 0.051819 0.030454
0 0.273178 0.426459 0.050966 0.031968
