0 0.428718 0.410505 0.026248 0.019496
0 0.391913 0.404004 0.034810 0.021811
0 0.433082 0.393973 0.029831 0.020859
0 0.475756 0.402818 0.025061 0.024105
0 0.426792 0.431108 0.028077 0.027022
0 0.456198 0.432914 0.028477 0.027951
0 0.440535 0.453808 0.035679 0.029987
0 0.396504 0.481102 0.061602 0.033776
0 0.022629 0.445838 0.045258 0.027561
0 0.067429 0.449186 0.056138 0.035597
0 0.511336 0.419209 0.027912 0.031314
0 0.482113 0.439176 0.026609 0.026090
0 0.161591 0.427105 0.042863 0.024774
0 0.227065 0.413371 0.040879 0.027636
0 0.318157 0.504237 0.066065 0.039976
0 0.291525 0.408231 0.035185 0.021010
0 0.475073 0.462581 0.041761 0.026454
0 0.352701 0.395110 0.038356 0.024591
0 0.705068 0.410085 0.033610 0.023957
0 0.467000 0.482057 0.058989 0.036106
0 0.191665 0.546363 0.069624 0.040530
0 0.654979 0.414562 0.032378 0.025492
0 0.413761 0.384426 0.039559 0.024735
0 0.383425 0.511702 0.067491 0.041272
0 0.583660 0.446935 0.041899 0.027627
0 0.503725 0.495787 0.056041 0.038968
0 0.178934 0.411463 0.047402 0.025883
0 0.292754 0.541792 0.069602 0.045229
0 0.398929 0.537199 0.062174 0.040909
0 0.063495 0.583786 0.067945 0.041250
0 0.218554 0.582141 0.079434 0.052344
0 0.330826 0.577192 0.062321 0.041236
0 0.079639 0.418040 0.042168 0.028883
0 0.090842 0.638018 0.093119 0.054072
0 0.090830 0.599661 0.084574 0.036211
0 0.501884 0.371239 0.041211 0.020839
