0 0.792442 0.438101 0.028203 0.025400
0 0.834365 0.436087 0.030785 0.027122
0 0.863574 0.449173 0.023097 0.030964
0 0.855942 0.430096 0.027394 0.024722
0 0.274912 0.486546 0.030234 0.044867
0 0.651934 0.512231 0.064095 0.038069
0 0.307600 0.516081 0.056052 0.041330
0 0.252194 0.464924 0.030448 0.033493
0 0.115450 0.655969 0.084687 0.077249
0 0.045309 0.647316 0.066429 0.065863
0 0.842917 0.472268 0.037142 0.028974
0 0.300318 0.442982 0.043774 0.032048
0 0.882943 0.468738 0.025724 0.031875
0 0.792211 0.476678 0.039838 0.030356
0 0.103766 0.563014 0.041579 0.056868
0 0.365098 0.424568 0.042690 0.025539
0 0.821670 0.487621 0.041399 0.028290
0 0.896667 0.559377 0.030047 0.038427
0 0.053954 0.476074 0.057589 0.039381
0 0.435694 0.415138 0.042382 0.022507
0 0.515574 0.411586 0.048578 0.025132
0 0.477509 0.404694 0.042996 0.019881
0 0.573555 0.410190 0.044241 0.023451
0 0.633951 0.408079 0.042377 0.024695
0 0.598481 0.398817 0.039236 0.017198
0 0.550822 0.397959 0.036053 0.021403
0 0.915590 0.510884 0.063831 0.035771
0 0.807074 0.520954 0.059001 0.034554
0 0.817240 0.543043 0.059502 0.031822
0 0.785864 0.503051 0.049675 0.032393
0 0.692017 0.556893 0.067769 0.040072
0 0.924529 0.533524 0.060521 0.043310
0 0.695329 0.409545 0.041854 0.019068
0 0.745947 0.414373 0.042639 0.019068
0 0.373221 0.408298 0.046805 0.019364
0 0.554122 0.557907 0.074903 0.041394
0 0.612435 0.530231 0.070773 0.041840
0 0.792931 0.568181 0.072000 0.044313
0 0.151398 0.455557 0.049949 0.027901
0 0.246582 0.424357 0.047433 0.027821
0 0.802308 0.414549 0.035031 0.018443
0 0.732605 0.400263 0.044704 0.023132
0 0.134303 0.507277 0.040010 0.042229
0 0.863454 0.411717 0.045227 0.027195
0 0.782060 0.397565 0.044455 0.017193
0 0.317661 0.422762 0.038691 0.019967
0 0.737169 0.510790 0.054107 0.038479
0 0.160090 0.568377 0.053705 0.067905
0 0.166925 0.515741 0.039226 0.048673
