0 0.792310 0.438024 0.028219 0.025400
0 0.834242 0.435844 0.030785 0.027122
0 0.863574 0.449173 0.023097 0.030964
0 0.855906 0.430046 0.027394 0.024722
0 0.271069 0.494972 0.031298 0.046214
0 0.654743 0.511895 0.064095 0.038069
0 0.324965 0.524774 0.060909 0.042141
0 0.248979 0.468603 0.031859 0.035084
0 0.061572 0.700897 0.102385 0.093129
0 0.031438 0.666358 0.062876 0.068178
0 0.842917 0.472268 0.037142 0.028974
0 0.297050 0.443636 0.043773 0.032417
0 0.882979 0.468648 0.025724 0.031875
0 0.792258 0.476547 0.039838 0.030356
0 0.098459 0.575322 0.043853 0.060597
0 0.358467 0.425203 0.042690 0.025539
0 0.821872 0.487670 0.041399 0.028290
0 0.896805 0.559322 0.030047 0.038427
0 0.027291 0.482927 0.054582 0.039381
0 0.429098 0.416058 0.042382 0.022507
0 0.512710 0.411681 0.048578 0.025132
0 0.471751 0.405402 0.042996 0.019881
0 0.570463 0.410353 0.044241 0.023451
0 0.631764 0.408079 0.042377 0.024695
0 0.593176 0.398539 0.039236 0.017198
0 0.544198 0.397242 0.036053 0.021403
0 0.950048 0.502321 0.062408 0.035771
0 0.837629 0.514674 0.059001 0.034554
0 0.848271 0.538286 0.059502 0.031822
0 0.786377 0.503051 0.049675 0.032393
0 0.725280 0.551182 0.063637 0.037793
0 0.943785 0.529718 0.060521 0.043310
0 0.693482 0.409885 0.041854 0.019068
0 0.744626 0.414203 0.042639 0.019068
0 0.363275 0.410677 0.046805 0.019364
0 0.586434 0.555441 0.074903 0.041394
0 0.653226 0.529957 0.070773 0.041840
0 0.808367 0.562092 0.072000 0.044313
0 0.121501 0.463109 0.053740 0.031782
0 0.220944 0.430405 0.051424 0.034939
0 0.797362 0.414720 0.035031 0.018443
0 0.722129 0.397726 0.044704 0.023132
0 0.126552 0.517590 0.039236 0.043923
0 0.855562 0.411485 0.045227 0.027195
0 0.765812 0.396455 0.039807 0.017193
0 0.301132 0.425676 0.038691 0.021649
0 0.737529 0.510737 0.054107 0.038479
0 0.226075 0.456150 0.045810 0.033828
0 0.148180 0.584378 0.056179 0.072130
0 0.161698 0.526674 0.038496 0.050921
