0 0.427678 0.409347 0.026262 0.019370
0 0.390828 0.403683 0.035014 0.021811
0 0.432477 0.394176 0.029831 0.020859
0 0.474790 0.401989 0.025061 0.024105
0 0.426955 0.430158 0.027638 0.025587
0 0.456448 0.426707 0.028182 0.024968
0 0.446860 0.451050 0.033511 0.027831
0 0.413775 0.470382 0.052780 0.033776
0 0.511025 0.418735 0.027912 0.031314
0 0.482115 0.436874 0.025332 0.024821
0 0.072945 0.445245 0.048863 0.025066
0 0.152104 0.429857 0.042051 0.027999
0 0.356915 0.491084 0.059961 0.032693
0 0.219516 0.418739 0.035185 0.021010
0 0.477800 0.454910 0.040100 0.021950
0 0.309877 0.401274 0.038985 0.025630
0 0.594792 0.430995 0.043758 0.027234
0 0.277480 0.518652 0.063628 0.030048
0 0.404196 0.385559 0.039559 0.024735
0 0.498839 0.471286 0.045830 0.034590
0 0.727608 0.384329 0.030739 0.021896
0 0.660288 0.424894 0.038903 0.028907
0 0.141090 0.416536 0.047402 0.025883
0 0.394170 0.509931 0.059095 0.036713
0 0.598816 0.453007 0.040935 0.023822
0 0.174711 0.561335 0.076875 0.041250
0 0.439265 0.516425 0.055921 0.045941
0 0.558159 0.479211 0.041945 0.031451
0 0.348681 0.559716 0.073671 0.051115
0 0.307847 0.532520 0.074365 0.040980
0 0.184070 0.391353 0.054486 0.037250
0 0.217101 0.406256 0.040969 0.022232
0 0.454037 0.377353 0.041211 0.020839
0 0.277053 0.398511 0.039051 0.025398
0 0.099559 0.417465 0.041411 0.022793
0 0.136322 0.596504 0.077408 0.045929
0 0.040089 0.432218 0.047904 0.027190
0 0.509989 0.370003 0.036103 0.023757
0 0.048151 0.586011 0.074126 0.051874
