0 0.435757 0.416924 0.025505 0.026111
0 0.396199 0.407217 0.032946 0.024723
0 0.436032 0.398957 0.029831 0.024142
0 0.481241 0.415424 0.031186 0.030863
0 0.395498 0.471709 0.056828 0.034566
0 0.091968 0.441257 0.047656 0.032041
0 0.019766 0.431570 0.033552 0.025879
0 0.198880 0.415426 0.043867 0.026428
0 0.207289 0.396736 0.045195 0.026666
0 0.597000 0.455196 0.029708 0.034305
0 0.263008 0.399043 0.042957 0.028311
0 0.302916 0.508199 0.053780 0.040108
0 0.309526 0.378818 0.042511 0.027838
0 0.212791 0.529114 0.059723 0.036316
0 0.260250 0.541416 0.075159 0.041884
0 0.124708 0.425787 0.035393 0.022552
0 0.103425 0.413275 0.048655 0.023609
0 0.319686 0.549692 0.080635 0.049731
0 0.126024 0.584771 0.081488 0.054294
0 0.071781 0.570189 0.085722 0.048205
0 0.075383 0.641165 0.104086 0.050235
0 0.350128 0.392774 0.042437 0.028416
0 0.402161 0.379493 0.036071 0.022834
0 0.472968 0.374438 0.037769 0.018471
