0 0.428920 0.410651 0.026224 0.019716
0 0.391581 0.403962 0.034810 0.021811
0 0.432696 0.394050 0.029831 0.020859
0 0.475989 0.403019 0.025061 0.024105
0 0.426722 0.431336 0.028217 0.027478
0 0.456129 0.434808 0.028477 0.028908
0 0.431900 0.458890 0.040681 0.030526
0 0.381513 0.484602 0.063808 0.031937
0 0.031705 0.445053 0.057552 0.027561
0 0.094431 0.442444 0.053640 0.032047
0 0.511411 0.419323 0.027912 0.031314
0 0.482112 0.439732 0.026917 0.026396
0 0.178566 0.424550 0.042863 0.024774
0 0.234627 0.412448 0.040533 0.026500
0 0.299103 0.510322 0.067591 0.039976
0 0.295962 0.407246 0.035185 0.021010
0 0.470748 0.464707 0.044799 0.030569
0 0.354945 0.394390 0.038063 0.024107
0 0.706818 0.392127 0.032796 0.021646
0 0.680496 0.421568 0.036535 0.026965
0 0.448971 0.487794 0.060589 0.036797
0 0.174836 0.550844 0.070934 0.040530
0 0.620307 0.430975 0.035105 0.027486
0 0.416646 0.384754 0.039559 0.024735
0 0.373133 0.516037 0.069310 0.040911
0 0.547421 0.468012 0.047244 0.032035
0 0.446255 0.519002 0.066206 0.041960
0 0.180313 0.411398 0.047402 0.025883
0 0.265937 0.548136 0.071213 0.046164
0 0.331395 0.559344 0.066428 0.044906
0 0.052253 0.585521 0.076577 0.042487
0 0.168725 0.591079 0.081264 0.053278
0 0.245068 0.604150 0.068982 0.045741
0 0.445886 0.376832 0.027243 0.018222
0 0.119108 0.410376 0.040151 0.028883
