0 0.432980 0.413580 0.025726 0.024147
0 0.394666 0.404515 0.034810 0.021811
0 0.433906 0.396966 0.029831 0.022720
0 0.477987 0.407911 0.025061 0.028761
0 0.413842 0.457683 0.034353 0.031535
0 0.397086 0.480867 0.050755 0.033311
0 0.331960 0.496955 0.054405 0.032421
0 0.749153 0.378783 0.035363 0.020901
0 0.254966 0.515721 0.069448 0.032992
0 0.786858 0.374233 0.032918 0.022874
0 0.057963 0.450483 0.055806 0.031619
0 0.682618 0.404490 0.035285 0.028280
0 0.722009 0.402121 0.034931 0.023939
0 0.652544 0.432617 0.041872 0.029638
0 0.597927 0.428255 0.041088 0.030052
0 0.560375 0.459851 0.046442 0.030739
0 0.180896 0.423751 0.047780 0.026542
0 0.161436 0.398478 0.050274 0.032064
0 0.494043 0.491874 0.052222 0.041953
0 0.438652 0.485294 0.056400 0.035965
0 0.427587 0.524089 0.052376 0.039569
0 0.251653 0.406979 0.038343 0.023132
0 0.354052 0.392583 0.042333 0.022924
0 0.347967 0.531817 0.065425 0.041459
0 0.435147 0.379361 0.041582 0.023609
0 0.299260 0.572896 0.078732 0.052483
0 0.173335 0.560871 0.086234 0.049523
0 0.124039 0.421726 0.045619 0.025371
0 0.073694 0.424663 0.048703 0.021368
0 0.056967 0.611327 0.077165 0.048205
0 0.047432 0.655576 0.081425 0.061707
