0 0.374990 0.392186 0.040460 0.027073
0 0.424205 0.408918 0.024057 0.031306
0 0.406957 0.455564 0.039319 0.031495
0 0.387341 0.377034 0.037615 0.022131
0 0.068139 0.449305 0.044573 0.032764
0 0.342457 0.494979 0.073691 0.044685
0 0.419164 0.390829 0.038660 0.026770
0 0.428420 0.434673 0.025529 0.033633
0 0.461185 0.379218 0.075092 0.053762
0 0.412059 0.483677 0.048875 0.037948
0 0.271997 0.516403 0.068603 0.036268
0 0.495720 0.438377 0.029151 0.036200
0 0.502745 0.415014 0.023960 0.026368
0 0.333265 0.529554 0.052279 0.035672
0 0.648671 0.424596 0.040699 0.030558
0 0.464702 0.440857 0.029439 0.030025
0 0.129078 0.435501 0.039654 0.026049
0 0.455935 0.412637 0.029603 0.030869
0 0.269598 0.545287 0.067635 0.042701
0 0.521130 0.452324 0.030799 0.036796
0 0.203879 0.419507 0.042969 0.028980
0 0.030842 0.433816 0.049768 0.025855
0 0.229596 0.585675 0.084675 0.049504
0 0.391446 0.523873 0.060233 0.045913
0 0.506781 0.498088 0.056654 0.039132
0 0.273359 0.405765 0.038264 0.025790
0 0.308827 0.578264 0.085831 0.074002
0 0.159461 0.650254 0.081070 0.073573
