0 0.791884 0.437777 0.028270 0.025400
0 0.833846 0.435061 0.030785 0.027122
0 0.863574 0.449173 0.023097 0.030964
0 0.855792 0.429885 0.027394 0.024722
0 0.246843 0.545203 0.038670 0.051715
0 0.663792 0.510812 0.064095 0.038069
0 0.394336 0.550770 0.075752 0.048310
0 0.226499 0.501458 0.035464 0.041411
0 0.842917 0.472268 0.037142 0.028974
0 0.283514 0.448127 0.043772 0.033361
0 0.883096 0.468356 0.025724 0.031875
0 0.792412 0.476123 0.039838 0.030356
0 0.072050 0.617902 0.056442 0.070014
0 0.339595 0.429632 0.042690 0.025539
0 0.822525 0.487828 0.041399 0.028290
0 0.897248 0.559145 0.030047 0.038427
0 0.427685 0.411381 0.042382 0.022507
0 0.503480 0.411988 0.048578 0.025132
0 0.478528 0.398950 0.042996 0.019881
0 0.559403 0.410465 0.044241 0.023451
0 0.619684 0.408331 0.042377 0.024695
0 0.576399 0.398009 0.039236 0.017198
0 0.523625 0.396922 0.036053 0.021403
0 0.932396 0.494776 0.051064 0.028132
0 0.919681 0.520759 0.051313 0.031822
0 0.788324 0.502301 0.049675 0.032393
0 0.836103 0.526702 0.054475 0.034342
0 0.963677 0.524221 0.060521 0.043310
0 0.687530 0.410980 0.041854 0.019068
0 0.740370 0.413653 0.042639 0.019068
0 0.322680 0.419750 0.046805 0.019364
0 0.669737 0.550350 0.074903 0.041394
0 0.754281 0.526254 0.066799 0.041249
0 0.865745 0.549235 0.067190 0.036876
0 0.025375 0.484589 0.044896 0.037216
0 0.137958 0.455822 0.053013 0.037989
0 0.784649 0.414892 0.035031 0.018443
0 0.699864 0.396499 0.044704 0.023132
0 0.102120 0.558895 0.042986 0.048942
0 0.843759 0.411714 0.045227 0.027195
0 0.247160 0.446622 0.038691 0.031930
0 0.637510 0.584070 0.066168 0.046267
0 0.738690 0.510568 0.054107 0.038479
0 0.188750 0.491047 0.041259 0.042004
0 0.094375 0.649562 0.073357 0.081136
0 0.142941 0.570881 0.044302 0.059029
