0 0.434649 0.414785 0.025521 0.025970
0 0.396953 0.404888 0.034810 0.021811
0 0.435340 0.398309 0.029831 0.023679
0 0.480230 0.410019 0.029988 0.030863
0 0.409626 0.459439 0.043020 0.034157
0 0.062929 0.423411 0.045577 0.023464
0 0.066991 0.437860 0.049657 0.031690
0 0.367245 0.489192 0.058712 0.033311
0 0.149374 0.406791 0.049938 0.027838
0 0.300561 0.506078 0.059723 0.036316
0 0.464643 0.479850 0.055072 0.033039
0 0.611528 0.437984 0.047882 0.039663
0 0.361373 0.515819 0.066590 0.037389
0 0.227444 0.527271 0.069448 0.040389
0 0.451823 0.517138 0.074185 0.043035
0 0.189045 0.421607 0.042437 0.028416
0 0.235556 0.406080 0.040738 0.022834
0 0.370355 0.388612 0.039659 0.022974
0 0.205730 0.554427 0.073838 0.037658
0 0.268549 0.565761 0.075749 0.048419
0 0.292390 0.403918 0.038298 0.023257
0 0.341586 0.384173 0.043144 0.021565
0 0.118565 0.626220 0.090455 0.054801
0 0.091386 0.578472 0.081822 0.051148
