0 0.435528 0.416445 0.025505 0.026111
0 0.396417 0.406679 0.033382 0.024042
0 0.435896 0.398829 0.029831 0.024051
0 0.481126 0.414192 0.031186 0.030863
0 0.402011 0.467867 0.050905 0.034566
0 0.056482 0.449992 0.046567 0.032730
0 0.160464 0.424114 0.043867 0.026428
0 0.176171 0.401886 0.045577 0.027514
0 0.626374 0.444498 0.026200 0.029654
0 0.227009 0.404706 0.042957 0.028311
0 0.322385 0.502051 0.053780 0.035532
0 0.273518 0.383327 0.042511 0.027838
0 0.242470 0.522252 0.059723 0.036316
0 0.300483 0.530002 0.071985 0.040355
0 0.089397 0.432231 0.035393 0.022552
0 0.078322 0.418841 0.048655 0.023609
0 0.387814 0.525613 0.072358 0.049162
0 0.179542 0.570694 0.078857 0.046687
0 0.116023 0.558720 0.078399 0.048017
0 0.159051 0.615199 0.093590 0.048706
0 0.316695 0.398052 0.042437 0.028416
0 0.369821 0.384883 0.036071 0.022834
0 0.460628 0.375466 0.037769 0.018471
