0 0.798725 0.445101 0.029631 0.030462
0 0.836825 0.446722 0.030785 0.027122
0 0.862953 0.460358 0.032660 0.034055
0 0.858313 0.433011 0.027750 0.024973
0 0.537494 0.412520 0.040896 0.026064
0 0.312378 0.495792 0.046237 0.048883
0 0.243802 0.476337 0.027575 0.035416
0 0.636389 0.414609 0.037018 0.024757
0 0.717375 0.414086 0.043300 0.027500
0 0.294019 0.445531 0.050349 0.031595
0 0.780915 0.490497 0.047045 0.032286
0 0.953041 0.500315 0.051751 0.034499
0 0.793209 0.519214 0.061795 0.037496
0 0.564392 0.536435 0.074141 0.031396
0 0.787091 0.415357 0.042585 0.025778
0 0.167694 0.504409 0.041082 0.041855
0 0.690997 0.523549 0.070890 0.039972
0 0.551985 0.562641 0.070994 0.046551
0 0.432763 0.528918 0.070271 0.038261
0 0.392972 0.574407 0.076232 0.044638
0 0.316713 0.551239 0.068075 0.044547
0 0.721167 0.390872 0.039528 0.019619
0 0.645811 0.389769 0.034421 0.018755
0 0.853128 0.415724 0.040957 0.021360
0 0.820177 0.560776 0.024886 0.037297
0 0.987733 0.518815 0.024534 0.032964
0 0.188838 0.577231 0.079048 0.046364
0 0.661954 0.605117 0.076345 0.052449
0 0.212235 0.441579 0.049192 0.030186
0 0.110210 0.468786 0.052312 0.033079
0 0.093886 0.553861 0.076044 0.041412
0 0.784192 0.391398 0.041096 0.019881
0 0.106703 0.855456 0.064588 0.058985
0 0.455937 0.414409 0.042534 0.027710
0 0.213010 0.499324 0.044581 0.046666
0 0.356651 0.392348 0.042940 0.024475
0 0.205045 0.471654 0.047245 0.033601
