0 0.686277 0.519989 0.053339 0.038719
0 0.773991 0.525787 0.056389 0.037860
0 0.632178 0.390232 0.038816 0.023680
0 0.778413 0.421838 0.034680 0.027327
0 0.480259 0.530692 0.025157 0.040693
0 0.361916 0.502372 0.024353 0.033512
0 0.317654 0.418133 0.040165 0.031968
0 0.953246 0.523496 0.055103 0.038037
0 0.317527 0.519851 0.025788 0.040962
0 0.838266 0.475282 0.032595 0.039321
0 0.828005 0.436666 0.031146 0.027302
0 0.750596 0.500478 0.051134 0.034052
0 0.770058 0.448812 0.028893 0.033274
0 0.667977 0.391167 0.029872 0.018791
0 0.849403 0.426332 0.035730 0.026732
0 0.492015 0.411174 0.045846 0.027102
0 0.824661 0.404297 0.031942 0.028141
0 0.703340 0.404639 0.030640 0.025679
0 0.666095 0.412524 0.044059 0.023382
0 0.562929 0.405195 0.041615 0.027766
