0 0.794398 0.439235 0.027969 0.025400
0 0.836180 0.439680 0.030785 0.027122
0 0.863574 0.449173 0.023097 0.030964
0 0.856466 0.430833 0.027394 0.024722
0 0.278700 0.475734 0.031079 0.039830
0 0.516717 0.516645 0.064095 0.047432
0 0.255656 0.483539 0.039625 0.038557
0 0.263111 0.454556 0.026842 0.029425
0 0.246416 0.524430 0.044738 0.048723
0 0.188994 0.449903 0.044266 0.030961
0 0.160424 0.511086 0.041082 0.042255
0 0.842917 0.472268 0.037142 0.028974
0 0.301081 0.437278 0.043780 0.026589
0 0.882408 0.470077 0.025724 0.031875
0 0.791504 0.478621 0.039838 0.030356
0 0.359863 0.429131 0.051713 0.024757
0 0.139120 0.496679 0.042083 0.037612
0 0.422054 0.419247 0.039432 0.024226
0 0.818677 0.486895 0.041399 0.028290
0 0.779447 0.563454 0.030047 0.038427
0 0.410001 0.400761 0.043597 0.024501
0 0.524243 0.410106 0.042382 0.022507
0 0.636822 0.412079 0.048578 0.025132
0 0.248670 0.434513 0.052318 0.029034
0 0.558537 0.401685 0.038025 0.019881
0 0.877287 0.506617 0.080035 0.054324
0 0.847440 0.534980 0.072221 0.041138
0 0.769058 0.518522 0.059095 0.037344
0 0.694340 0.540685 0.064626 0.045668
0 0.706878 0.411968 0.047307 0.023451
0 0.584437 0.562534 0.071132 0.039762
0 0.718456 0.576529 0.073378 0.055244
0 0.472537 0.550318 0.068858 0.038258
0 0.770564 0.411902 0.042377 0.024695
0 0.791513 0.398089 0.039236 0.022067
0 0.735893 0.400358 0.036053 0.021403
0 0.400617 0.582948 0.080289 0.044406
0 0.285692 0.552569 0.075893 0.041052
0 0.612317 0.518531 0.064599 0.041856
0 0.255027 0.580745 0.072154 0.039387
0 0.683897 0.507905 0.060533 0.035650
0 0.126660 0.458473 0.050893 0.041590
0 0.750553 0.495031 0.044271 0.036191
0 0.050437 0.577599 0.069117 0.041592
0 0.634003 0.607716 0.075441 0.064279
0 0.849574 0.413013 0.041854 0.019068
0 0.920967 0.414313 0.042639 0.019068
0 0.890158 0.397735 0.036364 0.019381
0 0.501936 0.402369 0.046805 0.021925
0 0.465562 0.676450 0.102289 0.062375
0 0.198478 0.514987 0.046324 0.053097
0 0.192499 0.480661 0.048477 0.038514
