0 0.701750 0.516160 0.050704 0.036450
0 0.855834 0.451003 0.030130 0.032500
0 0.873246 0.513622 0.029055 0.033152
0 0.210143 0.444850 0.047834 0.032821
0 0.086583 0.621557 0.071425 0.080766
0 0.428697 0.526672 0.064410 0.041034
0 0.701307 0.552624 0.028613 0.040962
0 0.803571 0.563065 0.068932 0.051101
0 0.805835 0.419420 0.031796 0.031556
0 0.787480 0.462990 0.033781 0.034703
0 0.743971 0.428121 0.037960 0.031276
0 0.831212 0.411494 0.030734 0.024645
0 0.482675 0.412253 0.045846 0.027995
0 0.663537 0.412107 0.044059 0.023382
0 0.560669 0.405396 0.041615 0.027766
