0 0.792648 0.438220 0.028179 0.025400
0 0.834556 0.436466 0.030785 0.027122
0 0.863574 0.449173 0.023097 0.030964
0 0.855997 0.430173 0.027394 0.024722
0 0.275311 0.485408 0.030323 0.044336
0 0.647566 0.512753 0.064095 0.038069
0 0.287405 0.502976 0.048914 0.040388
0 0.257195 0.459203 0.028253 0.031017
0 0.174894 0.600782 0.069376 0.068004
0 0.082473 0.605174 0.056097 0.057760
0 0.842917 0.472268 0.037142 0.028974
0 0.304615 0.442030 0.043774 0.031473
0 0.882887 0.468879 0.025724 0.031875
0 0.792136 0.476883 0.039838 0.030356
0 0.110408 0.544287 0.041579 0.049910
0 0.371604 0.424211 0.042690 0.025539
0 0.821355 0.487545 0.041399 0.028290
0 0.896453 0.559462 0.030047 0.038427
0 0.101597 0.465701 0.054734 0.039381
0 0.439889 0.414827 0.042382 0.022507
0 0.520030 0.411438 0.048578 0.025132
0 0.486466 0.403591 0.042996 0.019881
0 0.578364 0.409937 0.044241 0.023451
0 0.973860 0.523599 0.052280 0.045791
0 0.957414 0.496413 0.050851 0.036476
0 0.637353 0.408079 0.042377 0.024695
0 0.606732 0.399250 0.039236 0.017198
0 0.558116 0.398325 0.036053 0.021403
0 0.865582 0.521463 0.064779 0.035771
0 0.762632 0.525582 0.059001 0.034554
0 0.770256 0.549315 0.059502 0.031822
0 0.785066 0.503051 0.049675 0.032393
0 0.645028 0.564685 0.070523 0.041592
0 0.893174 0.542261 0.060521 0.043310
0 0.698578 0.409249 0.041854 0.019068
0 0.754561 0.413914 0.042639 0.019068
0 0.675026 0.394899 0.036364 0.019381
0 0.381849 0.406830 0.046805 0.019364
0 0.501842 0.561323 0.074903 0.041394
0 0.545244 0.530414 0.070773 0.041840
0 0.766715 0.577555 0.072000 0.044313
0 0.196266 0.442753 0.049949 0.027901
0 0.284803 0.415122 0.045454 0.027821
0 0.810002 0.414282 0.035031 0.018443
0 0.749911 0.399335 0.044704 0.023132
0 0.145353 0.495527 0.045572 0.040118
0 0.875730 0.412078 0.045227 0.027195
0 0.817667 0.398416 0.045488 0.017193
0 0.333039 0.421156 0.038691 0.023223
0 0.172494 0.547384 0.049505 0.059970
0 0.174718 0.502205 0.043697 0.044625
