0 0.423717 0.404747 0.026262 0.019370
0 0.377103 0.400540 0.036574 0.021811
0 0.429418 0.393220 0.029831 0.020859
0 0.463484 0.394378 0.028959 0.022748
0 0.426087 0.426599 0.027638 0.025587
0 0.456927 0.422797 0.023674 0.025314
0 0.459506 0.441139 0.033511 0.027831
0 0.424294 0.465494 0.049796 0.033391
0 0.509876 0.416986 0.027912 0.031314
0 0.480919 0.412418 0.024121 0.023617
0 0.369160 0.490363 0.059961 0.032693
0 0.489017 0.444880 0.033962 0.029810
0 0.022667 0.457744 0.045333 0.036289
0 0.296059 0.515680 0.060461 0.035873
0 0.184339 0.420892 0.047358 0.034661
0 0.262730 0.410975 0.048264 0.027693
0 0.328644 0.398445 0.041234 0.025530
0 0.715787 0.396166 0.082919 0.058125
0 0.209213 0.535821 0.070412 0.039998
0 0.644674 0.439558 0.037184 0.025548
0 0.381361 0.509598 0.053076 0.031301
0 0.446154 0.484332 0.050417 0.030277
0 0.390837 0.387998 0.036626 0.016148
0 0.532147 0.460146 0.022340 0.031601
0 0.465857 0.497555 0.057177 0.038549
0 0.131946 0.549335 0.073476 0.045180
0 0.631676 0.422759 0.037686 0.025218
0 0.506415 0.462876 0.046355 0.026902
0 0.366114 0.535875 0.070592 0.049276
0 0.528382 0.405156 0.023194 0.025024
0 0.269103 0.564831 0.076357 0.042198
0 0.449737 0.377549 0.035232 0.017772
0 0.490300 0.515324 0.024846 0.036684
0 0.043651 0.576147 0.081478 0.053995
0 0.332580 0.586370 0.070717 0.046873
0 0.064457 0.435661 0.045386 0.035635
0 0.097781 0.629552 0.100927 0.059417
