0 0.720833 0.512362 0.049723 0.031439
0 0.838610 0.427292 0.027433 0.028005
0 0.027112 0.483200 0.051398 0.039199
0 0.856409 0.513493 0.059702 0.039863
0 0.949552 0.526281 0.024696 0.030952
0 0.269953 0.481490 0.042728 0.036775
0 0.092134 0.871489 0.139651 0.096978
0 0.796006 0.407335 0.031796 0.028184
0 0.769041 0.434828 0.032808 0.029153
0 0.720216 0.421058 0.044237 0.030197
0 0.823406 0.406293 0.030734 0.024645
0 0.476159 0.413006 0.045846 0.028618
0 0.661753 0.411816 0.044059 0.023382
0 0.559092 0.405535 0.041615 0.027766
