0 0.788752 0.435960 0.028646 0.025400
0 0.830940 0.429308 0.030785 0.027122
0 0.858292 0.438739 0.023097 0.030964
0 0.854953 0.428705 0.027394 0.024722
0 0.685936 0.507510 0.064095 0.038069
0 0.912933 0.520721 0.065588 0.038720
0 0.838182 0.450632 0.037142 0.028974
0 0.177271 0.566973 0.054089 0.053244
0 0.883954 0.466212 0.025724 0.031875
0 0.797801 0.470101 0.039838 0.030356
0 0.254912 0.528324 0.040782 0.051921
0 0.831384 0.481591 0.041399 0.028290
0 0.272946 0.443689 0.050707 0.030191
0 0.238395 0.485649 0.032494 0.043591
0 0.307546 0.428595 0.046388 0.023451
0 0.376548 0.422583 0.042377 0.025301
0 0.803069 0.495646 0.049675 0.032393
0 0.455058 0.414371 0.041854 0.020901
0 0.527891 0.410334 0.042639 0.023721
0 0.591272 0.412772 0.037210 0.020020
0 0.651442 0.408089 0.045227 0.027195
0 0.181422 0.515124 0.040856 0.043924
0 0.862287 0.495091 0.039212 0.032165
0 0.747211 0.509325 0.054107 0.038479
0 0.088421 0.619842 0.073053 0.067211
0 0.745932 0.530476 0.057353 0.034966
0 0.817373 0.518643 0.057000 0.037081
0 0.114054 0.541045 0.044207 0.047845
0 0.594233 0.535448 0.062240 0.038057
0 0.716252 0.412089 0.043849 0.018620
0 0.770437 0.411073 0.041729 0.026376
0 0.475355 0.548345 0.077093 0.038057
0 0.578923 0.572966 0.076784 0.043131
0 0.174018 0.479099 0.036512 0.034918
0 0.205985 0.448883 0.053521 0.034099
