0 0.792464 0.410272 0.028967 0.022362
0 0.062163 0.665160 0.076011 0.069616
0 0.209481 0.524006 0.039841 0.048435
0 0.297261 0.444756 0.046891 0.029630
0 0.603892 0.412266 0.039800 0.025079
0 0.768181 0.413733 0.028265 0.028202
0 0.787460 0.437024 0.031163 0.029732
0 0.786903 0.462147 0.029058 0.036944
0 0.385695 0.422299 0.048656 0.026760
0 0.726621 0.401225 0.034215 0.018971
0 0.858351 0.439566 0.026792 0.028710
0 0.085789 0.472417 0.053098 0.034561
0 0.808724 0.481269 0.033712 0.035239
0 0.453800 0.416959 0.043615 0.023257
0 0.246298 0.463859 0.039055 0.037099
0 0.557030 0.406448 0.037167 0.024103
0 0.504953 0.407810 0.044594 0.030445
