0 0.688076 0.519544 0.053033 0.038456
0 0.794114 0.516653 0.050884 0.036284
0 0.631556 0.390071 0.038816 0.023680
0 0.765560 0.418361 0.039959 0.021548
0 0.551189 0.535532 0.028317 0.041957
0 0.409047 0.512682 0.028558 0.034777
0 0.312051 0.419350 0.041180 0.031968
0 0.195361 0.482622 0.030878 0.041647
0 0.354105 0.526153 0.026918 0.040962
0 0.191369 0.812601 0.130314 0.098742
0 0.839223 0.468549 0.032513 0.039011
0 0.819483 0.431591 0.031146 0.027302
0 0.755635 0.497325 0.049114 0.034052
0 0.768614 0.447026 0.028893 0.033274
0 0.847038 0.424246 0.034884 0.026378
0 0.490929 0.411300 0.045846 0.027206
0 0.824135 0.402537 0.031942 0.026376
0 0.665797 0.412476 0.044059 0.023382
0 0.562666 0.405219 0.041615 0.027766
