0 0.367218 0.386534 0.032997 0.019370
0 0.363379 0.397398 0.038134 0.021811
0 0.418352 0.398774 0.027504 0.025261
0 0.444227 0.398412 0.023485 0.025329
0 0.475465 0.403390 0.021259 0.022247
0 0.445685 0.438687 0.026332 0.028466
0 0.406064 0.463676 0.042591 0.033808
0 0.455722 0.384061 0.027415 0.022790
0 0.483190 0.434194 0.025447 0.031154
0 0.023284 0.459593 0.046567 0.040217
0 0.094019 0.446035 0.053606 0.028715
0 0.177250 0.425835 0.044766 0.024431
0 0.260630 0.518878 0.068969 0.039580
0 0.760364 0.374544 0.027466 0.019867
0 0.253689 0.411988 0.043407 0.024077
0 0.166767 0.538154 0.073476 0.045180
0 0.489391 0.391095 0.030313 0.019900
0 0.507176 0.412452 0.031248 0.033310
0 0.720806 0.399974 0.034528 0.022374
0 0.321063 0.399956 0.040134 0.022893
0 0.084772 0.566019 0.081478 0.053995
0 0.832241 0.358514 0.024578 0.019255
0 0.679394 0.402726 0.032567 0.021578
0 0.344896 0.502254 0.055910 0.034925
0 0.611778 0.445389 0.044099 0.027948
0 0.515428 0.479069 0.047635 0.030767
0 0.473521 0.472386 0.045585 0.029384
0 0.416734 0.496439 0.056385 0.035465
0 0.309773 0.558753 0.068324 0.053736
0 0.128672 0.695128 0.088992 0.066011
0 0.072848 0.681523 0.092678 0.068091
