0 0.788811 0.435994 0.028639 0.025400
0 0.830994 0.429416 0.030785 0.027122
0 0.858405 0.438962 0.023097 0.030964
0 0.854969 0.428727 0.027394 0.024722
0 0.685544 0.507570 0.064095 0.038069
0 0.907748 0.521919 0.066299 0.038720
0 0.838379 0.451084 0.037142 0.028974
0 0.182515 0.559178 0.051745 0.053001
0 0.883938 0.466252 0.025724 0.031875
0 0.797678 0.470230 0.039838 0.030356
0 0.256594 0.523513 0.040073 0.051315
0 0.831214 0.481715 0.041399 0.028290
0 0.277631 0.442958 0.050707 0.030191
0 0.240330 0.482724 0.032494 0.042863
0 0.314619 0.428242 0.046388 0.023451
0 0.382835 0.422113 0.042377 0.025301
0 0.802792 0.495771 0.049675 0.032393
0 0.458948 0.414160 0.041854 0.020703
0 0.530367 0.410362 0.042639 0.023721
0 0.595067 0.412773 0.036975 0.019849
0 0.656133 0.408286 0.045227 0.027195
0 0.184632 0.510495 0.040349 0.043683
0 0.861890 0.495246 0.039437 0.032331
0 0.747051 0.509349 0.054107 0.038479
0 0.099878 0.608456 0.068672 0.064653
0 0.736883 0.530018 0.059531 0.036023
0 0.812716 0.520054 0.059002 0.037083
0 0.117924 0.534347 0.044207 0.047845
0 0.581706 0.535692 0.062240 0.038057
0 0.722146 0.412399 0.043849 0.018620
0 0.776590 0.411425 0.041729 0.026404
0 0.459772 0.548589 0.077093 0.038057
0 0.545618 0.574914 0.077190 0.043131
0 0.178499 0.474836 0.036512 0.034918
0 0.215763 0.445838 0.053521 0.034099
