0 0.789046 0.436131 0.028611 0.025400
0 0.831213 0.429848 0.030785 0.027122
0 0.858857 0.439855 0.023097 0.030964
0 0.855032 0.428816 0.027394 0.024722
0 0.683977 0.507808 0.064095 0.038069
0 0.885330 0.526775 0.069053 0.038720
0 0.839167 0.452892 0.037142 0.028974
0 0.200876 0.532203 0.043857 0.051664
0 0.883873 0.466413 0.025724 0.031875
0 0.797185 0.470742 0.039838 0.030356
0 0.262596 0.506608 0.037500 0.048956
0 0.830531 0.482214 0.041399 0.028290
0 0.294582 0.440289 0.050707 0.030191
0 0.247457 0.471363 0.032789 0.039735
0 0.340202 0.426823 0.046388 0.023451
0 0.406094 0.419810 0.042377 0.025210
0 0.801684 0.496271 0.049675 0.032393
0 0.474508 0.413316 0.041854 0.019910
0 0.540269 0.410475 0.042639 0.023721
0 0.610251 0.412775 0.036032 0.019167
0 0.674900 0.409075 0.045227 0.027195
0 0.195348 0.494979 0.038702 0.042663
0 0.860302 0.495866 0.040337 0.032991
0 0.746411 0.509442 0.054107 0.038479
0 0.138076 0.569854 0.054139 0.056063
0 0.700801 0.529250 0.066609 0.039457
0 0.791188 0.525432 0.065910 0.037139
0 0.132947 0.509427 0.044054 0.046842
0 0.528465 0.537275 0.062240 0.038057
0 0.745722 0.413640 0.043849 0.018620
0 0.801203 0.412834 0.041729 0.026518
0 0.394309 0.549198 0.077093 0.038057
0 0.409037 0.581612 0.078508 0.043131
0 0.195165 0.459250 0.037507 0.034183
