0 0.771082 0.454206 0.031151 0.033190
0 0.802396 0.443541 0.024371 0.027415
0 0.794915 0.404380 0.029351 0.022919
0 0.818722 0.422116 0.024304 0.029964
0 0.223356 0.486320 0.040970 0.039065
0 0.290308 0.453220 0.036123 0.031551
0 0.359013 0.423796 0.051603 0.028864
0 0.831336 0.451142 0.033293 0.031991
0 0.857063 0.477847 0.030112 0.034173
0 0.844003 0.421439 0.026886 0.029572
0 0.810301 0.491708 0.040406 0.033924
0 0.432358 0.421737 0.043849 0.021061
0 0.495536 0.411659 0.041729 0.026283
0 0.878399 0.452252 0.034795 0.034215
0 0.561116 0.411561 0.039224 0.020438
0 0.757455 0.493690 0.044399 0.037620
0 0.178401 0.531630 0.050856 0.059543
0 0.870251 0.507909 0.046140 0.035148
0 0.927100 0.476186 0.051169 0.036951
0 0.737900 0.553664 0.027753 0.038292
0 0.640847 0.569179 0.064164 0.043841
0 0.101885 0.465384 0.059451 0.040612
0 0.184968 0.444655 0.050966 0.031968
0 0.259559 0.694566 0.110917 0.071496
0 0.242564 0.432214 0.045025 0.032982
0 0.738999 0.427300 0.035069 0.023962
0 0.144596 0.839384 0.126020 0.107774
0 0.321957 0.725414 0.093366 0.084732
