0 0.791987 0.437836 0.028258 0.025400
0 0.833942 0.435250 0.030785 0.027122
0 0.863574 0.449173 0.023097 0.030964
0 0.855820 0.429924 0.027394 0.024722
0 0.254660 0.530615 0.036091 0.051476
0 0.661607 0.511074 0.064095 0.038069
0 0.375984 0.546546 0.073306 0.044524
0 0.230033 0.492112 0.035307 0.038974
0 0.842917 0.472268 0.037142 0.028974
0 0.289063 0.445235 0.043772 0.033320
0 0.883068 0.468426 0.025724 0.031875
0 0.792375 0.476225 0.039838 0.030356
0 0.083458 0.605939 0.053863 0.068257
0 0.343880 0.428304 0.042690 0.025539
0 0.822367 0.487790 0.041399 0.028290
0 0.897141 0.559188 0.030047 0.038427
0 0.409328 0.418981 0.042382 0.022507
0 0.505708 0.411913 0.048578 0.025132
0 0.456361 0.404279 0.042996 0.019881
0 0.562905 0.410752 0.044241 0.023451
0 0.623146 0.408243 0.042377 0.024695
0 0.580414 0.398098 0.039236 0.017198
0 0.587575 0.396218 0.036053 0.021403
0 0.909707 0.499562 0.053379 0.030005
0 0.903882 0.525100 0.053701 0.031822
0 0.787839 0.502520 0.049675 0.032393
0 0.810646 0.533278 0.058025 0.035098
0 0.963677 0.524221 0.060521 0.043310
0 0.688967 0.410716 0.041854 0.019068
0 0.741397 0.413785 0.042639 0.019068
0 0.333407 0.417407 0.046805 0.019364
0 0.650676 0.551435 0.074903 0.041394
0 0.733119 0.528029 0.068786 0.041545
0 0.851511 0.551998 0.068593 0.039045
0 0.046572 0.481904 0.059049 0.037216
0 0.158413 0.450213 0.053013 0.037989
0 0.787367 0.414892 0.035031 0.018443
0 0.703990 0.396041 0.044704 0.023132
0 0.106340 0.548201 0.042823 0.048724
0 0.845127 0.411553 0.045227 0.027195
0 0.262470 0.439230 0.038691 0.025758
0 0.625567 0.588657 0.069513 0.046857
0 0.738409 0.510609 0.054107 0.038479
0 0.195262 0.482865 0.042557 0.038427
0 0.111371 0.628392 0.061783 0.080744
0 0.148498 0.557764 0.040903 0.055721
