0 0.434800 0.414922 0.025505 0.026111
0 0.397111 0.404966 0.034770 0.021873
0 0.435463 0.398424 0.029831 0.023762
0 0.480762 0.410275 0.031186 0.030863
0 0.409187 0.459400 0.044174 0.034398
0 0.035967 0.453652 0.055202 0.039553
0 0.082858 0.417690 0.045577 0.027514
0 0.104472 0.429437 0.049657 0.031690
0 0.361124 0.492173 0.058712 0.033311
0 0.174559 0.402724 0.049938 0.027838
0 0.291679 0.507968 0.059723 0.036316
0 0.424742 0.493517 0.058902 0.038486
0 0.572028 0.454650 0.052333 0.041704
0 0.319686 0.527624 0.076900 0.037389
0 0.219959 0.530285 0.069448 0.047786
0 0.397983 0.536894 0.080761 0.046838
0 0.217404 0.414271 0.042437 0.028416
0 0.262263 0.401758 0.036071 0.022834
0 0.400521 0.383420 0.038759 0.020830
0 0.164990 0.563825 0.078933 0.037073
0 0.203132 0.582626 0.080891 0.050048
0 0.322742 0.398580 0.038172 0.023257
0 0.371219 0.379276 0.043144 0.021565
