0 0.435819 0.417055 0.025505 0.026111
0 0.396139 0.407364 0.032827 0.024909
0 0.436069 0.398991 0.029831 0.024167
0 0.481272 0.415759 0.031186 0.030863
0 0.393421 0.473225 0.057367 0.034566
0 0.753208 0.380728 0.028029 0.020043
0 0.102627 0.438430 0.045633 0.031007
0 0.030141 0.431189 0.036356 0.025879
0 0.208139 0.413812 0.043867 0.026428
0 0.217225 0.394719 0.044621 0.025395
0 0.587880 0.459264 0.030027 0.034728
0 0.272170 0.396506 0.042957 0.028311
0 0.294718 0.512004 0.053780 0.040108
0 0.318495 0.378011 0.042511 0.027838
0 0.205751 0.530844 0.059723 0.036316
0 0.249545 0.546260 0.075159 0.041884
0 0.136378 0.423826 0.035393 0.022552
0 0.111720 0.411776 0.048655 0.023609
0 0.298178 0.556842 0.080635 0.049731
0 0.109726 0.589615 0.083035 0.054294
0 0.058653 0.573836 0.085722 0.048205
0 0.052043 0.647000 0.104086 0.050235
0 0.359387 0.390813 0.042437 0.028416
0 0.409781 0.378109 0.036071 0.022834
0 0.476334 0.374158 0.037769 0.018471
