0 0.802083 0.445948 0.024362 0.031081
0 0.833979 0.450384 0.030785 0.027122
0 0.843455 0.480421 0.042930 0.031959
0 0.865751 0.438392 0.032724 0.028488
0 0.616821 0.413152 0.040896 0.026064
0 0.305371 0.492477 0.045700 0.048690
0 0.243932 0.475519 0.027991 0.035154
0 0.704679 0.416312 0.037018 0.024757
0 0.780017 0.415441 0.043300 0.027500
0 0.339075 0.430259 0.050524 0.029802
0 0.731666 0.505543 0.062483 0.032086
0 0.908055 0.522641 0.049801 0.036302
0 0.794928 0.521493 0.066806 0.034499
0 0.630609 0.538349 0.071903 0.043811
0 0.686619 0.395731 0.037274 0.019797
0 0.412667 0.542939 0.074141 0.039387
0 0.833714 0.415090 0.042585 0.025778
0 0.177597 0.493478 0.041082 0.036261
0 0.540752 0.531903 0.073183 0.039972
0 0.378277 0.569624 0.070994 0.046551
0 0.274818 0.538156 0.070271 0.038261
0 0.201575 0.579614 0.076232 0.044638
0 0.179538 0.553712 0.068075 0.035836
0 0.792911 0.394369 0.039528 0.017255
0 0.719503 0.389589 0.034421 0.018755
0 0.899657 0.414566 0.040957 0.021360
0 0.864095 0.406208 0.025963 0.019785
0 0.692553 0.601045 0.030764 0.040860
0 0.825520 0.543352 0.031667 0.035650
0 0.507956 0.663509 0.068599 0.061200
0 0.538205 0.411006 0.042534 0.027710
0 0.214441 0.497848 0.044438 0.046138
0 0.436174 0.401126 0.042940 0.024475
0 0.239981 0.453622 0.047245 0.033601
