0 0.777682 0.428863 0.024256 0.030373
0 0.788814 0.417201 0.024371 0.030227
0 0.128763 0.594459 0.063077 0.056883
0 0.213978 0.558635 0.045740 0.049500
0 0.273834 0.454166 0.041411 0.047643
0 0.810248 0.410960 0.024139 0.029501
0 0.837850 0.441892 0.028575 0.029322
0 0.817923 0.458951 0.026681 0.033471
0 0.406689 0.420402 0.043849 0.023470
0 0.457818 0.414976 0.041729 0.026283
0 0.837806 0.412574 0.028603 0.026112
0 0.512722 0.403722 0.042029 0.020438
0 0.779397 0.453499 0.030307 0.034815
0 0.884979 0.467903 0.031551 0.035148
0 0.872222 0.439766 0.037417 0.032360
0 0.766814 0.513063 0.048520 0.038735
0 0.044741 0.482813 0.051818 0.036538
0 0.572184 0.574950 0.068719 0.053476
0 0.136553 0.463361 0.056467 0.035019
0 0.693503 0.411164 0.035069 0.023962
0 0.375872 0.654464 0.089039 0.063723
0 0.639877 0.576086 0.065692 0.054193
0 0.201586 0.490562 0.043196 0.039742
0 0.203951 0.435814 0.047571 0.031444
0 0.439679 0.686801 0.097002 0.068479
