0 0.432965 0.413569 0.025727 0.024131
0 0.394646 0.404512 0.034810 0.021811
0 0.433893 0.396955 0.029831 0.022711
0 0.477985 0.407892 0.025061 0.028734
0 0.413867 0.457639 0.034340 0.031515
0 0.397265 0.480831 0.050755 0.033311
0 0.332025 0.496945 0.054405 0.032421
0 0.751250 0.378179 0.034806 0.020297
0 0.255172 0.515652 0.069448 0.032992
0 0.786858 0.374233 0.032918 0.022874
0 0.055026 0.450981 0.055397 0.031619
0 0.685270 0.403246 0.034931 0.028030
0 0.724630 0.401424 0.034931 0.023939
0 0.655144 0.431299 0.041498 0.029290
0 0.601339 0.427111 0.040755 0.030052
0 0.562996 0.458732 0.046442 0.030739
0 0.178487 0.424121 0.048000 0.026789
0 0.158725 0.399078 0.050274 0.032064
0 0.497101 0.490705 0.052222 0.041953
0 0.442740 0.483889 0.056173 0.035642
0 0.431445 0.522473 0.052065 0.039569
0 0.249545 0.407437 0.038431 0.023273
0 0.352085 0.392918 0.042524 0.022924
0 0.352429 0.530349 0.065196 0.041260
0 0.433423 0.379466 0.041582 0.023609
0 0.304065 0.571018 0.078150 0.052260
0 0.178058 0.559851 0.085776 0.049324
0 0.121210 0.422484 0.045619 0.025371
0 0.070737 0.424974 0.048957 0.021591
0 0.061783 0.610183 0.077603 0.048205
0 0.054151 0.653387 0.081425 0.060833
