0 0.792486 0.438126 0.028198 0.025400
0 0.834406 0.436169 0.030785 0.027122
0 0.863574 0.449173 0.023097 0.030964
0 0.855954 0.430113 0.027394 0.024722
0 0.274998 0.486302 0.030253 0.044753
0 0.650998 0.512343 0.064095 0.038069
0 0.303272 0.513273 0.054522 0.041128
0 0.253266 0.463698 0.029978 0.032962
0 0.128188 0.644143 0.081406 0.075268
0 0.053272 0.638286 0.064215 0.064127
0 0.842917 0.472268 0.037142 0.028974
0 0.301407 0.442764 0.043774 0.031925
0 0.882931 0.468768 0.025724 0.031875
0 0.792195 0.476722 0.039838 0.030356
0 0.105189 0.559001 0.041579 0.055377
0 0.366991 0.424409 0.042690 0.025539
0 0.821602 0.487605 0.041399 0.028290
0 0.896621 0.559395 0.030047 0.038427
0 0.064163 0.473852 0.056977 0.039381
0 0.437387 0.414925 0.042382 0.022507
0 0.516529 0.411554 0.048578 0.025132
0 0.479429 0.404457 0.042996 0.019881
0 0.574585 0.410136 0.044241 0.023451
0 0.634680 0.408079 0.042377 0.024695
0 0.600249 0.398910 0.039236 0.017198
0 0.552779 0.398135 0.036053 0.021403
0 0.904104 0.513738 0.064305 0.035771
0 0.796890 0.523047 0.059001 0.034554
0 0.806896 0.544629 0.059502 0.031822
0 0.785693 0.503051 0.049675 0.032393
0 0.680929 0.558796 0.069146 0.040832
0 0.918111 0.534792 0.060521 0.043310
0 0.695945 0.409432 0.041854 0.019068
0 0.746933 0.414370 0.042639 0.019068
0 0.375966 0.407691 0.046805 0.019364
0 0.543352 0.558729 0.074903 0.041394
0 0.598839 0.530323 0.070773 0.041840
0 0.787785 0.570211 0.072000 0.044313
0 0.161013 0.452814 0.049949 0.027901
0 0.254772 0.422378 0.047009 0.027821
0 0.803957 0.414492 0.035031 0.018443
0 0.736182 0.400703 0.044704 0.023132
0 0.136671 0.504759 0.041202 0.041777
0 0.866085 0.411795 0.045227 0.027195
0 0.788338 0.397862 0.045488 0.017193
0 0.322310 0.422035 0.038691 0.019896
0 0.737049 0.510807 0.054107 0.038479
0 0.162748 0.563879 0.052805 0.066205
0 0.168595 0.512840 0.040184 0.047805
