0 0.430129 0.411523 0.026075 0.021036
0 0.390761 0.403879 0.034810 0.021811
0 0.431458 0.394676 0.029831 0.021082
0 0.477387 0.404220 0.025061 0.024105
0 0.418387 0.445887 0.032112 0.027967
0 0.433674 0.465094 0.043527 0.033311
0 0.376560 0.489389 0.050337 0.030526
0 0.308438 0.505589 0.063808 0.029638
0 0.077694 0.441943 0.058621 0.027561
0 0.151428 0.426923 0.050964 0.028245
0 0.511492 0.423495 0.027912 0.033073
0 0.734956 0.390980 0.032798 0.023126
0 0.482493 0.453310 0.033478 0.026724
0 0.222976 0.415613 0.042863 0.024774
0 0.275475 0.407013 0.038900 0.021143
0 0.701117 0.409997 0.035005 0.023938
0 0.613553 0.430795 0.042469 0.028928
0 0.213516 0.532297 0.074892 0.037534
0 0.326524 0.400497 0.033894 0.021010
0 0.553478 0.460395 0.048223 0.030033
0 0.425305 0.494012 0.052438 0.034978
0 0.382276 0.389459 0.035670 0.020027
0 0.416499 0.381927 0.036108 0.023638
0 0.476702 0.494378 0.053379 0.039121
0 0.505236 0.508638 0.061236 0.038596
0 0.323904 0.527655 0.068762 0.036797
0 0.104755 0.568412 0.073878 0.040530
0 0.339236 0.557096 0.064837 0.042716
0 0.069531 0.425633 0.039718 0.023958
0 0.499937 0.371663 0.039559 0.026513
0 0.234282 0.560274 0.078457 0.053278
0 0.168041 0.402119 0.041241 0.021381
0 0.177481 0.611891 0.092350 0.053310
