0 0.353635 0.386637 0.037116 0.027073
0 0.426188 0.402991 0.024057 0.031306
0 0.415629 0.444027 0.029300 0.031495
0 0.379886 0.483759 0.066639 0.039034
0 0.400188 0.386653 0.038660 0.026770
0 0.428122 0.425463 0.023337 0.028178
0 0.417614 0.364200 0.087499 0.037926
0 0.428499 0.463821 0.039015 0.036602
0 0.312532 0.506071 0.066828 0.034570
0 0.471624 0.409877 0.023329 0.027410
0 0.452105 0.396115 0.020887 0.025784
0 0.290406 0.533594 0.065263 0.038059
0 0.255268 0.570083 0.072664 0.049504
0 0.494514 0.417409 0.027210 0.023420
0 0.486127 0.447023 0.049000 0.047570
0 0.170912 0.608462 0.093220 0.053476
0 0.721333 0.397711 0.034685 0.026094
0 0.448024 0.489104 0.051083 0.037849
0 0.355001 0.520200 0.050576 0.030055
0 0.697399 0.407133 0.033977 0.027260
0 0.143486 0.661483 0.090421 0.062118
0 0.065518 0.439625 0.036205 0.025268
0 0.212938 0.535606 0.055560 0.040512
0 0.155150 0.423679 0.040848 0.027908
0 0.377189 0.534109 0.067772 0.044559
0 0.318816 0.580497 0.060494 0.047431
0 0.061556 0.666705 0.097622 0.058357
0 0.043227 0.728703 0.086453 0.079403
0 0.257060 0.399588 0.039126 0.028133
0 0.077074 0.598894 0.082105 0.060318
0 0.171313 0.712272 0.090683 0.074518
0 0.063750 0.794434 0.112203 0.096353
