0 0.436110 0.417664 0.025505 0.026111
0 0.396880 0.407768 0.032589 0.025281
0 0.436902 0.399381 0.030142 0.024538
0 0.481418 0.417326 0.031186 0.030863
0 0.383024 0.481395 0.057367 0.034566
0 0.732972 0.389401 0.032879 0.025210
0 0.150085 0.427708 0.041588 0.026085
0 0.082122 0.426369 0.041964 0.025879
0 0.255373 0.405847 0.040187 0.026428
0 0.262414 0.386795 0.041485 0.021161
0 0.542727 0.480931 0.030027 0.034728
0 0.315674 0.387372 0.042957 0.028311
0 0.257805 0.525543 0.063104 0.043138
0 0.361896 0.370984 0.042511 0.027838
0 0.164846 0.538688 0.071612 0.036316
0 0.200475 0.560270 0.087903 0.045456
0 0.184897 0.413478 0.035393 0.022552
0 0.155468 0.404718 0.048655 0.023609
0 0.204831 0.590270 0.094209 0.062920
0 0.402266 0.385718 0.042437 0.028416
0 0.446827 0.373462 0.036071 0.022834
0 0.499175 0.371490 0.037769 0.020338
