0 0.376647 0.392265 0.039695 0.027073
0 0.425087 0.412376 0.024057 0.031306
0 0.026364 0.463699 0.052728 0.029832
0 0.403876 0.462980 0.042489 0.031495
0 0.387341 0.377034 0.037615 0.022131
0 0.092944 0.444190 0.040134 0.022893
0 0.333477 0.499888 0.073691 0.044685
0 0.667260 0.397677 0.037840 0.026178
0 0.423624 0.390961 0.037793 0.026779
0 0.427561 0.440507 0.029490 0.033633
0 0.475025 0.388379 0.066776 0.063958
0 0.401759 0.490951 0.054550 0.042155
0 0.260951 0.521217 0.068603 0.040938
0 0.490451 0.453071 0.031683 0.038091
0 0.502775 0.428370 0.024923 0.026799
0 0.322315 0.538027 0.053357 0.044145
0 0.597837 0.449402 0.044896 0.032377
0 0.462916 0.449244 0.029439 0.030025
0 0.157465 0.429913 0.039654 0.026049
0 0.458030 0.417332 0.029610 0.031259
0 0.262439 0.549704 0.068940 0.045254
0 0.491820 0.483612 0.044056 0.036719
0 0.236055 0.412906 0.042969 0.028980
0 0.086288 0.425009 0.045658 0.024342
0 0.206065 0.594485 0.085417 0.051043
0 0.348431 0.552054 0.060233 0.045913
0 0.418756 0.543305 0.067521 0.051282
0 0.302639 0.395960 0.033129 0.024660
0 0.150191 0.733383 0.090782 0.084695
0 0.081275 0.698774 0.096433 0.078999
