0 0.414977 0.404251 0.021655 0.031495
0 0.425692 0.448294 0.037388 0.035139
0 0.417969 0.385758 0.021515 0.022092
0 0.306437 0.375074 0.110754 0.044187
0 0.437890 0.421707 0.025624 0.028101
0 0.351001 0.490882 0.060060 0.031640
0 0.351839 0.514715 0.065263 0.038059
0 0.287384 0.548817 0.072664 0.049504
0 0.482408 0.383437 0.033381 0.036957
0 0.597230 0.454727 0.048296 0.032704
0 0.473815 0.407612 0.025065 0.030800
0 0.413585 0.477476 0.041310 0.032362
0 0.338447 0.554017 0.060009 0.048523
0 0.255639 0.524752 0.052735 0.032987
0 0.127514 0.430475 0.046031 0.027908
0 0.459283 0.476984 0.041664 0.034445
0 0.414591 0.513618 0.046947 0.036688
0 0.190794 0.583905 0.084451 0.056490
0 0.240358 0.606426 0.072642 0.051740
0 0.186186 0.417668 0.046601 0.028133
0 0.168792 0.558519 0.074556 0.043113
0 0.237170 0.408408 0.043905 0.025507
0 0.785759 0.370092 0.038597 0.028074
0 0.036834 0.434219 0.054102 0.034328
0 0.713571 0.398295 0.033982 0.025318
0 0.501265 0.503007 0.053296 0.040178
0 0.342772 0.589143 0.065772 0.050464
0 0.055532 0.816698 0.099268 0.109006
