0 0.428159 0.409906 0.026262 0.019370
0 0.392496 0.404064 0.034825 0.021811
0 0.432906 0.394047 0.029831 0.020859
0 0.475223 0.402361 0.025061 0.024105
0 0.426952 0.430586 0.027758 0.025978
0 0.456357 0.428586 0.028477 0.025765
0 0.445680 0.451595 0.033511 0.027831
0 0.412791 0.470862 0.052780 0.033776
0 0.017425 0.461070 0.034851 0.037625
0 0.511164 0.418947 0.027912 0.031314
0 0.482114 0.437906 0.025905 0.025390
0 0.108692 0.435799 0.046863 0.024819
0 0.192616 0.419928 0.041077 0.028480
0 0.350310 0.495655 0.059961 0.039976
0 0.252687 0.409707 0.035185 0.021010
0 0.477429 0.457679 0.040024 0.022285
0 0.345802 0.397084 0.038985 0.025630
0 0.764798 0.385681 0.035415 0.023087
0 0.539387 0.454272 0.044587 0.032869
0 0.240857 0.522333 0.064382 0.040530
0 0.729768 0.382182 0.028829 0.023040
0 0.408312 0.384872 0.039559 0.024735
0 0.436633 0.497439 0.059004 0.039481
0 0.664243 0.408444 0.036423 0.022452
0 0.603889 0.452071 0.045414 0.029596
0 0.174170 0.412082 0.047402 0.025883
0 0.339824 0.522893 0.063531 0.030670
0 0.525066 0.484891 0.047965 0.029427
0 0.113766 0.576903 0.076288 0.041250
0 0.338868 0.554321 0.072110 0.048608
0 0.472553 0.518326 0.054163 0.039708
0 0.249551 0.591471 0.086774 0.054674
0 0.228528 0.559186 0.074365 0.040980
0 0.230994 0.384888 0.054486 0.037250
0 0.325806 0.379688 0.034832 0.022278
0 0.236190 0.405078 0.040969 0.024864
0 0.464720 0.375759 0.041211 0.020839
0 0.296026 0.394776 0.039051 0.025398
0 0.144887 0.408041 0.041411 0.022793
