0 0.430633 0.411887 0.026013 0.021585
0 0.391451 0.403992 0.034810 0.021811
0 0.431890 0.395080 0.029831 0.021371
0 0.477785 0.404780 0.025061 0.024424
0 0.417889 0.450492 0.032265 0.028212
0 0.413058 0.473522 0.050755 0.033311
0 0.357713 0.489950 0.052942 0.026245
0 0.280289 0.517144 0.063430 0.033753
0 0.103493 0.436211 0.058621 0.027561
0 0.770391 0.368701 0.027540 0.020145
0 0.181183 0.418117 0.047630 0.028245
0 0.768626 0.384811 0.031526 0.018226
0 0.511492 0.425549 0.027912 0.033966
0 0.652992 0.418609 0.039749 0.026649
0 0.741760 0.382622 0.028455 0.022650
0 0.475153 0.462339 0.042294 0.025613
0 0.247606 0.410416 0.041546 0.022961
0 0.303784 0.401491 0.038900 0.021143
0 0.623060 0.440945 0.044113 0.029114
0 0.502934 0.473959 0.052203 0.033932
0 0.181099 0.537863 0.075776 0.039146
0 0.361271 0.394355 0.031677 0.020328
0 0.021953 0.450867 0.043905 0.028659
0 0.440099 0.509061 0.063948 0.038840
0 0.350853 0.512447 0.070023 0.030473
0 0.421197 0.382577 0.034508 0.018018
0 0.460740 0.373580 0.036108 0.025435
0 0.365214 0.536445 0.065452 0.039535
0 0.342545 0.571676 0.074244 0.052364
0 0.195494 0.569968 0.075460 0.049550
0 0.080615 0.574068 0.079087 0.040530
0 0.136584 0.622963 0.078212 0.051826
0 0.057229 0.610160 0.089094 0.057022
