0 0.401634 0.405519 0.030577 0.028141
0 0.431909 0.392558 0.030079 0.025537
0 0.073287 0.447576 0.048527 0.028250
0 0.402712 0.470418 0.046261 0.035410
0 0.193088 0.423505 0.049507 0.024876
0 0.302458 0.503784 0.068509 0.038637
0 0.467834 0.392106 0.033875 0.028893
0 0.254469 0.412555 0.040134 0.022893
0 0.224568 0.526166 0.079609 0.050128
0 0.432867 0.432988 0.025832 0.029408
0 0.478912 0.417047 0.034237 0.029244
0 0.577811 0.434314 0.042233 0.030697
0 0.465750 0.443960 0.032683 0.035608
0 0.351437 0.511567 0.067978 0.029564
0 0.431832 0.518954 0.130427 0.116759
0 0.232898 0.589003 0.076905 0.048433
0 0.123534 0.554872 0.073183 0.049262
0 0.335565 0.543060 0.057127 0.042689
0 0.148059 0.724631 0.102763 0.082675
0 0.137419 0.429780 0.049006 0.026474
