0 0.808131 0.458275 0.021841 0.029993
0 0.836843 0.449865 0.029295 0.027382
0 0.735127 0.507360 0.057788 0.038579
0 0.600990 0.523224 0.073183 0.039540
0 0.395951 0.545659 0.073179 0.048614
0 0.441758 0.521282 0.067762 0.038243
0 0.796159 0.418523 0.039031 0.022023
0 0.825989 0.404862 0.040107 0.019871
0 0.383932 0.422351 0.046080 0.036947
0 0.869465 0.407093 0.041741 0.017763
0 0.326192 0.428969 0.045674 0.031778
0 0.221052 0.567136 0.079715 0.044077
0 0.870973 0.419953 0.037018 0.024757
0 0.932734 0.413014 0.039841 0.030384
0 0.569658 0.407296 0.046410 0.026258
0 0.069244 0.538179 0.068703 0.036761
0 0.097321 0.582329 0.065566 0.038261
0 0.460316 0.580777 0.039575 0.036192
0 0.528667 0.403298 0.047067 0.026030
0 0.702596 0.416919 0.044237 0.030197
0 0.283380 0.447333 0.048587 0.039689
0 0.653278 0.410434 0.044059 0.023382
0 0.459183 0.412954 0.043498 0.027766
