0 0.794811 0.413660 0.028967 0.022362
0 0.189333 0.558398 0.054314 0.052206
0 0.252458 0.477830 0.036018 0.037387
0 0.334895 0.429263 0.047344 0.026788
0 0.610768 0.411992 0.039800 0.025079
0 0.776474 0.417789 0.028265 0.028202
0 0.784177 0.454153 0.031163 0.029732
0 0.772479 0.481295 0.035823 0.038125
0 0.430102 0.417607 0.048656 0.026760
0 0.726592 0.401289 0.034215 0.018243
0 0.864716 0.458957 0.032359 0.034891
0 0.081568 0.480973 0.059423 0.028331
0 0.140653 0.459302 0.048813 0.030232
0 0.755603 0.515438 0.045886 0.039938
0 0.493598 0.412067 0.043615 0.023257
0 0.269460 0.441841 0.046023 0.025358
