0 0.431094 0.412219 0.025957 0.022088
0 0.392083 0.404094 0.034810 0.021811
0 0.432286 0.395451 0.029831 0.021636
0 0.477824 0.405395 0.025061 0.025276
0 0.417094 0.451903 0.032675 0.028864
0 0.400596 0.476511 0.050755 0.033311
0 0.344393 0.494200 0.054031 0.030841
0 0.273022 0.518246 0.069448 0.034872
0 0.136494 0.433661 0.054859 0.027561
0 0.723987 0.383876 0.029121 0.023153
0 0.219454 0.413166 0.046882 0.028245
0 0.707201 0.406263 0.036922 0.027555
0 0.511492 0.427427 0.027912 0.034782
0 0.565140 0.449854 0.045915 0.029879
0 0.648673 0.415771 0.035982 0.026030
0 0.441917 0.483701 0.048041 0.030755
0 0.288488 0.403926 0.040668 0.021753
0 0.343939 0.393988 0.038900 0.021143
0 0.537616 0.477943 0.048190 0.037941
0 0.393229 0.512847 0.060172 0.040137
0 0.163352 0.543052 0.075776 0.039983
0 0.401971 0.388180 0.030802 0.019874
0 0.049772 0.443291 0.047384 0.028359
0 0.333061 0.554224 0.073231 0.047991
0 0.239297 0.550782 0.070023 0.034475
0 0.455830 0.377625 0.034508 0.018018
0 0.501594 0.368951 0.036108 0.026633
0 0.230956 0.581024 0.082705 0.049766
0 0.108809 0.643477 0.087533 0.063129
0 0.119830 0.418632 0.047716 0.022507
