0 0.426327 0.407778 0.026262 0.019370
0 0.386146 0.402611 0.035546 0.021811
0 0.431272 0.394536 0.029831 0.020859
0 0.473575 0.400944 0.025061 0.024105
0 0.426659 0.428944 0.027638 0.025587
0 0.456611 0.425373 0.026644 0.025086
0 0.447749 0.450180 0.033511 0.027831
0 0.416538 0.469033 0.052780 0.033776
0 0.510633 0.418138 0.027912 0.031314
0 0.482217 0.431805 0.024121 0.023617
0 0.056021 0.449676 0.045487 0.027378
0 0.359881 0.489799 0.059961 0.032693
0 0.121850 0.435707 0.035185 0.021010
0 0.481109 0.455540 0.038161 0.028789
0 0.187654 0.421782 0.038985 0.025630
0 0.757243 0.373375 0.033269 0.019892
0 0.288758 0.515130 0.060461 0.035873
0 0.331250 0.396115 0.044283 0.030657
0 0.665446 0.405170 0.038741 0.029591
0 0.804045 0.363133 0.028131 0.019425
0 0.042995 0.440179 0.047402 0.020592
0 0.575298 0.441143 0.049417 0.025368
0 0.762217 0.386839 0.028895 0.021826
0 0.637735 0.433816 0.043217 0.031810
0 0.711755 0.405077 0.029223 0.023101
0 0.588225 0.457256 0.049002 0.036615
0 0.484282 0.477694 0.053844 0.035869
0 0.064279 0.415156 0.060443 0.037250
0 0.118436 0.422333 0.040969 0.021624
0 0.414295 0.382738 0.041211 0.020839
0 0.409280 0.515271 0.057815 0.039868
0 0.483573 0.373226 0.036103 0.023757
0 0.229581 0.582822 0.243282 0.120223
0 0.216928 0.393011 0.041305 0.021881
0 0.096296 0.567287 0.074167 0.047318
