0 0.360290 0.387959 0.037116 0.027073
0 0.425695 0.404464 0.024057 0.031306
0 0.415073 0.446407 0.031195 0.031495
0 0.374039 0.486243 0.066639 0.039034
0 0.405805 0.387663 0.038660 0.026770
0 0.427139 0.427565 0.023959 0.029726
0 0.419377 0.364697 0.085422 0.037926
0 0.425906 0.467449 0.039015 0.036602
0 0.305637 0.507187 0.068603 0.034570
0 0.466767 0.417233 0.023329 0.027410
0 0.452621 0.399707 0.023359 0.027684
0 0.286734 0.535386 0.065263 0.038059
0 0.252485 0.570851 0.072664 0.049504
0 0.478599 0.444108 0.026789 0.021333
0 0.487831 0.385619 0.031801 0.025321
0 0.047528 0.456334 0.050896 0.032338
0 0.463121 0.473956 0.059879 0.052021
0 0.148016 0.608185 0.093220 0.053476
0 0.691904 0.410605 0.036450 0.026769
0 0.397663 0.513169 0.051083 0.036825
0 0.353880 0.519974 0.047840 0.029424
0 0.580000 0.462223 0.040953 0.030874
0 0.141459 0.660900 0.096120 0.062118
0 0.138771 0.423050 0.035075 0.025268
0 0.116548 0.556767 0.064035 0.040512
0 0.234486 0.404505 0.038717 0.027908
0 0.347223 0.553416 0.067772 0.044559
0 0.301008 0.600186 0.061254 0.055162
0 0.052338 0.676211 0.097622 0.066923
0 0.133427 0.741179 0.097674 0.085163
