0 0.791413 0.437504 0.028327 0.025400
0 0.833410 0.434197 0.030785 0.027122
0 0.863404 0.448838 0.023097 0.030964
0 0.855666 0.429708 0.027394 0.024722
0 0.192669 0.619295 0.063290 0.064649
0 0.668210 0.510202 0.064095 0.038069
0 0.480775 0.567123 0.076693 0.050149
0 0.199454 0.559668 0.036232 0.046538
0 0.842917 0.472268 0.037142 0.028974
0 0.262975 0.462453 0.043772 0.033361
0 0.883225 0.468034 0.025724 0.031875
0 0.792582 0.475656 0.039838 0.030356
0 0.312995 0.439439 0.042690 0.025539
0 0.823668 0.487234 0.041399 0.028290
0 0.897676 0.558975 0.030047 0.038427
0 0.371679 0.422624 0.042382 0.023357
0 0.478440 0.411710 0.048578 0.025132
0 0.406525 0.408098 0.042996 0.019881
0 0.543393 0.409154 0.044241 0.023451
0 0.603854 0.408733 0.042377 0.024695
0 0.558044 0.397607 0.039236 0.017198
0 0.495805 0.398614 0.036053 0.021403
0 0.790539 0.501301 0.049675 0.032393
0 0.923352 0.497828 0.049877 0.033587
0 0.673662 0.410941 0.041854 0.019068
0 0.735674 0.413046 0.042639 0.019068
0 0.263211 0.435475 0.046805 0.025580
0 0.748391 0.537485 0.064879 0.037865
0 0.847711 0.513789 0.058299 0.034304
0 0.903529 0.538098 0.064276 0.035017
0 0.032514 0.477755 0.055570 0.039812
0 0.772222 0.414892 0.035031 0.018443
0 0.070742 0.609514 0.048905 0.053098
0 0.837501 0.412452 0.045227 0.027195
0 0.215750 0.466407 0.038691 0.031930
0 0.696570 0.568759 0.063302 0.045761
0 0.739970 0.510381 0.054107 0.038479
0 0.183662 0.496123 0.040703 0.043537
0 0.200163 0.438991 0.052080 0.031122
0 0.105037 0.629957 0.059124 0.069743
