0 0.356430 0.386399 0.037116 0.027073
0 0.425947 0.403710 0.024057 0.031306
0 0.416082 0.445593 0.029300 0.031495
0 0.377570 0.485095 0.066639 0.039034
0 0.403211 0.387096 0.038660 0.026770
0 0.426946 0.427432 0.023337 0.028178
0 0.418475 0.364443 0.086485 0.037926
0 0.427735 0.465732 0.039015 0.036602
0 0.309548 0.506841 0.067993 0.034570
0 0.469252 0.413470 0.023329 0.027410
0 0.452952 0.398520 0.020887 0.026541
0 0.288613 0.534469 0.065263 0.038059
0 0.253909 0.570458 0.072664 0.049504
0 0.486609 0.431952 0.027210 0.023420
0 0.470620 0.464110 0.049000 0.047570
0 0.157736 0.607937 0.093220 0.053476
0 0.721333 0.397711 0.034685 0.026094
0 0.426436 0.503647 0.051083 0.037849
0 0.354801 0.519607 0.048781 0.028629
0 0.642172 0.431821 0.038146 0.028299
0 0.142496 0.661198 0.093204 0.062118
0 0.099737 0.431838 0.035075 0.025268
0 0.174132 0.545583 0.064035 0.040512
0 0.189494 0.415471 0.039738 0.027908
0 0.362915 0.543824 0.067772 0.044559
0 0.313647 0.587769 0.060494 0.047431
0 0.055408 0.674057 0.097622 0.058357
0 0.041433 0.728703 0.082865 0.079403
0 0.291082 0.390248 0.037149 0.028133
0 0.154618 0.724612 0.098599 0.076617
0 0.049610 0.816250 0.098524 0.111626
