0 0.771915 0.459185 0.031151 0.033190
0 0.803728 0.447922 0.024371 0.027415
0 0.797771 0.410967 0.029351 0.022919
0 0.822917 0.430003 0.024304 0.029964
0 0.036209 0.672255 0.072417 0.075649
0 0.245115 0.469499 0.044949 0.036214
0 0.306930 0.444025 0.037035 0.029985
0 0.378713 0.422214 0.051603 0.028864
0 0.830524 0.459332 0.033293 0.031991
0 0.856232 0.484021 0.033440 0.034173
0 0.853662 0.432734 0.027843 0.030713
0 0.803721 0.496183 0.044571 0.034907
0 0.452906 0.419988 0.043849 0.021061
0 0.518732 0.411159 0.041729 0.026283
0 0.885086 0.462702 0.034795 0.034215
0 0.587386 0.411448 0.039224 0.020438
0 0.739625 0.504855 0.047974 0.037620
0 0.059970 0.482282 0.059765 0.040457
0 0.200311 0.504264 0.041808 0.052792
0 0.844136 0.520206 0.056013 0.035148
0 0.940775 0.487651 0.051169 0.036951
0 0.694435 0.566833 0.030852 0.038861
0 0.598790 0.582682 0.064164 0.043841
0 0.129029 0.455747 0.054681 0.034263
0 0.204123 0.440685 0.050966 0.031968
0 0.158388 0.734254 0.126079 0.083362
0 0.258195 0.427083 0.045025 0.032982
0 0.750639 0.430295 0.035069 0.023962
0 0.187192 0.789466 0.116333 0.098438
