0 0.789311 0.436284 0.028579 0.025400
0 0.831458 0.430335 0.030785 0.027122
0 0.859366 0.440859 0.023097 0.030964
0 0.855103 0.428916 0.027394 0.024722
0 0.682214 0.508075 0.064095 0.038069
0 0.851920 0.532543 0.071703 0.038720
0 0.840054 0.454925 0.037142 0.028974
0 0.208782 0.522338 0.042253 0.048377
0 0.883801 0.466594 0.025724 0.031875
0 0.796631 0.471319 0.039838 0.030356
0 0.265806 0.499003 0.035899 0.046628
0 0.829764 0.482775 0.041399 0.028290
0 0.304931 0.438521 0.050707 0.030191
0 0.252482 0.460221 0.034560 0.035148
0 0.355723 0.425145 0.046388 0.023451
0 0.422792 0.415371 0.042377 0.024695
0 0.800438 0.496833 0.049675 0.032393
0 0.492455 0.412362 0.041854 0.019068
0 0.552357 0.410595 0.042639 0.023721
0 0.628079 0.412807 0.035031 0.018443
0 0.696647 0.409952 0.045227 0.027195
0 0.197062 0.492141 0.038700 0.041242
0 0.858516 0.496563 0.041349 0.033733
0 0.745691 0.509547 0.054107 0.038479
0 0.143848 0.560275 0.052361 0.054405
0 0.660759 0.533576 0.066609 0.039457
0 0.752836 0.530192 0.068325 0.037430
0 0.147912 0.490507 0.043507 0.041414
0 0.453302 0.542025 0.062240 0.038057
0 0.772371 0.414958 0.043849 0.018620
0 0.828858 0.414340 0.041729 0.026640
0 0.303723 0.548332 0.077093 0.038057
0 0.238122 0.583132 0.078508 0.043131
0 0.208809 0.449004 0.043144 0.030022
