0 0.793868 0.438928 0.028032 0.025400
0 0.835689 0.438707 0.030785 0.027122
0 0.863574 0.449173 0.023097 0.030964
0 0.856324 0.430633 0.027394 0.024722
0 0.277675 0.478661 0.030850 0.041194
0 0.569183 0.511317 0.064095 0.040910
0 0.256442 0.484447 0.041425 0.039026
0 0.262227 0.454873 0.026842 0.029425
0 0.243866 0.527669 0.045211 0.049287
0 0.059704 0.483129 0.053006 0.040729
0 0.159716 0.511721 0.041082 0.042255
0 0.842917 0.472268 0.037142 0.028974
0 0.302150 0.438715 0.043778 0.028066
0 0.882553 0.469714 0.025724 0.031875
0 0.791695 0.478095 0.039838 0.030356
0 0.348753 0.430172 0.051713 0.024757
0 0.137742 0.498464 0.042083 0.037612
0 0.403884 0.421676 0.042690 0.025539
0 0.819487 0.487092 0.041399 0.028290
0 0.834071 0.560821 0.030047 0.038427
0 0.323120 0.411259 0.043597 0.027204
0 0.474262 0.412726 0.042382 0.022507
0 0.579020 0.410539 0.048578 0.025132
0 0.162130 0.454523 0.056095 0.032341
0 0.529366 0.401503 0.038025 0.019881
0 0.975647 0.513734 0.048706 0.041138
0 0.931670 0.495331 0.050076 0.032375
0 0.865704 0.521636 0.058584 0.039099
0 0.648437 0.411456 0.044241 0.023451
0 0.754537 0.535797 0.063105 0.037072
0 0.768835 0.563671 0.071183 0.054014
0 0.640057 0.540097 0.065353 0.037793
0 0.712437 0.410663 0.042377 0.024695
0 0.719906 0.394939 0.039236 0.017198
0 0.662984 0.397385 0.036053 0.021403
0 0.569888 0.571508 0.080289 0.041716
0 0.470484 0.547495 0.070265 0.041052
0 0.652307 0.514888 0.064599 0.041856
0 0.446434 0.579449 0.072154 0.039387
0 0.717036 0.509064 0.060533 0.035650
0 0.750553 0.495031 0.044271 0.036191
0 0.264470 0.582806 0.071927 0.041592
0 0.687767 0.590788 0.075441 0.057464
0 0.787476 0.412447 0.041854 0.019068
0 0.860258 0.414318 0.042639 0.019068
0 0.813894 0.394766 0.036364 0.019381
0 0.445950 0.404395 0.046805 0.019364
0 0.259512 0.435768 0.046643 0.031520
0 0.410507 0.398857 0.041828 0.020318
0 0.076114 0.862086 0.128371 0.094528
0 0.196944 0.516640 0.046508 0.053775
0 0.191325 0.481439 0.048607 0.039036
