0 0.795221 0.439713 0.027870 0.025400
0 0.836944 0.441192 0.030785 0.027122
0 0.863935 0.449806 0.023988 0.031626
0 0.856686 0.431143 0.027394 0.024722
0 0.280295 0.471182 0.031435 0.037710
0 0.380038 0.511425 0.064095 0.048883
0 0.254434 0.482127 0.036825 0.037827
0 0.264486 0.454063 0.026842 0.029425
0 0.250382 0.519392 0.044002 0.047847
0 0.281373 0.435362 0.043077 0.029909
0 0.161524 0.510099 0.041082 0.042255
0 0.842917 0.472268 0.037142 0.028974
0 0.349330 0.430670 0.043780 0.026589
0 0.882182 0.470640 0.025724 0.031875
0 0.791057 0.478460 0.039838 0.030356
0 0.411133 0.421363 0.046743 0.024757
0 0.141264 0.493903 0.042083 0.037612
0 0.441475 0.406602 0.039977 0.026344
0 0.491566 0.414296 0.039432 0.024226
0 0.815121 0.490584 0.049487 0.028290
0 0.962824 0.489094 0.053728 0.035364
0 0.879475 0.509214 0.053509 0.036299
0 0.977853 0.515963 0.024919 0.034398
0 0.727471 0.577340 0.031622 0.043753
0 0.541221 0.409627 0.040780 0.024851
0 0.543478 0.394437 0.042949 0.020579
0 0.875005 0.551732 0.075209 0.041052
0 0.714478 0.509616 0.055838 0.034917
0 0.813650 0.534631 0.062452 0.041052
0 0.626703 0.409614 0.042382 0.022507
0 0.729672 0.413544 0.048578 0.025132
0 0.363920 0.410842 0.047370 0.018762
0 0.661356 0.403018 0.041441 0.019881
0 0.653835 0.375313 0.027754 0.018312
0 0.610532 0.526668 0.104896 0.062268
0 0.573183 0.565856 0.081261 0.046525
0 0.196688 0.446566 0.052954 0.026499
0 0.484922 0.540033 0.061801 0.038835
0 0.223339 0.453263 0.032588 0.024229
0 0.410629 0.560005 0.066193 0.047639
0 0.799436 0.415188 0.046643 0.020058
0 0.058907 0.477498 0.055112 0.032830
0 0.298757 0.576725 0.072518 0.039762
0 0.655881 0.598372 0.073378 0.060632
0 0.162700 0.556908 0.069379 0.038258
0 0.861911 0.413086 0.042377 0.024695
0 0.898718 0.402166 0.039236 0.022402
0 0.814019 0.392657 0.043375 0.018726
0 0.079551 0.582469 0.077411 0.054448
0 0.524817 0.520202 0.064599 0.041052
0 0.161403 0.800396 0.139480 0.098210
0 0.702512 0.391077 0.038346 0.020739
0 0.200865 0.512414 0.046038 0.052041
0 0.194324 0.479449 0.048273 0.037703
