0 0.342520 0.384210 0.037809 0.019370
0 0.344441 0.395675 0.041438 0.021811
0 0.403709 0.382627 0.024438 0.024010
0 0.435067 0.386714 0.023485 0.025329
0 0.464183 0.392205 0.021259 0.022247
0 0.439552 0.415089 0.024410 0.027805
0 0.421111 0.443068 0.029941 0.032688
0 0.471700 0.416554 0.025688 0.029840
0 0.064686 0.453466 0.053606 0.028715
0 0.151616 0.429607 0.047725 0.027997
0 0.309231 0.509769 0.066495 0.039580
0 0.223271 0.417868 0.049507 0.024876
0 0.206501 0.530063 0.073476 0.045180
0 0.469206 0.376952 0.026521 0.019900
0 0.496812 0.403250 0.031672 0.032598
0 0.285501 0.405765 0.040134 0.022893
0 0.105362 0.557105 0.081478 0.053995
0 0.396252 0.477633 0.050887 0.033380
0 0.708828 0.404673 0.037128 0.025241
0 0.636194 0.432687 0.038576 0.028890
0 0.497461 0.447019 0.036204 0.029244
0 0.482146 0.472956 0.053914 0.033298
0 0.397256 0.512701 0.061065 0.047623
0 0.322896 0.558811 0.065436 0.052175
0 0.231088 0.578564 0.075830 0.047826
0 0.159740 0.704970 0.217850 0.207484
