0 0.694373 0.517985 0.051960 0.037532
0 0.847400 0.485336 0.035546 0.032500
0 0.720167 0.402869 0.039959 0.024592
0 0.807295 0.529720 0.026917 0.041870
0 0.611559 0.531533 0.032571 0.035636
0 0.282422 0.427585 0.044988 0.031968
0 0.139235 0.575246 0.057862 0.058272
0 0.197900 0.493614 0.039008 0.053053
0 0.263626 0.459827 0.033373 0.038351
0 0.501740 0.547044 0.028613 0.040962
0 0.828255 0.440332 0.031096 0.031556
0 0.792079 0.407224 0.028099 0.026636
0 0.772985 0.484426 0.042251 0.034052
0 0.763559 0.440774 0.028893 0.033274
0 0.838759 0.416946 0.031920 0.025140
0 0.487128 0.411739 0.045846 0.027569
0 0.819257 0.398047 0.031942 0.023905
0 0.664757 0.412306 0.044059 0.023382
0 0.561747 0.405300 0.041615 0.027766
