0 0.791428 0.437512 0.028325 0.025400
0 0.833423 0.434224 0.030785 0.027122
0 0.863433 0.448894 0.023097 0.030964
0 0.855670 0.429714 0.027394 0.024722
0 0.194889 0.617161 0.062776 0.064456
0 0.668112 0.510217 0.064095 0.038069
0 0.476702 0.566636 0.076693 0.050149
0 0.200162 0.557706 0.036040 0.045539
0 0.842917 0.472268 0.037142 0.028974
0 0.263452 0.461954 0.043772 0.033361
0 0.883221 0.468044 0.025724 0.031875
0 0.792577 0.475670 0.039838 0.030356
0 0.313673 0.439051 0.042690 0.025539
0 0.823625 0.487265 0.041399 0.028290
0 0.897676 0.558975 0.030047 0.038427
0 0.372755 0.422510 0.042382 0.023304
0 0.479271 0.411720 0.048578 0.025132
0 0.408043 0.408133 0.042996 0.019881
0 0.543894 0.409195 0.044241 0.023451
0 0.604349 0.408721 0.042377 0.024695
0 0.558617 0.397619 0.039236 0.017198
0 0.496586 0.398508 0.036053 0.021403
0 0.790470 0.501333 0.049675 0.032393
0 0.920101 0.498595 0.049914 0.033587
0 0.674148 0.410952 0.041854 0.019068
0 0.735821 0.413065 0.042639 0.019068
0 0.265086 0.434867 0.046805 0.025191
0 0.745926 0.537913 0.064879 0.037865
0 0.845098 0.514318 0.058299 0.034304
0 0.902735 0.538463 0.064704 0.035017
0 0.035335 0.477973 0.058060 0.039812
0 0.772611 0.414892 0.035031 0.018443
0 0.072317 0.607764 0.047425 0.052059
0 0.837697 0.412429 0.045227 0.027195
0 0.216048 0.466122 0.038691 0.031930
0 0.694692 0.569197 0.063302 0.045761
0 0.739930 0.510387 0.054107 0.038479
0 0.183741 0.496069 0.040703 0.043537
0 0.203345 0.438140 0.051518 0.030389
0 0.107336 0.627611 0.057482 0.068973
