0 0.789561 0.436429 0.028549 0.025400
0 0.831690 0.430794 0.030785 0.027122
0 0.859846 0.441808 0.023097 0.030964
0 0.855170 0.429010 0.027394 0.024722
0 0.680549 0.508328 0.064095 0.038069
0 0.820366 0.537992 0.074207 0.038720
0 0.840892 0.456846 0.037142 0.028974
0 0.216249 0.513021 0.040738 0.045273
0 0.883732 0.466765 0.025724 0.031875
0 0.796107 0.471863 0.039838 0.030356
0 0.268838 0.491821 0.034387 0.044431
0 0.829039 0.483305 0.041399 0.028290
0 0.053174 0.490542 0.054896 0.033098
0 0.316081 0.436282 0.050255 0.029118
0 0.259017 0.450901 0.038540 0.031978
0 0.369386 0.423021 0.046388 0.023451
0 0.434406 0.414717 0.042377 0.024695
0 0.799261 0.497365 0.049675 0.032393
0 0.516503 0.411382 0.041854 0.019068
0 0.579000 0.410595 0.042639 0.023721
0 0.656908 0.413297 0.035031 0.018443
0 0.727390 0.410606 0.045227 0.027195
0 0.198681 0.489460 0.038699 0.039901
0 0.856828 0.497222 0.042305 0.034435
0 0.745011 0.509646 0.054107 0.038479
0 0.149298 0.551228 0.050681 0.052839
0 0.622941 0.537662 0.066609 0.039457
0 0.716614 0.534688 0.070606 0.037704
0 0.170538 0.473468 0.046375 0.035989
0 0.370455 0.541017 0.062240 0.038057
0 0.799561 0.414958 0.043849 0.018620
0 0.854408 0.414504 0.041729 0.026640
0 0.193281 0.551546 0.077093 0.038057
0 0.075487 0.579108 0.078508 0.043131
0 0.232358 0.440780 0.043144 0.030022
