0 0.790296 0.436856 0.028461 0.025400
0 0.832373 0.432144 0.030785 0.027122
0 0.861258 0.444597 0.023097 0.030964
0 0.855367 0.429287 0.027394 0.024722
0 0.675653 0.509072 0.064095 0.038069
0 0.705804 0.560480 0.076693 0.050149
0 0.072542 0.708257 0.084431 0.074329
0 0.843355 0.462495 0.037142 0.028974
0 0.236872 0.487921 0.036995 0.037605
0 0.883531 0.467269 0.025724 0.031875
0 0.794567 0.473465 0.039838 0.030356
0 0.278574 0.470002 0.032389 0.037609
0 0.826908 0.484864 0.041399 0.028290
0 0.224263 0.451196 0.044462 0.028872
0 0.368768 0.425297 0.048578 0.025132
0 0.292829 0.430621 0.053948 0.028778
0 0.426205 0.415714 0.044675 0.023451
0 0.485552 0.411688 0.042377 0.024695
0 0.795800 0.498927 0.049675 0.032393
0 0.591134 0.409375 0.041854 0.019068
0 0.663232 0.412769 0.042639 0.019068
0 0.055114 0.484564 0.065048 0.031881
0 0.889249 0.510188 0.056353 0.036460
0 0.727594 0.414497 0.035031 0.018443
0 0.802321 0.412733 0.045227 0.027195
0 0.203441 0.481577 0.038695 0.035955
0 0.815645 0.526732 0.050348 0.038706
0 0.743010 0.509938 0.054107 0.038479
0 0.165330 0.524618 0.045742 0.048234
0 0.408354 0.538480 0.066609 0.039457
0 0.514273 0.547007 0.076622 0.037704
0 0.119171 0.464973 0.054289 0.030424
0 0.230184 0.435637 0.044980 0.025114
