0 0.793302 0.411482 0.028967 0.022362
0 0.120059 0.621884 0.071019 0.063704
0 0.226340 0.506250 0.040552 0.043918
0 0.308867 0.438397 0.047344 0.026788
0 0.606348 0.412169 0.039800 0.025079
0 0.771143 0.415181 0.028265 0.028202
0 0.786288 0.443141 0.031163 0.029732
0 0.781752 0.468986 0.031474 0.037366
0 0.402328 0.421739 0.048656 0.026760
0 0.726610 0.401248 0.034215 0.018711
0 0.860624 0.446491 0.028780 0.030917
0 0.032059 0.488414 0.059423 0.028331
0 0.110428 0.466915 0.050038 0.031468
0 0.789752 0.493472 0.038060 0.036917
0 0.465443 0.416702 0.043615 0.023257
0 0.249377 0.455716 0.044333 0.030760
0 0.566083 0.405772 0.037167 0.024103
0 0.518816 0.407472 0.044594 0.030445
