0 0.412651 0.397733 0.021568 0.031159
0 0.427783 0.442525 0.033842 0.034965
0 0.301227 0.375024 0.110754 0.044187
0 0.433142 0.417645 0.026084 0.025236
0 0.355202 0.487885 0.060060 0.030449
0 0.361383 0.508712 0.064963 0.038059
0 0.293031 0.545066 0.072664 0.049504
0 0.477570 0.376521 0.033381 0.031036
0 0.623756 0.443335 0.045764 0.029695
0 0.467975 0.401544 0.026830 0.030800
0 0.416849 0.473552 0.034700 0.032362
0 0.353578 0.544215 0.059989 0.048275
0 0.258405 0.523789 0.052735 0.032987
0 0.127514 0.430475 0.046031 0.027908
0 0.459561 0.476984 0.041109 0.034445
0 0.414591 0.513618 0.046947 0.036688
0 0.197804 0.580300 0.084220 0.056114
0 0.269502 0.587376 0.072642 0.051740
0 0.186186 0.417668 0.046601 0.028133
0 0.174251 0.556885 0.074556 0.043113
0 0.237170 0.408408 0.043905 0.025507
0 0.035102 0.434847 0.054079 0.034630
0 0.539432 0.478113 0.044743 0.035219
0 0.394100 0.561037 0.057522 0.043691
0 0.115957 0.758583 0.103855 0.086018
