0 0.433037 0.413621 0.025719 0.024210
0 0.394745 0.404528 0.034810 0.021811
0 0.433955 0.397013 0.029831 0.022753
0 0.477991 0.407988 0.025061 0.028867
0 0.413743 0.457860 0.034404 0.031617
0 0.396366 0.481010 0.050755 0.033311
0 0.331698 0.496998 0.054405 0.032421
0 0.740763 0.381200 0.037592 0.023319
0 0.254143 0.515998 0.069448 0.032992
0 0.786858 0.374233 0.032918 0.022874
0 0.068771 0.447382 0.054760 0.031619
0 0.672010 0.409468 0.036698 0.029280
0 0.711524 0.404907 0.034931 0.023939
0 0.642145 0.437891 0.043368 0.031030
0 0.584280 0.432832 0.042421 0.030052
0 0.549890 0.464329 0.046442 0.030739
0 0.190203 0.421690 0.046218 0.026296
0 0.172635 0.396210 0.050274 0.032064
0 0.481812 0.496550 0.052222 0.041953
0 0.422304 0.490914 0.057311 0.037256
0 0.412153 0.530556 0.053622 0.039569
0 0.258852 0.405337 0.038254 0.022991
0 0.362385 0.390839 0.042142 0.022924
0 0.330117 0.537686 0.066342 0.042253
0 0.441998 0.378268 0.041582 0.023609
0 0.280040 0.580408 0.081059 0.053378
0 0.154446 0.564950 0.088066 0.050319
0 0.135921 0.419531 0.045619 0.025371
0 0.084971 0.422048 0.048448 0.020544
0 0.037707 0.615904 0.075413 0.048205
