0 0.374735 0.387241 0.031532 0.019370
0 0.363827 0.397501 0.038083 0.021811
0 0.421072 0.400942 0.027638 0.025587
0 0.445765 0.399911 0.023485 0.025329
0 0.478184 0.405730 0.021259 0.022247
0 0.444928 0.443522 0.030811 0.029790
0 0.403104 0.467297 0.045797 0.034325
0 0.459118 0.387160 0.027415 0.022790
0 0.483914 0.438756 0.027343 0.032547
0 0.025244 0.458413 0.050489 0.038930
0 0.099352 0.444225 0.053606 0.028715
0 0.181564 0.425020 0.044252 0.023811
0 0.259201 0.519170 0.068969 0.039580
0 0.744694 0.378939 0.030746 0.021885
0 0.259520 0.410680 0.041550 0.023834
0 0.165908 0.538344 0.073476 0.045180
0 0.492389 0.393508 0.030313 0.019900
0 0.509439 0.414120 0.031248 0.033310
0 0.718780 0.400808 0.035094 0.022374
0 0.326898 0.398489 0.040134 0.022893
0 0.083785 0.566323 0.081478 0.053995
0 0.830650 0.359217 0.024578 0.019255
0 0.661473 0.411245 0.035251 0.024131
0 0.337397 0.505588 0.057400 0.035638
0 0.591646 0.454085 0.047372 0.032004
0 0.492980 0.488571 0.050057 0.031875
0 0.468010 0.476383 0.047917 0.029415
0 0.406153 0.499311 0.056385 0.035465
0 0.288714 0.570675 0.072561 0.055148
0 0.096433 0.718483 0.094263 0.072318
