0 0.434883 0.415096 0.025505 0.026111
0 0.397032 0.405162 0.034612 0.022121
0 0.435513 0.398471 0.029831 0.023795
0 0.480804 0.410722 0.031186 0.030863
0 0.409011 0.459384 0.044635 0.034494
0 0.049758 0.450903 0.055202 0.039553
0 0.092583 0.418324 0.045577 0.027514
0 0.119325 0.425843 0.049657 0.031690
0 0.358676 0.493366 0.058712 0.033311
0 0.184621 0.400685 0.049938 0.027838
0 0.288567 0.509186 0.059723 0.036316
0 0.410596 0.499225 0.058902 0.038486
0 0.553639 0.461416 0.052333 0.041704
0 0.306778 0.531852 0.076900 0.037389
0 0.211825 0.531765 0.069448 0.047786
0 0.371460 0.546408 0.080761 0.046838
0 0.228830 0.413387 0.042437 0.028416
0 0.275281 0.399379 0.036071 0.022834
0 0.412587 0.381343 0.038399 0.019972
0 0.146419 0.566884 0.079296 0.034736
0 0.174572 0.591614 0.083197 0.052377
0 0.334768 0.396880 0.037665 0.023257
0 0.382077 0.377984 0.043144 0.021565
