0 0.434563 0.414722 0.025531 0.025875
0 0.396835 0.404869 0.034810 0.021811
0 0.435266 0.398239 0.029831 0.023630
0 0.479882 0.409923 0.029189 0.030863
0 0.409889 0.459463 0.042327 0.034013
0 0.046163 0.442971 0.047370 0.031690
0 0.370917 0.487403 0.058712 0.033311
0 0.134218 0.409411 0.050554 0.028779
0 0.305964 0.505021 0.059723 0.036316
0 0.488886 0.471691 0.052519 0.029408
0 0.634796 0.428001 0.044914 0.038303
0 0.387013 0.508654 0.059716 0.037389
0 0.231079 0.525508 0.069448 0.035457
0 0.483296 0.505553 0.069801 0.040501
0 0.172168 0.425726 0.043563 0.028786
0 0.219710 0.408776 0.042812 0.023038
0 0.352388 0.391423 0.040019 0.023832
0 0.229795 0.548671 0.070502 0.037658
0 0.307401 0.556016 0.072705 0.047721
0 0.274542 0.407182 0.038982 0.023624
0 0.323243 0.387185 0.043144 0.021565
0 0.164466 0.612520 0.087206 0.054801
0 0.122222 0.570691 0.077298 0.051148
0 0.041052 0.620005 0.082104 0.051250
