0 0.767017 0.426522 0.034272 0.025400
0 0.751461 0.488047 0.046141 0.038069
0 0.820866 0.420099 0.028428 0.024380
0 0.852326 0.425312 0.031626 0.026736
0 0.800329 0.462453 0.024371 0.027415
0 0.830330 0.443143 0.026682 0.028290
0 0.127077 0.473170 0.052319 0.031929
0 0.830663 0.475195 0.038636 0.032393
0 0.237900 0.486968 0.039806 0.041277
0 0.344766 0.431726 0.043815 0.026035
0 0.402099 0.422029 0.037976 0.020574
0 0.486935 0.411523 0.049864 0.028409
0 0.864697 0.449508 0.028670 0.031629
0 0.794265 0.492647 0.043526 0.031991
0 0.808748 0.519348 0.054614 0.034173
0 0.859822 0.490057 0.033582 0.030713
0 0.741916 0.520758 0.050144 0.035210
0 0.578806 0.412235 0.043849 0.021061
0 0.648009 0.410017 0.041729 0.026283
0 0.884089 0.524556 0.051265 0.034215
0 0.718829 0.412148 0.039224 0.020438
0 0.468097 0.601890 0.075751 0.057918
0 0.246582 0.437223 0.047050 0.036374
0 0.086738 0.468340 0.057516 0.038034
0 0.170612 0.448678 0.048234 0.030041
0 0.300345 0.432619 0.047069 0.043174
0 0.498498 0.645072 0.078918 0.059516
0 0.331657 0.740173 0.050846 0.051891
0 0.226858 0.754263 0.106956 0.078223
