0 0.687716 0.519633 0.053094 0.038508
0 0.790090 0.518479 0.051985 0.036599
0 0.631681 0.390103 0.038816 0.023680
0 0.768224 0.419217 0.039372 0.022077
0 0.537003 0.534564 0.027685 0.041704
0 0.399621 0.510620 0.027717 0.034524
0 0.313171 0.419107 0.040977 0.031968
0 0.196989 0.478940 0.030438 0.040173
0 0.980264 0.514849 0.039473 0.038037
0 0.346790 0.524893 0.026692 0.040962
0 0.165937 0.826121 0.132252 0.101585
0 0.839206 0.470036 0.032595 0.039321
0 0.821111 0.432919 0.031146 0.027302
0 0.754628 0.497955 0.049518 0.034052
0 0.768902 0.447383 0.028893 0.033274
0 0.847511 0.424663 0.035053 0.026449
0 0.491147 0.411275 0.045846 0.027185
0 0.824240 0.402889 0.031942 0.026729
0 0.665857 0.412486 0.044059 0.023382
0 0.562719 0.405214 0.041615 0.027766
