0 0.326203 0.395029 0.042429 0.021811
0 0.452397 0.384130 0.021259 0.022247
0 0.429378 0.401934 0.024410 0.027805
0 0.422222 0.432189 0.027659 0.032688
0 0.463044 0.412770 0.030322 0.026685
0 0.045140 0.457863 0.058241 0.028715
0 0.134188 0.432337 0.047725 0.027997
0 0.341235 0.500647 0.063525 0.039580
0 0.216370 0.418968 0.049507 0.024876
0 0.245125 0.517815 0.073476 0.045180
0 0.465641 0.374703 0.026521 0.019900
0 0.485521 0.398347 0.033536 0.029463
0 0.272830 0.407953 0.040134 0.022893
0 0.140135 0.543812 0.081478 0.053995
0 0.412564 0.464693 0.042999 0.033380
0 0.691228 0.412818 0.033173 0.023065
0 0.496094 0.439502 0.034237 0.029244
0 0.527420 0.455832 0.043976 0.030697
0 0.428740 0.487732 0.047823 0.037584
0 0.362149 0.535821 0.058993 0.043805
0 0.273721 0.556851 0.073419 0.043497
0 0.255830 0.636963 0.208548 0.182086
0 0.096922 0.687529 0.093127 0.083085
