0 0.379672 0.392265 0.033645 0.027073
0 0.428156 0.429439 0.029293 0.031306
0 0.105011 0.442822 0.049507 0.024876
0 0.363576 0.485720 0.061297 0.039295
0 0.395854 0.377970 0.041867 0.024546
0 0.178550 0.424718 0.040134 0.022893
0 0.286944 0.514607 0.073691 0.044685
0 0.422730 0.400777 0.024950 0.025989
0 0.442947 0.385700 0.025700 0.023256
0 0.617334 0.416725 0.039409 0.027792
0 0.455388 0.411793 0.026891 0.031491
0 0.415077 0.466054 0.040764 0.033633
0 0.507326 0.424452 0.045248 0.082677
0 0.357892 0.519988 0.061154 0.046733
0 0.202335 0.533909 0.068603 0.040938
0 0.417818 0.507260 0.053879 0.040855
0 0.474996 0.473376 0.040821 0.032944
0 0.258179 0.574251 0.066655 0.043428
0 0.420553 0.546006 0.065107 0.048923
0 0.448428 0.467163 0.037732 0.028449
0 0.025631 0.460336 0.051262 0.030603
0 0.279944 0.400903 0.031813 0.026049
0 0.466904 0.439210 0.029610 0.031259
0 0.175926 0.602320 0.077483 0.054872
0 0.320497 0.584816 0.062849 0.055096
0 0.326879 0.386635 0.027952 0.024007
0 0.150573 0.416086 0.040814 0.028122
0 0.179449 0.657297 0.074453 0.062718
0 0.151001 0.737385 0.106310 0.108626
