0 0.774221 0.445829 0.029353 0.032750
0 0.800896 0.434820 0.024371 0.030227
0 0.199559 0.512467 0.045175 0.045461
0 0.272145 0.475665 0.036123 0.031551
0 0.331627 0.430359 0.051603 0.028864
0 0.832374 0.436291 0.033293 0.031991
0 0.855928 0.467527 0.028575 0.034173
0 0.831223 0.408968 0.024018 0.026148
0 0.818071 0.481769 0.030370 0.033471
0 0.408015 0.424429 0.043849 0.021061
0 0.474285 0.413277 0.041729 0.026283
0 0.863835 0.441681 0.034795 0.034215
0 0.536814 0.411358 0.039224 0.020438
0 0.770393 0.481753 0.039128 0.037620
0 0.133143 0.575288 0.072598 0.072630
0 0.885227 0.492774 0.035722 0.035148
0 0.906746 0.463735 0.047249 0.036951
0 0.788939 0.534106 0.027276 0.036263
0 0.689720 0.547921 0.059566 0.043841
0 0.042543 0.476294 0.051306 0.040612
0 0.153376 0.454400 0.050966 0.031968
0 0.376859 0.653774 0.097591 0.067554
0 0.218389 0.442137 0.045025 0.032982
0 0.722359 0.421540 0.035069 0.023962
0 0.112107 0.761221 0.116107 0.091336
0 0.321390 0.755043 0.111222 0.079292
0 0.449154 0.661458 0.090064 0.082828
0 0.257164 0.448938 0.046076 0.033182
0 0.068632 0.857610 0.137263 0.098034
