0 0.368292 0.386635 0.032787 0.019370
0 0.363443 0.397413 0.038127 0.021811
0 0.418791 0.399079 0.027527 0.025315
0 0.444467 0.398619 0.023485 0.025329
0 0.475886 0.403732 0.021259 0.022247
0 0.445566 0.439421 0.026972 0.028687
0 0.405613 0.464195 0.043125 0.033894
0 0.456207 0.384503 0.027415 0.022790
0 0.483293 0.434846 0.025718 0.031353
0 0.023774 0.459593 0.047548 0.040217
0 0.094804 0.445858 0.053606 0.028715
0 0.177903 0.425749 0.044638 0.024276
0 0.260426 0.518919 0.068969 0.039580
0 0.758065 0.375181 0.028013 0.020203
0 0.254522 0.411801 0.043142 0.024042
0 0.166645 0.538181 0.073476 0.045180
0 0.489819 0.391440 0.030313 0.019900
0 0.507499 0.412690 0.031248 0.033310
0 0.720806 0.399974 0.034528 0.022374
0 0.321897 0.399746 0.040134 0.022893
0 0.084631 0.566062 0.081478 0.053995
0 0.832241 0.358514 0.024578 0.019255
0 0.676812 0.403951 0.032981 0.021943
0 0.343765 0.502767 0.056158 0.035044
0 0.608913 0.446612 0.044645 0.028624
0 0.512274 0.480431 0.048018 0.030882
0 0.472784 0.473000 0.045928 0.029395
0 0.415253 0.496848 0.056385 0.035465
0 0.307655 0.559841 0.068324 0.053736
0 0.124232 0.698280 0.090151 0.066609
0 0.067546 0.685294 0.092678 0.069027
