0 0.423940 0.405005 0.026262 0.019370
0 0.377873 0.400717 0.036487 0.021811
0 0.429487 0.393709 0.029831 0.020859
0 0.465796 0.395790 0.027896 0.023118
0 0.426135 0.426799 0.027638 0.025587
0 0.456900 0.423016 0.023927 0.025295
0 0.458066 0.442155 0.033511 0.027831
0 0.421421 0.466650 0.052780 0.033776
0 0.509941 0.417084 0.027912 0.031314
0 0.481161 0.413866 0.024121 0.023617
0 0.367932 0.489703 0.059961 0.032693
0 0.485339 0.447301 0.033962 0.029810
0 0.029179 0.456861 0.045596 0.036289
0 0.295268 0.515371 0.060461 0.035873
0 0.193564 0.418692 0.047358 0.036012
0 0.765957 0.368630 0.029940 0.021224
0 0.274947 0.409097 0.048264 0.027693
0 0.339245 0.396539 0.040845 0.027116
0 0.693301 0.405075 0.085372 0.060174
0 0.208770 0.536351 0.070412 0.041412
0 0.620850 0.452593 0.040040 0.028413
0 0.356868 0.518997 0.055797 0.033599
0 0.431126 0.489216 0.055372 0.030630
0 0.399423 0.386120 0.036626 0.016148
0 0.509715 0.474356 0.022340 0.031601
0 0.426264 0.512134 0.061256 0.040947
0 0.131246 0.549753 0.073476 0.045180
0 0.600838 0.437074 0.039405 0.027803
0 0.494960 0.468002 0.049730 0.028416
0 0.325004 0.550527 0.078064 0.053312
0 0.529649 0.406589 0.023194 0.025024
0 0.230355 0.575714 0.079058 0.043996
0 0.466885 0.375028 0.036460 0.018003
0 0.440417 0.541569 0.024846 0.041052
0 0.042357 0.576482 0.081478 0.053995
