0 0.408819 0.383816 0.019919 0.024773
0 0.429313 0.430679 0.028750 0.031331
0 0.293411 0.374948 0.110754 0.044187
0 0.417696 0.407804 0.035742 0.027519
0 0.363494 0.485263 0.060060 0.030449
0 0.373394 0.505521 0.058670 0.038059
0 0.301993 0.539848 0.072664 0.047524
0 0.477570 0.376521 0.033381 0.031036
0 0.651960 0.430176 0.044886 0.026888
0 0.467975 0.401544 0.026830 0.030800
0 0.423099 0.462356 0.034700 0.032362
0 0.359882 0.543524 0.059714 0.044792
0 0.278233 0.518273 0.052735 0.032987
0 0.127514 0.430475 0.046031 0.027908
0 0.459561 0.476984 0.041109 0.034445
0 0.414591 0.513618 0.046947 0.036688
0 0.205769 0.576863 0.080985 0.050855
0 0.286306 0.581542 0.071254 0.050787
0 0.186186 0.417668 0.046601 0.028133
0 0.195803 0.546487 0.074556 0.043113
0 0.237170 0.408408 0.043905 0.025507
0 0.032504 0.435789 0.054046 0.035083
0 0.584180 0.450322 0.039683 0.031004
0 0.461858 0.520603 0.050690 0.040967
0 0.348943 0.584677 0.068255 0.055046
0 0.024463 0.587701 0.032072 0.047264
