0 0.431438 0.417965 0.026810 0.029947
0 0.284840 0.375916 0.110754 0.044187
0 0.389651 0.397737 0.041011 0.029475
0 0.369649 0.488031 0.060060 0.030449
0 0.387693 0.501722 0.051178 0.038059
0 0.314794 0.534974 0.072664 0.042997
0 0.680018 0.416954 0.044886 0.026888
0 0.426688 0.452080 0.029600 0.029154
0 0.359882 0.543524 0.059714 0.044792
0 0.300493 0.512441 0.052735 0.032987
0 0.127514 0.430475 0.046031 0.027908
0 0.459561 0.476984 0.041109 0.034445
0 0.414591 0.513618 0.046947 0.036688
0 0.219738 0.571284 0.079493 0.049567
0 0.292591 0.577010 0.068080 0.048609
0 0.186186 0.417668 0.046601 0.028133
0 0.218132 0.537049 0.074556 0.041402
0 0.237170 0.408408 0.043905 0.025507
0 0.027533 0.438698 0.051072 0.035472
0 0.635258 0.421115 0.036223 0.031004
0 0.535645 0.474811 0.043242 0.034360
0 0.451772 0.524845 0.057192 0.044541
0 0.110746 0.587731 0.035670 0.047264
0 0.316433 0.610819 0.067166 0.060768
0 0.127833 0.744949 0.090642 0.077615
