0 0.371514 0.386938 0.032160 0.019370
0 0.363635 0.397457 0.038105 0.021811
0 0.420110 0.399996 0.027594 0.025478
0 0.445188 0.399239 0.023485 0.025329
0 0.477146 0.404757 0.021259 0.022247
0 0.445211 0.441621 0.028894 0.029349
0 0.404262 0.465752 0.044728 0.034152
0 0.457663 0.385831 0.027415 0.022790
0 0.483604 0.436801 0.026531 0.031950
0 0.025244 0.459593 0.050489 0.040217
0 0.097162 0.445328 0.053606 0.028715
0 0.179865 0.425489 0.044252 0.023811
0 0.259813 0.519045 0.068969 0.039580
0 0.751167 0.377092 0.029653 0.021213
0 0.257021 0.411240 0.042346 0.023938
0 0.166276 0.538263 0.073476 0.045180
0 0.491104 0.392474 0.030313 0.019900
0 0.508469 0.413405 0.031248 0.033310
0 0.720806 0.399974 0.034528 0.022374
0 0.324397 0.399118 0.040134 0.022893
0 0.084208 0.566193 0.081478 0.053995
0 0.832241 0.358514 0.024578 0.019255
0 0.669067 0.407624 0.034225 0.023038
0 0.340371 0.504308 0.056904 0.035400
0 0.600317 0.450284 0.046281 0.030652
0 0.502813 0.484517 0.049168 0.031228
0 0.470573 0.474845 0.046958 0.029427
0 0.410810 0.498076 0.056385 0.035465
0 0.298185 0.565258 0.070442 0.054442
0 0.110913 0.707736 0.093629 0.068403
0 0.051641 0.696606 0.092678 0.071835
