0 0.791398 0.437495 0.028328 0.025400
0 0.833396 0.434170 0.030785 0.027122
0 0.863376 0.448782 0.023097 0.030964
0 0.855662 0.429702 0.027394 0.024722
0 0.190450 0.621429 0.063803 0.064843
0 0.668308 0.510187 0.064095 0.038069
0 0.484849 0.567610 0.076693 0.050149
0 0.198746 0.561629 0.036424 0.047538
0 0.842917 0.472268 0.037142 0.028974
0 0.262498 0.462952 0.043772 0.033361
0 0.883229 0.468024 0.025724 0.031875
0 0.792588 0.475641 0.039838 0.030356
0 0.312318 0.439827 0.042690 0.025539
0 0.823710 0.487203 0.041399 0.028290
0 0.897676 0.558975 0.030047 0.038427
0 0.370604 0.422739 0.042382 0.023410
0 0.477610 0.411699 0.048578 0.025132
0 0.405008 0.408062 0.042996 0.019881
0 0.542893 0.409113 0.044241 0.023451
0 0.603359 0.408746 0.042377 0.024695
0 0.557470 0.397594 0.039236 0.017198
0 0.495024 0.398720 0.036053 0.021403
0 0.790608 0.501270 0.049675 0.032393
0 0.926603 0.497061 0.049840 0.033587
0 0.673176 0.410931 0.041854 0.019068
0 0.735528 0.413027 0.042639 0.019068
0 0.261336 0.436084 0.046805 0.025968
0 0.750857 0.537056 0.064879 0.037865
0 0.850324 0.513260 0.058299 0.034304
0 0.904323 0.537733 0.063848 0.035017
0 0.029692 0.477538 0.053080 0.039812
0 0.771834 0.414892 0.035031 0.018443
0 0.069166 0.611263 0.050385 0.054138
0 0.837305 0.412475 0.045227 0.027195
0 0.215451 0.466692 0.038691 0.031930
0 0.698447 0.568322 0.063302 0.045761
0 0.740010 0.510376 0.054107 0.038479
0 0.183583 0.496177 0.040703 0.043537
0 0.196981 0.439842 0.052641 0.031855
0 0.102737 0.632302 0.060765 0.070513
