0 0.703730 0.515671 0.050367 0.036160
0 0.851968 0.442813 0.029829 0.032109
0 0.937925 0.507432 0.028462 0.033152
0 0.179293 0.452505 0.050722 0.034077
0 0.036248 0.668701 0.072497 0.091378
0 0.503091 0.537851 0.069465 0.041034
0 0.754536 0.550698 0.028613 0.040962
0 0.861830 0.546643 0.067912 0.051101
0 0.801691 0.415412 0.031796 0.031263
0 0.787623 0.456602 0.031361 0.034632
0 0.733331 0.423831 0.044237 0.030197
0 0.829391 0.410553 0.030734 0.024645
0 0.481481 0.412391 0.045846 0.028109
0 0.663210 0.412054 0.044059 0.023382
0 0.560380 0.405421 0.041615 0.027766
