0 0.076447 0.649520 0.070112 0.067296
0 0.249193 0.483555 0.045304 0.039580
0 0.582794 0.409992 0.039800 0.025079
0 0.766684 0.413473 0.028265 0.023616
0 0.777170 0.445953 0.031147 0.036775
0 0.314883 0.434021 0.048656 0.026760
0 0.842741 0.418116 0.025996 0.027827
0 0.816821 0.438308 0.026168 0.032747
0 0.383253 0.422253 0.043615 0.023257
0 0.299339 0.515877 0.054851 0.041787
0 0.227984 0.435273 0.049447 0.031054
0 0.254465 0.452323 0.037735 0.029836
0 0.100522 0.601444 0.027041 0.038970
0 0.519724 0.409509 0.037167 0.024103
0 0.443180 0.411815 0.044594 0.030445
