0 0.430893 0.420860 0.026810 0.029947
0 0.286445 0.375030 0.110754 0.044187
0 0.398538 0.401341 0.036734 0.029475
0 0.370466 0.483733 0.060060 0.030449
0 0.384261 0.502634 0.052976 0.038059
0 0.311312 0.535987 0.072664 0.042997
0 0.673284 0.420127 0.044886 0.026888
0 0.413473 0.478202 0.033972 0.031904
0 0.359882 0.543524 0.059714 0.044792
0 0.297575 0.513791 0.052735 0.032987
0 0.127514 0.430475 0.046031 0.027908
0 0.459561 0.476984 0.041109 0.034445
0 0.414591 0.513618 0.046947 0.036688
0 0.216084 0.572708 0.080488 0.050426
0 0.292591 0.577010 0.068080 0.048609
0 0.186186 0.417668 0.046601 0.028133
0 0.212440 0.539233 0.074556 0.042542
0 0.237170 0.408408 0.043905 0.025507
0 0.029884 0.436897 0.053597 0.035472
0 0.622999 0.428125 0.037053 0.031004
0 0.519790 0.483219 0.043579 0.039453
0 0.428432 0.537674 0.057192 0.044541
0 0.091366 0.586110 0.035670 0.047264
0 0.094648 0.771666 0.097272 0.083100
