0 0.768112 0.427328 0.034272 0.025400
0 0.746395 0.491350 0.048223 0.038069
0 0.822903 0.422622 0.028535 0.024993
0 0.855269 0.429454 0.031626 0.027654
0 0.800494 0.462672 0.024371 0.027415
0 0.831426 0.446546 0.026682 0.028290
0 0.147696 0.467475 0.051716 0.031379
0 0.828506 0.477288 0.038636 0.032393
0 0.248170 0.476534 0.038562 0.041130
0 0.352313 0.430242 0.043067 0.024563
0 0.410576 0.421132 0.037976 0.020574
0 0.502162 0.410623 0.048512 0.028055
0 0.866810 0.453634 0.028670 0.031629
0 0.791617 0.494078 0.044184 0.032125
0 0.805356 0.520451 0.055719 0.034173
0 0.856100 0.493770 0.035845 0.031551
0 0.737102 0.522499 0.051491 0.035213
0 0.593209 0.412684 0.043849 0.021061
0 0.659637 0.410197 0.041729 0.026283
0 0.871285 0.528506 0.053209 0.034215
0 0.727831 0.411968 0.039224 0.020438
0 0.434619 0.614617 0.079086 0.060880
0 0.254256 0.435891 0.047050 0.036374
0 0.101692 0.465279 0.057976 0.038034
0 0.183608 0.445791 0.042542 0.025455
0 0.453828 0.666890 0.087629 0.062559
0 0.295549 0.761250 0.053577 0.053627
0 0.172927 0.780188 0.112711 0.084820
