0 0.435424 0.416228 0.025505 0.026111
0 0.396516 0.406434 0.033581 0.023732
0 0.435834 0.398771 0.029831 0.024010
0 0.481074 0.413633 0.031186 0.030863
0 0.404972 0.466120 0.048212 0.034566
0 0.040715 0.453797 0.045213 0.032730
0 0.142552 0.428342 0.043867 0.026428
0 0.162563 0.404000 0.045577 0.027514
0 0.639725 0.439636 0.024605 0.027540
0 0.210404 0.406912 0.042957 0.028311
0 0.330165 0.500045 0.053780 0.032990
0 0.256835 0.385533 0.042511 0.027838
0 0.256350 0.519081 0.059723 0.036316
0 0.318870 0.525454 0.070222 0.039506
0 0.074102 0.435086 0.035393 0.022552
0 0.067447 0.421378 0.048655 0.023609
0 0.417697 0.514883 0.067760 0.048846
0 0.203238 0.564667 0.077967 0.042460
0 0.135739 0.553699 0.074330 0.047912
0 0.196889 0.602934 0.087758 0.047857
0 0.301550 0.400258 0.042437 0.028416
0 0.354676 0.387365 0.036071 0.022834
0 0.455019 0.375933 0.037769 0.018471
0 0.410574 0.384266 0.036778 0.023257
0 0.449456 0.370502 0.043144 0.021565
