0 0.790340 0.436881 0.028455 0.025400
0 0.832413 0.432225 0.030785 0.027122
0 0.861343 0.444765 0.023097 0.030964
0 0.855379 0.429303 0.027394 0.024722
0 0.675359 0.509116 0.064095 0.038069
0 0.698047 0.561889 0.076693 0.050149
0 0.081644 0.701625 0.082219 0.073561
0 0.843503 0.462834 0.037142 0.028974
0 0.237688 0.487140 0.036995 0.037605
0 0.883519 0.467299 0.025724 0.031875
0 0.794474 0.473561 0.039838 0.030356
0 0.279417 0.468474 0.033040 0.037087
0 0.826780 0.484958 0.041399 0.028290
0 0.234524 0.447250 0.044462 0.028872
0 0.372847 0.424507 0.048578 0.025132
0 0.295949 0.429725 0.053948 0.028778
0 0.430695 0.415207 0.044461 0.023451
0 0.489725 0.411434 0.042377 0.024695
0 0.795593 0.499021 0.049675 0.032393
0 0.596184 0.409629 0.041854 0.019068
0 0.667730 0.412972 0.042639 0.019068
0 0.064825 0.484744 0.065048 0.031881
0 0.884393 0.511400 0.056353 0.036460
0 0.730918 0.414554 0.035031 0.018443
0 0.805810 0.412874 0.045227 0.027195
0 0.203727 0.481104 0.038695 0.035718
0 0.812556 0.529072 0.050348 0.038706
0 0.742890 0.509956 0.054107 0.038479
0 0.166292 0.523021 0.045445 0.047958
0 0.391167 0.538847 0.066609 0.039457
0 0.497888 0.547966 0.076622 0.037704
0 0.126867 0.463021 0.056608 0.031690
0 0.229963 0.435983 0.044980 0.023378
