0 0.610765 0.541930 0.055564 0.046928
0 0.182271 0.527967 0.051638 0.049236
0 0.297650 0.435455 0.048064 0.040335
0 0.203264 0.778608 0.109595 0.099378
0 0.806809 0.407861 0.035010 0.026217
0 0.654701 0.393771 0.044205 0.023680
0 0.830926 0.450893 0.039490 0.029952
0 0.458300 0.680087 0.099600 0.074536
0 0.608144 0.575133 0.074516 0.056885
0 0.744790 0.543142 0.066405 0.046258
0 0.837833 0.512239 0.043418 0.043584
0 0.682631 0.524598 0.061686 0.039361
0 0.748387 0.503042 0.043127 0.038509
0 0.747632 0.426148 0.030852 0.030612
0 0.887372 0.487232 0.033400 0.035714
0 0.058082 0.640919 0.116164 0.112998
0 0.243524 0.470879 0.052543 0.047628
0 0.502937 0.410383 0.045846 0.028601
0 0.871098 0.440289 0.037047 0.032384
0 0.840261 0.412719 0.029658 0.027092
0 0.764227 0.413279 0.031495 0.028827
0 0.803622 0.429025 0.037328 0.027693
0 0.669307 0.413048 0.044059 0.023382
0 0.565767 0.404944 0.041615 0.027766
