0 0.429841 0.411315 0.026111 0.020721
0 0.390367 0.403815 0.034810 0.021811
0 0.431210 0.394444 0.029831 0.020917
0 0.477054 0.403934 0.025061 0.024105
0 0.420902 0.442459 0.030863 0.027967
0 0.444387 0.457717 0.037350 0.032185
0 0.390787 0.482856 0.050337 0.030526
0 0.319150 0.501198 0.063808 0.029638
0 0.064825 0.442331 0.058621 0.027561
0 0.143776 0.428936 0.050964 0.028245
0 0.511492 0.422321 0.027912 0.032563
0 0.773486 0.377896 0.029087 0.021001
0 0.483561 0.450748 0.029813 0.026724
0 0.215772 0.417763 0.042863 0.024774
0 0.269200 0.408225 0.038950 0.021305
0 0.740385 0.398485 0.032283 0.021555
0 0.667375 0.408525 0.036406 0.027551
0 0.228930 0.531412 0.073250 0.039976
0 0.316249 0.402745 0.035185 0.021010
0 0.611797 0.433124 0.042378 0.025605
0 0.445308 0.481989 0.050977 0.034978
0 0.368953 0.392313 0.037329 0.022895
0 0.530811 0.467118 0.046395 0.035065
0 0.560754 0.483674 0.054094 0.037098
0 0.368401 0.514276 0.066770 0.036797
0 0.117531 0.564765 0.070934 0.040530
0 0.421933 0.524335 0.059447 0.039873
0 0.472441 0.374510 0.039559 0.024735
0 0.304957 0.538480 0.071186 0.049156
0 0.103186 0.416605 0.047290 0.022320
0 0.295619 0.570785 0.079112 0.045032
0 0.112379 0.622092 0.091713 0.056977
0 0.295682 0.386295 0.039384 0.020610
0 0.189081 0.411167 0.047402 0.025883
0 0.072081 0.604574 0.078023 0.047041
