0 0.359155 0.380666 0.040613 0.027010
0 0.256496 0.382131 0.111368 0.048333
0 0.322291 0.394088 0.043484 0.029475
0 0.364995 0.483346 0.060060 0.030449
0 0.397300 0.494548 0.050878 0.038059
0 0.330903 0.526366 0.072664 0.042997
0 0.432426 0.392188 0.022608 0.026460
0 0.359882 0.543524 0.059714 0.044792
0 0.305842 0.509965 0.052735 0.032987
0 0.127514 0.430475 0.046031 0.027908
0 0.459561 0.476984 0.041109 0.034445
0 0.414591 0.513618 0.046947 0.036688
0 0.245004 0.564225 0.075347 0.045989
0 0.292591 0.577010 0.068080 0.048609
0 0.186186 0.417668 0.046601 0.028133
0 0.236097 0.528542 0.074556 0.039311
0 0.237170 0.408408 0.043905 0.025507
0 0.705409 0.393332 0.037042 0.026161
0 0.473751 0.492390 0.042318 0.038961
0 0.469510 0.524678 0.056990 0.045751
0 0.349473 0.579445 0.031403 0.038636
0 0.132562 0.738061 0.101777 0.092068
