0 0.380899 0.392265 0.031190 0.027073
0 0.427943 0.438391 0.030106 0.031850
0 0.135170 0.435857 0.049507 0.024876
0 0.340822 0.494041 0.062395 0.039295
0 0.420916 0.380421 0.049522 0.028893
0 0.204770 0.419614 0.040134 0.022893
0 0.266979 0.516529 0.073691 0.045514
0 0.427737 0.410578 0.025832 0.029408
0 0.454731 0.399649 0.031662 0.026020
0 0.591526 0.428101 0.042233 0.030697
0 0.462107 0.420437 0.026891 0.031491
0 0.400257 0.480829 0.045392 0.034124
0 0.508145 0.448052 0.062656 0.096677
0 0.330595 0.533136 0.061154 0.046733
0 0.184796 0.540796 0.070049 0.043567
0 0.375730 0.534070 0.054285 0.042649
0 0.441896 0.496953 0.049665 0.034758
0 0.211585 0.606719 0.066655 0.043428
0 0.348079 0.584789 0.071317 0.055933
0 0.444744 0.473652 0.037804 0.028856
0 0.063226 0.449713 0.049006 0.026474
0 0.323223 0.389771 0.028274 0.026049
0 0.463298 0.448927 0.029610 0.031259
0 0.101781 0.650525 0.082714 0.061614
0 0.087608 0.728589 0.086674 0.075094
