0 0.798000 0.441325 0.027537 0.025400
0 0.837305 0.445097 0.030785 0.027122
0 0.865298 0.452200 0.027357 0.034128
0 0.857431 0.432191 0.027394 0.024722
0 0.300468 0.444929 0.035406 0.026064
0 0.317272 0.497882 0.048509 0.048883
0 0.250133 0.477419 0.027575 0.035416
0 0.417463 0.420021 0.037018 0.024757
0 0.494663 0.412222 0.043300 0.027500
0 0.263770 0.502388 0.041517 0.044888
0 0.803534 0.465398 0.029475 0.030056
0 0.574276 0.409501 0.037277 0.025778
0 0.165240 0.506767 0.041082 0.042255
0 0.916320 0.521075 0.054433 0.036777
0 0.788101 0.493916 0.060328 0.031380
0 0.831952 0.528811 0.063492 0.036555
0 0.786629 0.514819 0.060401 0.037922
0 0.487102 0.393223 0.039528 0.019619
0 0.403514 0.401015 0.034421 0.021386
0 0.653010 0.413056 0.040957 0.021360
0 0.741411 0.543582 0.066399 0.046364
0 0.607522 0.536711 0.076044 0.041412
0 0.558345 0.397044 0.036996 0.019881
0 0.526333 0.568208 0.080054 0.045913
0 0.423763 0.552858 0.072279 0.038891
0 0.404998 0.523575 0.069539 0.036191
0 0.732284 0.415359 0.046743 0.024757
0 0.378914 0.414556 0.043152 0.025883
0 0.384930 0.579018 0.082466 0.043138
0 0.314861 0.422085 0.040957 0.023444
0 0.529674 0.404337 0.031594 0.022663
0 0.615708 0.400147 0.039868 0.020839
0 0.802436 0.409039 0.045532 0.027352
0 0.866329 0.416053 0.039432 0.024226
0 0.248283 0.566649 0.074809 0.049003
0 0.265023 0.536764 0.071556 0.039669
0 0.103090 0.584297 0.067762 0.041262
0 0.099708 0.549969 0.071526 0.042763
0 0.033291 0.581557 0.035778 0.043429
0 0.288029 0.418927 0.039868 0.025007
0 0.452639 0.405727 0.045929 0.026633
0 0.112183 0.468830 0.056306 0.038989
0 0.208919 0.503733 0.045072 0.048477
0 0.200485 0.475361 0.047586 0.034964
