0 0.386525 0.394183 0.030577 0.027447
0 0.419374 0.379011 0.024634 0.023845
0 0.035903 0.458911 0.052877 0.028468
0 0.422862 0.452137 0.036344 0.033933
0 0.166063 0.429237 0.049507 0.024876
0 0.325103 0.499617 0.063677 0.039295
0 0.449588 0.385744 0.038134 0.028893
0 0.236173 0.415853 0.040134 0.022893
0 0.251911 0.520494 0.073691 0.047310
0 0.433576 0.418620 0.025832 0.029408
0 0.465398 0.407863 0.034237 0.029244
0 0.584890 0.431107 0.042233 0.030697
0 0.467862 0.429838 0.026891 0.031491
0 0.376839 0.499586 0.053277 0.034696
0 0.487932 0.478274 0.097919 0.106157
0 0.285175 0.561487 0.068836 0.048377
0 0.165207 0.549217 0.073183 0.049262
0 0.318838 0.570644 0.058224 0.047987
0 0.398395 0.517615 0.057127 0.038892
0 0.143747 0.647674 0.087871 0.055106
0 0.100484 0.437096 0.049006 0.026474
0 0.145151 0.707420 0.094335 0.076979
