0 0.431871 0.412780 0.025862 0.022937
0 0.393147 0.404268 0.034810 0.021811
0 0.432954 0.396076 0.029831 0.022083
0 0.477891 0.406432 0.025061 0.026712
0 0.415754 0.454286 0.033367 0.029965
0 0.395401 0.477861 0.050755 0.033311
0 0.336999 0.496124 0.054405 0.032421
0 0.265983 0.516679 0.069448 0.034012
0 0.748716 0.384477 0.031210 0.025770
0 0.698263 0.408597 0.034520 0.024232
0 0.694254 0.391266 0.040322 0.018244
0 0.077973 0.447398 0.041721 0.028464
0 0.222698 0.414773 0.054859 0.027561
0 0.605155 0.426647 0.040411 0.029153
0 0.296207 0.401376 0.046882 0.028245
0 0.576464 0.459489 0.051658 0.033926
0 0.475316 0.463967 0.050106 0.035063
0 0.383582 0.515563 0.065447 0.038474
0 0.466952 0.506856 0.052115 0.040624
0 0.271854 0.537553 0.062698 0.037629
0 0.362285 0.392134 0.040668 0.020019
0 0.429259 0.383335 0.038900 0.021143
0 0.314383 0.565247 0.070716 0.048174
0 0.206326 0.571205 0.076828 0.046514
0 0.088798 0.568655 0.075776 0.051588
0 0.490975 0.373235 0.030802 0.019874
0 0.041459 0.444574 0.043887 0.031714
0 0.147015 0.418629 0.044947 0.027908
0 0.053658 0.638305 0.094864 0.056876
0 0.067487 0.424481 0.039214 0.026637
