0 0.432648 0.413341 0.025766 0.023785
0 0.394212 0.404442 0.034810 0.021811
0 0.433621 0.396700 0.029831 0.022529
0 0.477958 0.407469 0.025061 0.028149
0 0.414413 0.456668 0.034058 0.031066
0 0.398219 0.479951 0.050755 0.033311
0 0.333465 0.496707 0.054405 0.032421
0 0.258945 0.515112 0.069448 0.033151
0 0.741319 0.380803 0.026450 0.022711
0 0.772437 0.385349 0.029447 0.022458
0 0.710118 0.408186 0.035058 0.024906
0 0.672515 0.403441 0.033222 0.028778
0 0.619375 0.434727 0.043622 0.029044
0 0.125484 0.432266 0.052860 0.032205
0 0.099078 0.412256 0.050274 0.032064
0 0.560761 0.464837 0.049216 0.038572
0 0.528298 0.450748 0.051140 0.031768
0 0.511518 0.487640 0.043027 0.039152
0 0.203186 0.417517 0.040370 0.026369
0 0.308803 0.400283 0.046727 0.022924
0 0.442937 0.495298 0.056069 0.037397
0 0.395495 0.381792 0.041582 0.023609
0 0.400625 0.532727 0.066925 0.045548
0 0.281936 0.535981 0.075681 0.045662
0 0.058970 0.439151 0.045619 0.025371
0 0.160940 0.585035 0.082859 0.048205
0 0.192423 0.607879 0.081425 0.050339
0 0.069222 0.582847 0.076121 0.042285
0 0.236452 0.392512 0.039214 0.030009
