0 0.364212 0.390717 0.037116 0.027073
0 0.425489 0.405081 0.024057 0.031306
0 0.414190 0.447040 0.032820 0.031495
0 0.371107 0.487173 0.066639 0.039034
0 0.407459 0.388213 0.038660 0.026770
0 0.427353 0.427599 0.024492 0.031053
0 0.420115 0.364905 0.084553 0.037926
0 0.424369 0.468843 0.039015 0.036602
0 0.301793 0.507094 0.068603 0.034570
0 0.466428 0.419320 0.024519 0.027919
0 0.452303 0.400626 0.025478 0.028633
0 0.285197 0.536136 0.065263 0.038059
0 0.251320 0.571172 0.072664 0.049504
0 0.476183 0.450399 0.030378 0.025005
0 0.501758 0.392784 0.033820 0.028090
0 0.090447 0.443741 0.041724 0.026445
0 0.457370 0.478746 0.059879 0.052021
0 0.140222 0.608420 0.093220 0.053476
0 0.643749 0.431705 0.039339 0.027873
0 0.405818 0.516520 0.055149 0.038054
0 0.352544 0.521083 0.047840 0.031947
0 0.525603 0.490812 0.041973 0.034198
0 0.131427 0.668557 0.094702 0.066893
0 0.178159 0.414923 0.035075 0.025268
0 0.053809 0.569231 0.064035 0.040512
0 0.277093 0.393668 0.036092 0.027908
0 0.332134 0.562831 0.073697 0.050468
0 0.049959 0.677757 0.097622 0.074266
0 0.095772 0.766352 0.095815 0.097228
