0 0.551279 0.571696 0.057022 0.051768
0 0.292681 0.445292 0.050430 0.031672
0 0.413892 0.406448 0.033671 0.028497
0 0.041431 0.660552 0.072675 0.070861
0 0.387850 0.542013 0.064120 0.064184
0 0.682885 0.564498 0.074885 0.054714
0 0.759523 0.541804 0.059926 0.048511
0 0.628998 0.541262 0.061686 0.048401
0 0.703711 0.524169 0.058666 0.041122
0 0.774353 0.481427 0.041377 0.034420
0 0.813652 0.524004 0.059926 0.046296
0 0.046638 0.476490 0.067869 0.043242
0 0.233440 0.488677 0.064313 0.068621
0 0.976476 0.505812 0.047047 0.039983
0 0.866062 0.499916 0.059926 0.039983
0 0.381325 0.419106 0.053766 0.031566
0 0.508027 0.410624 0.045846 0.032603
0 0.893062 0.457471 0.037047 0.039983
0 0.863675 0.430323 0.035276 0.031566
0 0.782289 0.435170 0.035019 0.032618
0 0.821582 0.439773 0.041446 0.032618
0 0.676945 0.414010 0.044059 0.023382
0 0.567344 0.404804 0.041615 0.027766
