0 0.794457 0.439269 0.027962 0.025400
0 0.836235 0.439788 0.030785 0.027122
0 0.863574 0.449173 0.023097 0.030964
0 0.856482 0.430855 0.027394 0.024722
0 0.278814 0.475409 0.031105 0.039679
0 0.509362 0.517477 0.064095 0.048399
0 0.255569 0.483438 0.039425 0.038505
0 0.263209 0.454521 0.026842 0.029425
0 0.246699 0.524070 0.044685 0.048661
0 0.199014 0.447537 0.043077 0.029909
0 0.160502 0.511015 0.041082 0.042255
0 0.842917 0.472268 0.037142 0.028974
0 0.303862 0.437327 0.043780 0.026589
0 0.882392 0.470117 0.025724 0.031875
0 0.791483 0.478679 0.039838 0.030356
0 0.361606 0.428436 0.051713 0.024757
0 0.139273 0.496481 0.042083 0.037612
0 0.425394 0.419247 0.039432 0.024226
0 0.818587 0.486873 0.041399 0.028290
0 0.775199 0.564681 0.030047 0.038427
0 0.419697 0.399678 0.043381 0.023194
0 0.532791 0.410006 0.042382 0.022507
0 0.643417 0.412007 0.048578 0.025132
0 0.256124 0.432748 0.051892 0.028352
0 0.565741 0.401824 0.038025 0.019881
0 0.859291 0.508165 0.081649 0.055083
0 0.828768 0.537214 0.073427 0.041857
0 0.749808 0.521179 0.060899 0.038338
0 0.673839 0.542244 0.065671 0.046982
0 0.713638 0.412047 0.047519 0.023451
0 0.565268 0.565719 0.072056 0.039762
0 0.713562 0.577979 0.073378 0.055244
0 0.453309 0.551357 0.069206 0.038258
0 0.776825 0.411967 0.042377 0.024695
0 0.799507 0.398296 0.039236 0.022402
0 0.743625 0.400511 0.036785 0.021371
0 0.380636 0.583571 0.080289 0.044406
0 0.262258 0.553469 0.075893 0.041052
0 0.607568 0.519085 0.064599 0.041856
0 0.232803 0.580372 0.072154 0.039387
0 0.680006 0.507455 0.060533 0.035650
0 0.142862 0.454378 0.050880 0.040339
0 0.750553 0.495031 0.044271 0.036191
0 0.628733 0.609655 0.075441 0.064279
0 0.856918 0.412999 0.041854 0.019068
0 0.508722 0.402712 0.046805 0.022209
0 0.453911 0.681295 0.103936 0.063663
0 0.556633 0.393163 0.039463 0.018223
0 0.198649 0.514803 0.046304 0.053021
0 0.192629 0.480574 0.048462 0.038456
