0 0.309895 0.388701 0.037116 0.027073
0 0.426453 0.394869 0.024057 0.028347
0 0.414225 0.436194 0.027771 0.031495
0 0.394342 0.476233 0.062117 0.039034
0 0.363032 0.385785 0.039527 0.026770
0 0.428787 0.414427 0.022095 0.024029
0 0.380950 0.365639 0.101824 0.037926
0 0.432948 0.456207 0.034365 0.032997
0 0.325889 0.502626 0.061613 0.034570
0 0.476127 0.388061 0.023329 0.026412
0 0.448313 0.385354 0.020887 0.022399
0 0.298720 0.531000 0.065263 0.038059
0 0.259341 0.566977 0.072664 0.049504
0 0.497712 0.409853 0.029665 0.045335
0 0.268903 0.591857 0.093220 0.053476
0 0.478722 0.447673 0.029580 0.037352
0 0.374094 0.510350 0.051628 0.032362
0 0.157088 0.649613 0.085518 0.062118
0 0.241546 0.529830 0.052735 0.032987
0 0.127514 0.430475 0.046031 0.027908
0 0.451950 0.482109 0.046164 0.037749
0 0.391855 0.527847 0.049658 0.044735
0 0.144037 0.612604 0.084451 0.056490
0 0.054328 0.710447 0.102280 0.068167
0 0.186186 0.417668 0.046601 0.028133
0 0.155823 0.564037 0.074556 0.045222
0 0.237170 0.408408 0.043905 0.025507
0 0.530024 0.480294 0.071066 0.056947
0 0.048561 0.427566 0.051198 0.032860
0 0.388277 0.565205 0.059345 0.048817
