0 0.571857 0.561784 0.057022 0.048471
0 0.262469 0.459034 0.052032 0.037433
0 0.389825 0.411567 0.039006 0.033603
0 0.082037 0.867389 0.137139 0.098886
0 0.427155 0.554800 0.068925 0.059068
0 0.695717 0.560982 0.074885 0.054714
0 0.772043 0.538684 0.059926 0.046767
0 0.640494 0.535828 0.061686 0.048401
0 0.713208 0.519429 0.056793 0.042118
0 0.781836 0.470558 0.034967 0.034420
0 0.832817 0.518685 0.057186 0.046296
0 0.210652 0.515869 0.065226 0.074113
0 0.906276 0.497870 0.058205 0.039983
0 0.344965 0.428057 0.053766 0.031566
0 0.506839 0.410568 0.045846 0.031669
0 0.886111 0.452356 0.037047 0.039983
0 0.857793 0.428404 0.035276 0.031566
0 0.776409 0.426218 0.033946 0.032618
0 0.814631 0.435298 0.041446 0.032618
0 0.675163 0.413785 0.044059 0.023382
0 0.566976 0.404837 0.041615 0.027766
