0 0.425328 0.406617 0.026262 0.019370
0 0.382683 0.401818 0.035940 0.021811
0 0.430381 0.394802 0.029831 0.020859
0 0.472676 0.400172 0.025061 0.024105
0 0.426440 0.428046 0.027638 0.025587
0 0.456732 0.424387 0.025507 0.025173
0 0.448406 0.449537 0.033511 0.027831
0 0.418582 0.468036 0.052780 0.033776
0 0.510343 0.417697 0.027912 0.031314
0 0.482519 0.423149 0.024121 0.023617
0 0.360257 0.485580 0.059961 0.032693
0 0.053930 0.453632 0.040433 0.026615
0 0.482168 0.453673 0.035555 0.029423
0 0.123638 0.434132 0.045503 0.025630
0 0.290323 0.513443 0.060461 0.035873
0 0.265701 0.410124 0.044283 0.030657
0 0.708479 0.395390 0.027601 0.019867
0 0.749787 0.389205 0.033254 0.020534
0 0.797208 0.372109 0.022754 0.016737
0 0.695477 0.413742 0.032632 0.026727
0 0.620918 0.421923 0.041103 0.027666
0 0.065067 0.435804 0.040969 0.021624
0 0.338972 0.397701 0.046458 0.021162
0 0.413099 0.384639 0.036103 0.023757
0 0.494982 0.494416 0.149555 0.096392
0 0.163665 0.410329 0.024964 0.021881
0 0.189112 0.535434 0.066023 0.045022
0 0.337410 0.561974 0.074228 0.042225
0 0.154530 0.571943 0.065254 0.045638
0 0.273779 0.538016 0.062153 0.048164
0 0.483129 0.376026 0.036626 0.019310
0 0.307313 0.604851 0.031283 0.044113
0 0.078093 0.610142 0.083907 0.059858
0 0.070297 0.566545 0.079469 0.051765
0 0.384217 0.520526 0.055376 0.036911
0 0.384408 0.503532 0.049730 0.034660
