0 0.430432 0.411741 0.026038 0.021365
0 0.391175 0.403947 0.034810 0.021811
0 0.431717 0.394918 0.029831 0.021256
0 0.477737 0.404521 0.025061 0.024105
0 0.418204 0.449608 0.032112 0.027967
0 0.419577 0.471659 0.050126 0.033311
0 0.363905 0.488732 0.052260 0.025273
0 0.292336 0.512048 0.063808 0.037520
0 0.088663 0.437900 0.058621 0.027561
0 0.167425 0.423265 0.049030 0.028245
0 0.791120 0.375466 0.029080 0.016643
0 0.511492 0.424727 0.027912 0.033609
0 0.687066 0.407989 0.038226 0.024425
0 0.771600 0.370693 0.023737 0.022650
0 0.478824 0.457489 0.041352 0.026724
0 0.234359 0.412717 0.042863 0.024774
0 0.289298 0.403310 0.038900 0.021143
0 0.656641 0.426803 0.040510 0.025906
0 0.550657 0.454816 0.047812 0.031544
0 0.194397 0.534948 0.075776 0.037682
0 0.343301 0.397446 0.032990 0.021010
0 0.486661 0.490295 0.053392 0.036792
0 0.391509 0.500678 0.068645 0.022840
0 0.407691 0.384574 0.034508 0.018018
0 0.443658 0.376888 0.036108 0.023638
0 0.410242 0.513614 0.057504 0.027045
0 0.421769 0.544917 0.071507 0.047216
0 0.257196 0.550959 0.069850 0.047956
0 0.095604 0.568850 0.078634 0.040530
0 0.232710 0.593831 0.070588 0.047391
0 0.144730 0.409760 0.038304 0.022882
0 0.525223 0.367044 0.039559 0.027758
0 0.133321 0.590205 0.086926 0.055899
0 0.241204 0.388960 0.037363 0.021381
