0 0.797970 0.441308 0.027540 0.025400
0 0.837315 0.445063 0.030785 0.027122
0 0.865284 0.452174 0.027321 0.034101
0 0.857423 0.432180 0.027394 0.024722
0 0.297886 0.446297 0.034491 0.026064
0 0.317782 0.498056 0.048684 0.048883
0 0.250265 0.477441 0.027575 0.035416
0 0.413542 0.420334 0.037018 0.024757
0 0.490698 0.412612 0.043300 0.027500
0 0.263628 0.502568 0.041543 0.044919
0 0.803534 0.465398 0.029475 0.030056
0 0.569249 0.409741 0.037277 0.025778
0 0.165200 0.506802 0.041082 0.042255
0 0.922401 0.520590 0.054433 0.036777
0 0.791901 0.493016 0.059572 0.031380
0 0.837907 0.528566 0.062259 0.036555
0 0.794226 0.513754 0.060401 0.036940
0 0.481089 0.393796 0.039528 0.019619
0 0.396238 0.401614 0.034421 0.021386
0 0.648344 0.412671 0.040957 0.021360
0 0.748255 0.542927 0.066399 0.046364
0 0.617652 0.535729 0.076044 0.041412
0 0.553278 0.396756 0.036996 0.019881
0 0.537490 0.568208 0.080054 0.045913
0 0.435147 0.552281 0.072279 0.038891
0 0.414755 0.523431 0.068577 0.036191
0 0.727739 0.414974 0.046743 0.024757
0 0.373991 0.415441 0.043152 0.025883
0 0.398302 0.578226 0.082466 0.043138
0 0.309302 0.423747 0.040957 0.023444
0 0.529674 0.404337 0.031594 0.022663
0 0.610399 0.400484 0.039868 0.020839
0 0.798133 0.409183 0.045532 0.027352
0 0.862307 0.415476 0.039432 0.024226
0 0.261535 0.567297 0.074809 0.049003
0 0.275082 0.536043 0.071556 0.039669
0 0.111908 0.584643 0.067762 0.041262
0 0.108960 0.549105 0.071526 0.042763
0 0.045259 0.541482 0.066677 0.036299
0 0.041423 0.582061 0.035778 0.043429
0 0.280709 0.419865 0.039868 0.025007
0 0.448696 0.406899 0.045929 0.026633
0 0.100588 0.471711 0.056306 0.038989
0 0.208834 0.503825 0.045082 0.048514
0 0.200420 0.475405 0.047594 0.034993
