0 0.315093 0.394977 0.042429 0.021811
0 0.450349 0.382827 0.021259 0.022247
0 0.421270 0.391363 0.024410 0.027805
0 0.419854 0.422760 0.027659 0.032688
0 0.454481 0.405751 0.031165 0.026112
0 0.031148 0.460780 0.062296 0.028715
0 0.117160 0.435671 0.047725 0.027997
0 0.361836 0.491521 0.063525 0.039580
0 0.212605 0.419643 0.049507 0.024876
0 0.269297 0.511147 0.071067 0.040454
0 0.479545 0.396398 0.033875 0.028893
0 0.266518 0.409535 0.040134 0.022893
0 0.173537 0.538971 0.081478 0.051911
0 0.423477 0.455373 0.035627 0.030600
0 0.734922 0.394556 0.031087 0.021172
0 0.494300 0.430862 0.034237 0.029244
0 0.558012 0.442621 0.042233 0.030697
0 0.446191 0.472194 0.046690 0.036908
0 0.306477 0.541409 0.070588 0.041971
0 0.319915 0.589614 0.184257 0.147605
0 0.148737 0.646542 0.093427 0.070655
0 0.058276 0.566746 0.073183 0.049262
0 0.091140 0.720502 0.089849 0.074611
0 0.173382 0.420655 0.047505 0.021864
