0 0.789267 0.436259 0.028584 0.025400
0 0.831417 0.430254 0.030785 0.027122
0 0.859281 0.440692 0.023097 0.030964
0 0.855091 0.428899 0.027394 0.024722
0 0.682508 0.508031 0.064095 0.038069
0 0.857488 0.531582 0.071261 0.038720
0 0.839906 0.454586 0.037142 0.028974
0 0.207464 0.523982 0.042520 0.048925
0 0.883813 0.466564 0.025724 0.031875
0 0.796723 0.471223 0.039838 0.030356
0 0.265271 0.500271 0.036166 0.047016
0 0.829892 0.482682 0.041399 0.028290
0 0.303207 0.438816 0.050707 0.030191
0 0.251644 0.462078 0.034265 0.035913
0 0.353188 0.425453 0.046388 0.023451
0 0.420225 0.415927 0.042377 0.024755
0 0.800646 0.496740 0.049675 0.032393
0 0.489096 0.412525 0.041854 0.019167
0 0.549552 0.410581 0.042639 0.023721
0 0.624485 0.412778 0.035149 0.018528
0 0.692493 0.409815 0.045227 0.027195
0 0.196777 0.492614 0.038701 0.041479
0 0.858813 0.496447 0.041180 0.033610
0 0.745811 0.509530 0.054107 0.038479
0 0.142886 0.561871 0.052657 0.054681
0 0.667433 0.532855 0.066609 0.039457
0 0.759228 0.529399 0.067923 0.037381
0 0.145168 0.493665 0.043290 0.041829
0 0.465829 0.541233 0.062240 0.038057
0 0.767824 0.414803 0.043849 0.018620
0 0.824278 0.414155 0.041729 0.026625
0 0.320215 0.548284 0.077093 0.038057
0 0.267341 0.583439 0.078508 0.043131
0 0.205672 0.450582 0.042481 0.030512
