0 0.429395 0.410993 0.026165 0.020234
0 0.390798 0.403864 0.034810 0.021811
0 0.431786 0.394231 0.029831 0.020859
0 0.476538 0.403491 0.025061 0.024105
0 0.426163 0.436018 0.028367 0.027967
0 0.451177 0.443282 0.028477 0.029933
0 0.415385 0.472705 0.046257 0.030526
0 0.345870 0.494986 0.063808 0.029638
0 0.050905 0.444155 0.058621 0.027561
0 0.131106 0.432714 0.050964 0.028245
0 0.511492 0.420502 0.027912 0.031773
0 0.483241 0.444764 0.027248 0.026724
0 0.203739 0.420325 0.042863 0.024774
0 0.252454 0.410270 0.039717 0.023821
0 0.786608 0.377486 0.026839 0.016788
0 0.742626 0.381026 0.031009 0.022431
0 0.254332 0.525387 0.072221 0.039976
0 0.306423 0.404925 0.035185 0.021010
0 0.683324 0.402299 0.036519 0.022472
0 0.460468 0.471615 0.048055 0.034978
0 0.360234 0.392695 0.037371 0.022965
0 0.617107 0.425941 0.041556 0.029938
0 0.621365 0.449659 0.043534 0.034703
0 0.411576 0.500931 0.060589 0.036797
0 0.144552 0.556555 0.070934 0.040530
0 0.526434 0.476321 0.042912 0.033290
0 0.435549 0.382020 0.039559 0.024735
0 0.346588 0.526366 0.069310 0.040911
0 0.435426 0.526420 0.063726 0.040532
0 0.289806 0.571633 0.078740 0.050186
0 0.183564 0.411245 0.047402 0.025883
0 0.196166 0.571181 0.071213 0.046164
0 0.157022 0.612250 0.079080 0.048643
0 0.042709 0.617018 0.075008 0.051390
