0 0.424236 0.405349 0.026262 0.019370
0 0.378899 0.400951 0.036370 0.021811
0 0.429579 0.394362 0.029831 0.020859
0 0.468878 0.397674 0.026478 0.023611
0 0.426200 0.427065 0.027638 0.025587
0 0.456864 0.423309 0.024264 0.025269
0 0.454617 0.444760 0.033511 0.027831
0 0.420816 0.466946 0.052780 0.033776
0 0.510026 0.417215 0.027912 0.031314
0 0.481483 0.415795 0.024121 0.023617
0 0.366295 0.488823 0.059961 0.032693
0 0.485215 0.449222 0.033962 0.029810
0 0.049270 0.452993 0.046225 0.036289
0 0.294213 0.514960 0.060461 0.035873
0 0.206762 0.416368 0.047358 0.037363
0 0.757708 0.371339 0.029940 0.021224
0 0.017656 0.453571 0.035312 0.033236
0 0.290302 0.406636 0.048264 0.027693
0 0.352983 0.394237 0.039760 0.027911
0 0.662212 0.417437 0.092882 0.066547
0 0.208179 0.537058 0.070412 0.043296
0 0.580563 0.472624 0.045751 0.031802
0 0.313863 0.529562 0.055797 0.033599
0 0.407501 0.499162 0.056608 0.035586
0 0.411670 0.383722 0.036626 0.016148
0 0.470966 0.496585 0.022340 0.032641
0 0.366708 0.532161 0.065616 0.042834
0 0.130314 0.550311 0.073476 0.045180
0 0.557059 0.456332 0.040767 0.027803
0 0.478978 0.474765 0.049730 0.029415
0 0.263586 0.571676 0.087385 0.053296
0 0.531339 0.408501 0.023194 0.025024
0 0.175815 0.590935 0.083563 0.049389
0 0.372603 0.582488 0.024846 0.041052
0 0.167827 0.647065 0.079139 0.053971
