0 0.794560 0.413297 0.028967 0.022362
0 0.179451 0.568293 0.057466 0.054163
0 0.248306 0.482398 0.037050 0.038399
0 0.330557 0.430785 0.047344 0.026788
0 0.610031 0.412022 0.039800 0.025079
0 0.775586 0.417355 0.028265 0.028202
0 0.784529 0.452317 0.031163 0.029732
0 0.774024 0.479243 0.035098 0.037998
0 0.425473 0.418296 0.048656 0.026760
0 0.726595 0.401282 0.034215 0.018321
0 0.864034 0.456879 0.031763 0.034229
0 0.070959 0.482567 0.059423 0.028331
0 0.136288 0.460462 0.048813 0.030232
0 0.761294 0.511777 0.044582 0.039434
0 0.488906 0.412839 0.043615 0.023257
0 0.266113 0.444154 0.045742 0.026258
