0 0.353768 0.386626 0.037116 0.027073
0 0.426176 0.403025 0.024057 0.031306
0 0.415650 0.444101 0.029300 0.031495
0 0.379776 0.483822 0.066639 0.039034
0 0.400332 0.386674 0.038660 0.026770
0 0.428066 0.425557 0.023337 0.028178
0 0.417655 0.364212 0.087451 0.037926
0 0.428463 0.463912 0.039015 0.036602
0 0.312390 0.506108 0.066883 0.034570
0 0.471511 0.410048 0.023329 0.027410
0 0.452146 0.396230 0.020887 0.025820
0 0.290321 0.533635 0.065263 0.038059
0 0.255204 0.570101 0.072664 0.049504
0 0.494138 0.418102 0.027210 0.023420
0 0.485388 0.447836 0.049000 0.047570
0 0.170285 0.608437 0.093220 0.053476
0 0.721333 0.397711 0.034685 0.026094
0 0.446996 0.489797 0.051083 0.037849
0 0.354991 0.520172 0.050491 0.029987
0 0.694769 0.408309 0.034175 0.027309
0 0.143439 0.661469 0.090554 0.062118
0 0.067268 0.439265 0.036017 0.025268
0 0.211667 0.536056 0.056266 0.040512
0 0.156137 0.423436 0.040663 0.027908
0 0.376509 0.534572 0.067772 0.044559
0 0.318570 0.580843 0.060494 0.047431
0 0.061264 0.667055 0.097622 0.058357
0 0.043141 0.728703 0.086282 0.079403
0 0.258778 0.399194 0.038797 0.028133
0 0.074740 0.600244 0.082105 0.060318
0 0.170518 0.712859 0.091060 0.074618
0 0.063077 0.795473 0.111552 0.097080
