0 0.374266 0.392133 0.040210 0.027073
0 0.424297 0.408643 0.024057 0.031306
0 0.405953 0.453013 0.039319 0.031495
0 0.387341 0.377034 0.037615 0.022131
0 0.057042 0.452375 0.044565 0.033046
0 0.345134 0.493379 0.073691 0.044685
0 0.417560 0.391079 0.038660 0.026770
0 0.428353 0.433945 0.025529 0.033633
0 0.456754 0.376339 0.077917 0.048003
0 0.415354 0.481349 0.047060 0.036602
0 0.275176 0.514851 0.068603 0.034570
0 0.497407 0.433675 0.028341 0.035595
0 0.502695 0.410846 0.023960 0.026368
0 0.336611 0.526704 0.052279 0.032570
0 0.664573 0.416939 0.039458 0.030067
0 0.465138 0.438346 0.029439 0.030025
0 0.121105 0.437532 0.039654 0.026049
0 0.455340 0.411193 0.029601 0.030727
0 0.271488 0.544057 0.067161 0.041773
0 0.528151 0.442011 0.035962 0.032140
0 0.194418 0.421651 0.042969 0.028980
0 0.026734 0.434620 0.049768 0.025855
0 0.236037 0.583574 0.084675 0.049504
0 0.404664 0.514970 0.060233 0.045913
0 0.536994 0.487203 0.049302 0.036630
0 0.263277 0.408087 0.038915 0.025790
0 0.329280 0.568373 0.085831 0.074002
0 0.052359 0.614622 0.093220 0.053476
0 0.176897 0.645690 0.058517 0.072398
0 0.084555 0.782622 0.100898 0.093424
0 0.044127 0.737775 0.088255 0.091527
