0 0.426012 0.407413 0.026262 0.019370
0 0.385056 0.402361 0.035670 0.021811
0 0.430992 0.394620 0.029831 0.020859
0 0.473292 0.400701 0.025061 0.024105
0 0.426590 0.428661 0.027638 0.025587
0 0.456649 0.425063 0.026286 0.025113
0 0.447956 0.449978 0.033511 0.027831
0 0.417182 0.468719 0.052780 0.033776
0 0.510542 0.417999 0.027912 0.031314
0 0.482312 0.429080 0.024121 0.023617
0 0.031459 0.458331 0.045487 0.027378
0 0.359796 0.488188 0.059961 0.032693
0 0.104297 0.440774 0.040105 0.026265
0 0.481442 0.454952 0.037341 0.028989
0 0.165569 0.423991 0.038985 0.025630
0 0.785963 0.361773 0.028564 0.018433
0 0.288337 0.513191 0.060461 0.035873
0 0.310507 0.399751 0.044283 0.030657
0 0.701851 0.391900 0.033931 0.024431
0 0.830095 0.353765 0.023118 0.018882
0 0.026337 0.445217 0.050639 0.021168
0 0.620382 0.424580 0.045299 0.023966
0 0.791772 0.375149 0.025169 0.020897
0 0.675217 0.416918 0.040483 0.023353
0 0.743090 0.392806 0.027645 0.022642
0 0.625365 0.442980 0.039989 0.031939
0 0.530463 0.458304 0.049753 0.031768
0 0.036801 0.419100 0.061684 0.041922
0 0.094541 0.431093 0.040969 0.021624
0 0.387963 0.389032 0.044633 0.021050
0 0.457872 0.494895 0.048650 0.037391
0 0.460580 0.377083 0.036103 0.023757
0 0.323590 0.550064 0.198610 0.113209
0 0.202201 0.400784 0.041305 0.021881
0 0.133049 0.555550 0.067874 0.047318
0 0.125604 0.625279 0.090219 0.056891
0 0.035869 0.597865 0.065254 0.045638
0 0.078052 0.748505 0.060855 0.055744
