0 0.591894 0.551608 0.057022 0.047372
0 0.227189 0.481975 0.052024 0.042439
0 0.352621 0.418093 0.044264 0.035992
0 0.259750 0.774592 0.112094 0.086291
0 0.494046 0.568176 0.074516 0.061405
0 0.713928 0.554410 0.071655 0.051492
0 0.796699 0.530917 0.056155 0.045396
0 0.656672 0.530600 0.061686 0.046303
0 0.727206 0.513289 0.053296 0.042901
0 0.776523 0.452081 0.031785 0.031723
0 0.862559 0.508384 0.055033 0.046296
0 0.163825 0.558742 0.085931 0.089080
0 0.966772 0.491188 0.052976 0.039983
0 0.296703 0.441140 0.053300 0.040404
0 0.505227 0.410491 0.045846 0.030402
0 0.877603 0.445040 0.037047 0.034600
0 0.852193 0.421840 0.035276 0.031566
0 0.770559 0.418794 0.033793 0.029933
0 0.810985 0.432899 0.038204 0.030155
0 0.672744 0.413481 0.044059 0.023382
0 0.566476 0.404881 0.041615 0.027766
