0 0.791604 0.437615 0.028304 0.025400
0 0.833587 0.434548 0.030785 0.027122
0 0.863574 0.449173 0.023097 0.030964
0 0.855717 0.429780 0.027394 0.024722
0 0.216582 0.589493 0.053537 0.059498
0 0.666937 0.510395 0.064095 0.038069
0 0.442114 0.560571 0.076693 0.050149
0 0.210536 0.535162 0.035464 0.042540
0 0.842917 0.472268 0.037142 0.028974
0 0.269175 0.455966 0.043772 0.033361
0 0.883173 0.468164 0.025724 0.031875
0 0.792513 0.475846 0.039838 0.030356
0 0.034195 0.653443 0.068390 0.064645
0 0.321807 0.434400 0.042690 0.025539
0 0.823113 0.487639 0.041399 0.028290
0 0.897538 0.559029 0.030047 0.038427
0 0.385663 0.421134 0.042382 0.022666
0 0.489237 0.411848 0.048578 0.025132
0 0.426256 0.408556 0.042996 0.019881
0 0.549897 0.409687 0.044241 0.023451
0 0.610285 0.408570 0.042377 0.024695
0 0.565501 0.397770 0.039236 0.017198
0 0.505958 0.397239 0.036053 0.021403
0 0.789639 0.501708 0.049675 0.032393
0 0.888744 0.507943 0.050027 0.033587
0 0.679980 0.411074 0.041854 0.019068
0 0.737582 0.413292 0.042639 0.019068
0 0.287585 0.427566 0.046805 0.020530
0 0.717071 0.543380 0.068980 0.039308
0 0.810734 0.519516 0.061079 0.037041
0 0.891185 0.542548 0.065988 0.035017
0 0.077290 0.472232 0.059964 0.039812
0 0.777271 0.414892 0.035031 0.018443
0 0.085478 0.588487 0.042986 0.048942
0 0.840043 0.412152 0.045227 0.027195
0 0.219625 0.462700 0.038691 0.031930
0 0.672158 0.574449 0.063302 0.045761
0 0.739450 0.510457 0.054107 0.038479
0 0.184692 0.495419 0.040703 0.043537
0 0.241917 0.426452 0.049834 0.028190
0 0.035362 0.706943 0.070725 0.091491
0 0.123676 0.604792 0.050179 0.064470
