0 0.436622 0.418439 0.025505 0.026111
0 0.397954 0.407905 0.032589 0.025281
0 0.437850 0.399781 0.030532 0.024938
0 0.480373 0.419355 0.031186 0.030863
0 0.368105 0.488473 0.057367 0.034566
0 0.026225 0.461805 0.047795 0.031146
0 0.698470 0.402489 0.039432 0.028654
0 0.184830 0.420895 0.041588 0.025371
0 0.123837 0.418397 0.035590 0.019282
0 0.288978 0.400714 0.038347 0.026428
0 0.293504 0.381922 0.039270 0.020316
0 0.506813 0.497894 0.030027 0.034728
0 0.346911 0.383082 0.041597 0.026521
0 0.226393 0.533659 0.067767 0.044653
0 0.391425 0.365529 0.042511 0.027838
0 0.130048 0.547010 0.071612 0.036316
0 0.148872 0.575695 0.087903 0.045456
0 0.130691 0.609431 0.094209 0.062920
0 0.431103 0.382177 0.042437 0.028416
