0 0.428104 0.409842 0.026262 0.019370
0 0.392303 0.404020 0.034847 0.021811
0 0.432857 0.394062 0.029831 0.020859
0 0.475173 0.402318 0.025061 0.024105
0 0.426966 0.430537 0.027728 0.025880
0 0.456372 0.428180 0.028477 0.025560
0 0.445840 0.451526 0.033511 0.027831
0 0.412904 0.470807 0.052780 0.033776
0 0.511148 0.418923 0.027912 0.031314
0 0.482114 0.437787 0.025839 0.025324
0 0.104078 0.437208 0.047408 0.024886
0 0.188272 0.421156 0.041077 0.028772
0 0.351668 0.494923 0.059961 0.039248
0 0.248887 0.411078 0.035185 0.021010
0 0.477414 0.457218 0.040024 0.022058
0 0.342665 0.397733 0.038985 0.025630
0 0.769360 0.383754 0.035818 0.023087
0 0.545667 0.451571 0.044587 0.032156
0 0.245549 0.521178 0.064382 0.039343
0 0.736660 0.379853 0.027564 0.022412
0 0.407837 0.384951 0.039559 0.024735
0 0.443907 0.494449 0.057186 0.038869
0 0.671482 0.405378 0.036423 0.022452
0 0.610475 0.449186 0.045414 0.029596
0 0.171455 0.412804 0.047402 0.025883
0 0.345853 0.521310 0.063546 0.030722
0 0.533946 0.480965 0.047084 0.028642
0 0.120275 0.575463 0.076875 0.041250
0 0.350409 0.550331 0.070491 0.048608
0 0.482541 0.512715 0.053030 0.038955
0 0.261299 0.587870 0.085910 0.054674
0 0.238692 0.556051 0.074365 0.040980
0 0.225565 0.386475 0.054486 0.037250
0 0.324387 0.379688 0.031995 0.022278
0 0.233988 0.405214 0.040969 0.024561
0 0.462872 0.376094 0.041211 0.020839
0 0.293837 0.395207 0.039051 0.025398
0 0.139156 0.409483 0.041411 0.022793
