0 0.794614 0.482471 0.037372 0.032653
0 0.794684 0.407012 0.040703 0.027357
0 0.841388 0.479266 0.032881 0.033042
0 0.644492 0.520880 0.065650 0.043840
0 0.331930 0.531070 0.073183 0.039540
0 0.176998 0.551553 0.073179 0.048614
0 0.137644 0.533274 0.067762 0.038243
0 0.847651 0.414519 0.039031 0.022023
0 0.843578 0.403120 0.040107 0.020968
0 0.441326 0.409469 0.044778 0.036947
0 0.900458 0.406654 0.041741 0.025213
0 0.394434 0.416854 0.044452 0.030475
0 0.039849 0.567045 0.067122 0.044077
0 0.924947 0.417976 0.037018 0.024757
0 0.220205 0.584351 0.039031 0.035650
0 0.577327 0.398088 0.039264 0.025633
0 0.704822 0.417442 0.044237 0.030197
0 0.346430 0.427561 0.050341 0.035177
0 0.654348 0.410609 0.044059 0.023382
0 0.521914 0.406001 0.041615 0.027766
