0 0.796603 0.440515 0.027704 0.025400
0 0.837780 0.443489 0.030785 0.027122
0 0.864613 0.450996 0.025664 0.032870
0 0.857057 0.431664 0.027394 0.024722
0 0.282973 0.463541 0.032033 0.034151
0 0.335571 0.504812 0.056898 0.048883
0 0.252383 0.479758 0.032125 0.036602
0 0.270775 0.448906 0.037018 0.024757
0 0.304683 0.434187 0.044259 0.031253
0 0.257041 0.510935 0.042766 0.046375
0 0.803534 0.465398 0.029475 0.030056
0 0.397002 0.417663 0.046475 0.025778
0 0.163372 0.508442 0.041082 0.042255
0 0.842917 0.472268 0.037142 0.028974
0 0.171886 0.446774 0.045634 0.025073
0 0.457131 0.416196 0.040957 0.021360
0 0.907607 0.521303 0.059572 0.036215
0 0.818893 0.506420 0.053451 0.032408
0 0.762145 0.489027 0.047023 0.032969
0 0.531520 0.411506 0.046743 0.024757
0 0.080841 0.477928 0.055598 0.039089
0 0.831223 0.536480 0.062398 0.040190
0 0.143829 0.490277 0.044052 0.037612
0 0.602519 0.405673 0.041155 0.026241
0 0.655743 0.411764 0.039432 0.024226
0 0.739706 0.544193 0.079709 0.049003
0 0.686288 0.511864 0.071556 0.039669
0 0.700144 0.569036 0.065647 0.040727
0 0.627517 0.539851 0.071526 0.042763
0 0.521722 0.532294 0.066677 0.036299
0 0.626579 0.565842 0.035778 0.038030
0 0.721405 0.585020 0.031622 0.043753
0 0.722798 0.410930 0.040780 0.022953
0 0.691684 0.395439 0.049235 0.020579
0 0.485906 0.400620 0.041392 0.025360
0 0.382098 0.580466 0.076345 0.041052
0 0.389197 0.540939 0.066850 0.036719
0 0.245836 0.578370 0.075293 0.041052
0 0.803123 0.417163 0.042382 0.022507
0 0.902339 0.412751 0.040500 0.025132
0 0.769502 0.392256 0.047088 0.023632
0 0.214962 0.449198 0.056813 0.029157
0 0.565473 0.399163 0.047370 0.022507
0 0.267760 0.425046 0.044547 0.027008
0 0.085902 0.546544 0.113564 0.062268
0 0.261354 0.763235 0.121732 0.097065
0 0.307109 0.524484 0.072731 0.038351
0 0.204870 0.508097 0.045558 0.050268
0 0.197388 0.477416 0.047932 0.036340
