0 0.425540 0.387403 0.022631 0.026966
0 0.414944 0.425496 0.021655 0.031495
0 0.409685 0.468309 0.051618 0.037736
0 0.298568 0.391533 0.042997 0.026770
0 0.426640 0.407170 0.021515 0.022092
0 0.344467 0.367444 0.107882 0.041682
0 0.439056 0.443072 0.030433 0.032313
0 0.333789 0.500384 0.060060 0.034570
0 0.469363 0.377233 0.021754 0.021808
0 0.438948 0.375427 0.020887 0.021391
0 0.309525 0.527543 0.065263 0.038059
0 0.260780 0.565447 0.072664 0.049504
0 0.498662 0.405496 0.029665 0.045335
0 0.422008 0.537257 0.069150 0.046292
0 0.480069 0.439811 0.028471 0.034511
0 0.389806 0.500239 0.047337 0.032362
0 0.247418 0.527714 0.052735 0.032987
0 0.127514 0.430475 0.046031 0.027908
0 0.458087 0.476984 0.044057 0.034445
0 0.410089 0.515354 0.046947 0.036688
0 0.167500 0.595899 0.084451 0.056490
0 0.103100 0.690076 0.093949 0.071560
0 0.186186 0.417668 0.046601 0.028133
0 0.157236 0.562255 0.074556 0.043904
0 0.237170 0.408408 0.043905 0.025507
0 0.655676 0.415394 0.055002 0.044100
0 0.043764 0.431705 0.054190 0.033119
0 0.552376 0.474475 0.048539 0.033780
0 0.163521 0.695388 0.074577 0.057377
