0 0.426623 0.408122 0.026262 0.019370
0 0.387173 0.402846 0.035430 0.021811
0 0.431536 0.394457 0.029831 0.020859
0 0.473841 0.401173 0.025061 0.024105
0 0.426723 0.429210 0.027638 0.025587
0 0.456576 0.425666 0.026982 0.025060
0 0.447554 0.450371 0.033511 0.027831
0 0.415933 0.469329 0.052780 0.033776
0 0.510719 0.418269 0.027912 0.031314
0 0.482128 0.434370 0.024121 0.023617
0 0.074091 0.446074 0.045487 0.027378
0 0.359960 0.491315 0.059961 0.032693
0 0.134900 0.435107 0.035185 0.021010
0 0.480796 0.456093 0.038934 0.028601
0 0.207481 0.418181 0.038985 0.025630
0 0.725119 0.382680 0.033269 0.022287
0 0.289153 0.516954 0.060461 0.035873
0 0.355343 0.393113 0.044283 0.030657
0 0.629050 0.415673 0.041240 0.029591
0 0.775191 0.373328 0.029119 0.021809
0 0.067088 0.435078 0.047402 0.020592
0 0.529120 0.457348 0.049417 0.025368
0 0.727332 0.399743 0.028895 0.021826
0 0.275431 0.539491 0.068840 0.040074
0 0.601344 0.447020 0.043217 0.031810
0 0.680635 0.418881 0.029223 0.023101
0 0.548321 0.475861 0.049002 0.036615
0 0.445880 0.487600 0.055845 0.036475
0 0.087117 0.409454 0.060443 0.037250
0 0.139016 0.420232 0.040969 0.021624
0 0.438137 0.378837 0.041211 0.020839
0 0.359219 0.532976 0.062095 0.039868
0 0.498380 0.371725 0.036103 0.023757
0 0.131571 0.604082 0.243282 0.120223
0 0.239265 0.387910 0.041305 0.021881
