0 0.429078 0.410765 0.026204 0.019888
0 0.391320 0.403930 0.034810 0.021811
0 0.432392 0.394110 0.029831 0.020859
0 0.476172 0.403176 0.025061 0.024105
0 0.426667 0.431515 0.028327 0.027837
0 0.456074 0.436296 0.028477 0.029659
0 0.424871 0.463170 0.044770 0.030526
0 0.369116 0.486816 0.063808 0.030251
0 0.039926 0.445098 0.058621 0.027561
0 0.115647 0.437148 0.051678 0.029259
0 0.511470 0.419413 0.027912 0.031314
0 0.482112 0.440169 0.027159 0.026637
0 0.191903 0.422543 0.042863 0.024774
0 0.240569 0.411722 0.040261 0.025607
0 0.781764 0.364155 0.029734 0.021836
0 0.284533 0.515518 0.067591 0.039976
0 0.299449 0.406473 0.035185 0.021010
0 0.467350 0.466378 0.047186 0.033802
0 0.356708 0.393825 0.037832 0.023726
0 0.678394 0.401955 0.035647 0.024798
0 0.661134 0.430581 0.039216 0.029722
0 0.436506 0.492173 0.060589 0.036797
0 0.162567 0.553901 0.070934 0.040530
0 0.590903 0.446454 0.037248 0.029053
0 0.418913 0.385013 0.039559 0.024735
0 0.365337 0.520011 0.069310 0.040911
0 0.513478 0.489463 0.059330 0.038266
0 0.399669 0.537568 0.074257 0.043942
0 0.181397 0.411347 0.047402 0.025883
0 0.243570 0.553332 0.071213 0.046164
0 0.277589 0.576541 0.069493 0.047207
0 0.042915 0.588187 0.076577 0.049291
0 0.129999 0.597651 0.081264 0.053278
0 0.175542 0.625470 0.074092 0.049871
0 0.461673 0.374440 0.035821 0.018376
0 0.042347 0.428460 0.050843 0.021006
0 0.150119 0.404354 0.038567 0.028883
