0 0.434448 0.414639 0.025546 0.025750
0 0.396677 0.404843 0.034810 0.021811
0 0.435167 0.398147 0.029831 0.023563
0 0.479418 0.409796 0.028124 0.030863
0 0.410241 0.459494 0.041404 0.033821
0 0.020636 0.449912 0.041271 0.031690
0 0.374305 0.486354 0.058712 0.033311
0 0.113893 0.413563 0.053016 0.032546
0 0.310456 0.504316 0.058773 0.035621
0 0.521426 0.461318 0.051242 0.027592
0 0.665375 0.413193 0.043430 0.031080
0 0.423409 0.498276 0.056279 0.037389
0 0.233627 0.524189 0.069448 0.032992
0 0.523552 0.488937 0.060655 0.039233
0 0.150000 0.429552 0.048069 0.030267
0 0.198017 0.412936 0.042812 0.023854
0 0.328785 0.394359 0.040019 0.023832
0 0.263645 0.539545 0.067738 0.037658
0 0.355875 0.541579 0.071183 0.047373
0 0.251760 0.411504 0.041715 0.025094
0 0.297730 0.391100 0.043144 0.021565
0 0.227410 0.594847 0.085581 0.054801
0 0.163632 0.561895 0.069783 0.049389
0 0.087968 0.607884 0.082104 0.051250
