0 0.802693 0.445753 0.025690 0.034031
0 0.814420 0.473714 0.041146 0.030486
0 0.965479 0.492763 0.054320 0.031708
0 0.731515 0.516634 0.065568 0.037953
0 0.832637 0.491265 0.047913 0.032504
0 0.725536 0.416927 0.039031 0.026064
0 0.746599 0.403664 0.039327 0.021408
0 0.287282 0.461044 0.032632 0.041843
0 0.826108 0.410024 0.039310 0.026295
0 0.252171 0.463098 0.035473 0.030440
0 0.735147 0.545979 0.074721 0.039123
0 0.788005 0.417201 0.037018 0.024757
0 0.852297 0.415651 0.041251 0.027500
0 0.444636 0.416256 0.046410 0.026258
0 0.511774 0.519900 0.068703 0.036761
0 0.561323 0.563283 0.065566 0.038261
0 0.450582 0.549790 0.072467 0.037511
0 0.902570 0.530375 0.024924 0.031031
0 0.293742 0.565687 0.071903 0.043811
0 0.789081 0.398774 0.033789 0.019797
0 0.144221 0.551856 0.074141 0.039387
0 0.910035 0.413179 0.039087 0.025778
0 0.251422 0.446001 0.046113 0.023227
0 0.235893 0.535639 0.073183 0.039972
0 0.072389 0.581099 0.070994 0.046100
0 0.362600 0.740419 0.044440 0.054701
0 0.430318 0.589417 0.035236 0.039425
0 0.114088 0.856476 0.134886 0.109384
0 0.488023 0.403629 0.040695 0.026998
0 0.387870 0.418009 0.044027 0.026535
0 0.660818 0.412874 0.044237 0.030197
0 0.222109 0.488885 0.044438 0.046138
0 0.573097 0.406254 0.042940 0.024475
0 0.335506 0.428911 0.046578 0.030749
