0 0.798662 0.444585 0.029327 0.029739
0 0.836880 0.446536 0.030785 0.027122
0 0.864111 0.457390 0.031001 0.034456
0 0.857766 0.432662 0.027394 0.024722
0 0.504596 0.414171 0.040896 0.026064
0 0.312547 0.495942 0.046237 0.048883
0 0.244528 0.476461 0.027575 0.035416
0 0.609323 0.415014 0.037018 0.024757
0 0.692210 0.413550 0.043300 0.027500
0 0.287366 0.454400 0.043766 0.034573
0 0.790691 0.483617 0.038991 0.032292
0 0.851761 0.510405 0.056509 0.030907
0 0.615185 0.533824 0.074141 0.029620
0 0.765633 0.413819 0.042585 0.025778
0 0.166911 0.505269 0.041082 0.042255
0 0.742508 0.519226 0.068088 0.039972
0 0.606998 0.558844 0.070994 0.045066
0 0.491408 0.525843 0.070271 0.038261
0 0.460587 0.569072 0.076939 0.042529
0 0.375520 0.549819 0.067716 0.043908
0 0.694031 0.392110 0.039528 0.019619
0 0.617483 0.389844 0.034421 0.018755
0 0.834996 0.415724 0.040957 0.021360
0 0.863888 0.550323 0.024886 0.037297
0 0.258774 0.577497 0.079048 0.046364
0 0.705065 0.592905 0.076345 0.052449
0 0.171095 0.451279 0.051841 0.030811
0 0.061891 0.477188 0.052991 0.033884
0 0.144249 0.553522 0.076044 0.041412
0 0.759283 0.391622 0.041096 0.019881
0 0.393034 0.411718 0.044861 0.020631
0 0.192121 0.812319 0.060708 0.058985
0 0.659680 0.402201 0.042351 0.026633
0 0.422119 0.417160 0.042534 0.027710
0 0.212541 0.499829 0.044638 0.046874
0 0.203255 0.473523 0.047277 0.033732
