0 0.431698 0.412655 0.025883 0.022748
0 0.392911 0.404229 0.034810 0.021811
0 0.432805 0.395937 0.029831 0.021984
0 0.477876 0.406201 0.025061 0.026393
0 0.416052 0.453756 0.033213 0.029721
0 0.396555 0.477561 0.050755 0.033311
0 0.337785 0.495995 0.054405 0.032421
0 0.267547 0.517027 0.069448 0.034203
0 0.770963 0.377671 0.026291 0.021970
0 0.728186 0.398498 0.034520 0.024232
0 0.721998 0.380301 0.035482 0.018244
0 0.053882 0.451146 0.044577 0.032429
0 0.201558 0.418582 0.054859 0.027561
0 0.633630 0.415971 0.035101 0.029153
0 0.286651 0.400337 0.046882 0.028245
0 0.609166 0.444484 0.042255 0.033926
0 0.493776 0.449829 0.044556 0.035063
0 0.428474 0.501425 0.060153 0.038474
0 0.517018 0.484358 0.044139 0.035414
0 0.319152 0.523415 0.062698 0.037629
0 0.344042 0.393690 0.040668 0.021753
0 0.402038 0.383335 0.038900 0.021143
0 0.370607 0.543458 0.066377 0.042684
0 0.245775 0.562549 0.072740 0.046514
0 0.122679 0.554765 0.075776 0.051588
0 0.464044 0.376352 0.030802 0.019874
0 0.121645 0.426066 0.044947 0.027908
0 0.128369 0.620431 0.094864 0.054367
0 0.078675 0.601271 0.081312 0.045482
0 0.520078 0.368592 0.034508 0.025132
