0 0.356962 0.386353 0.037116 0.027073
0 0.425901 0.403847 0.024057 0.031306
0 0.415956 0.445773 0.029571 0.031495
0 0.376971 0.485314 0.066639 0.039034
0 0.403787 0.387180 0.038660 0.026770
0 0.426926 0.427532 0.023426 0.028399
0 0.418639 0.364489 0.086292 0.037926
0 0.427442 0.466055 0.039015 0.036602
0 0.308980 0.506987 0.068215 0.034570
0 0.468800 0.414154 0.023329 0.027410
0 0.452940 0.398787 0.021241 0.026735
0 0.288271 0.534635 0.065263 0.038059
0 0.253650 0.570529 0.072664 0.049504
0 0.485123 0.434365 0.027084 0.022794
0 0.476644 0.381240 0.025214 0.023628
0 0.469291 0.465976 0.052264 0.048905
0 0.155810 0.607951 0.093220 0.053476
0 0.721333 0.397711 0.034685 0.026094
0 0.423774 0.505043 0.051083 0.037849
0 0.354763 0.519494 0.048439 0.028358
0 0.631652 0.436523 0.038940 0.028497
0 0.142308 0.661144 0.093734 0.062118
0 0.106061 0.430337 0.035075 0.025268
0 0.163662 0.547617 0.064035 0.040512
0 0.197073 0.413670 0.039738 0.027908
0 0.360196 0.545675 0.067772 0.044559
0 0.311631 0.589839 0.060603 0.048536
0 0.054718 0.674665 0.097622 0.059580
0 0.041415 0.730972 0.082830 0.079403
0 0.297406 0.388387 0.037149 0.028133
0 0.151306 0.727051 0.098975 0.076717
