0 0.668623 0.520087 0.054105 0.039379
0 0.160985 0.549013 0.057179 0.062385
0 0.592331 0.581217 0.075029 0.050652
0 0.634915 0.390940 0.038816 0.023680
0 0.804777 0.437455 0.041465 0.029952
0 0.349518 0.409476 0.038235 0.031968
0 0.750999 0.574246 0.074797 0.049563
0 0.936141 0.525496 0.058601 0.042813
0 0.821804 0.501263 0.046214 0.041778
0 0.854825 0.475680 0.029951 0.036462
0 0.733413 0.508445 0.061686 0.039361
0 0.769748 0.468381 0.034794 0.036451
0 0.680351 0.395636 0.035139 0.019888
0 0.874020 0.448117 0.036069 0.035714
0 0.102136 0.627646 0.079231 0.076491
0 0.496794 0.410622 0.045846 0.026645
0 0.841953 0.416546 0.036560 0.032047
0 0.761087 0.412983 0.040639 0.027693
0 0.667403 0.412738 0.044059 0.023382
0 0.564085 0.405093 0.041615 0.027766
