0 0.425183 0.385644 0.022037 0.026966
0 0.414454 0.423282 0.021655 0.031495
0 0.411985 0.466809 0.050347 0.037195
0 0.289200 0.392770 0.042997 0.026770
0 0.425986 0.405673 0.021515 0.022092
0 0.339755 0.368159 0.109677 0.043248
0 0.439819 0.440858 0.030433 0.032313
0 0.335423 0.499878 0.060060 0.034570
0 0.468057 0.375146 0.021098 0.021554
0 0.435517 0.372627 0.020887 0.021391
0 0.312665 0.526525 0.065263 0.038059
0 0.261780 0.565010 0.072664 0.049504
0 0.498781 0.404951 0.029665 0.045335
0 0.445592 0.527438 0.067312 0.045226
0 0.480237 0.438828 0.028332 0.034156
0 0.391998 0.498502 0.046823 0.032362
0 0.223946 0.614798 0.085518 0.054910
0 0.248152 0.527450 0.052735 0.032987
0 0.127514 0.430475 0.046031 0.027908
0 0.458194 0.476984 0.043843 0.034445
0 0.411027 0.514993 0.046947 0.036688
0 0.168914 0.595178 0.084451 0.056490
0 0.113885 0.683924 0.092639 0.070710
0 0.186186 0.417668 0.046601 0.028133
0 0.157413 0.562033 0.074556 0.043739
0 0.237170 0.408408 0.043905 0.025507
0 0.670017 0.407605 0.052972 0.043466
0 0.043145 0.431930 0.054182 0.033227
0 0.569263 0.462526 0.046850 0.029327
0 0.326621 0.602612 0.070924 0.061578
0 0.173536 0.687442 0.068965 0.052757
