0 0.087502 0.677288 0.076062 0.065822
0 0.244808 0.502044 0.040783 0.057282
0 0.815681 0.418938 0.028574 0.022602
0 0.815770 0.441866 0.023086 0.029415
0 0.363077 0.426086 0.044433 0.024540
0 0.425365 0.420590 0.041137 0.025400
0 0.482176 0.404699 0.042752 0.020438
0 0.756219 0.434807 0.036027 0.027888
0 0.868196 0.446235 0.031551 0.026358
0 0.847076 0.418803 0.030768 0.025224
0 0.800872 0.486993 0.038260 0.032422
0 0.675636 0.532244 0.060014 0.042887
0 0.683494 0.407671 0.035069 0.023962
0 0.553807 0.582008 0.076527 0.055245
0 0.790915 0.568026 0.066541 0.045373
0 0.738242 0.535126 0.058200 0.045687
0 0.143281 0.560380 0.051361 0.053487
0 0.122102 0.457409 0.047571 0.031444
0 0.602279 0.401311 0.040698 0.022552
0 0.726496 0.401504 0.034215 0.015802
0 0.123333 0.476956 0.054712 0.037885
0 0.217554 0.438182 0.045410 0.030213
0 0.259867 0.448813 0.047181 0.026428
0 0.656995 0.598806 0.072919 0.048819
0 0.213301 0.754200 0.100247 0.078133
