0 0.421127 0.401738 0.026262 0.019370
0 0.368125 0.398485 0.037595 0.021811
0 0.425519 0.424271 0.027638 0.025587
0 0.453662 0.412567 0.023485 0.025329
0 0.472916 0.432197 0.031149 0.026110
0 0.433509 0.458285 0.045960 0.032895
0 0.461371 0.373905 0.029403 0.021874
0 0.387759 0.478938 0.052845 0.034325
0 0.487560 0.411649 0.027415 0.025368
0 0.454878 0.477217 0.046499 0.034332
0 0.058479 0.448146 0.053312 0.035808
0 0.163461 0.429173 0.047079 0.028432
0 0.244588 0.412758 0.047551 0.026843
0 0.245522 0.521962 0.068969 0.039580
0 0.602145 0.424372 0.040300 0.025200
0 0.669488 0.400934 0.034155 0.024462
0 0.314294 0.401517 0.043953 0.025125
0 0.750069 0.384142 0.033210 0.020193
0 0.154246 0.541739 0.073476 0.045180
0 0.527218 0.415275 0.028946 0.026847
0 0.520191 0.452859 0.037888 0.042021
0 0.485638 0.387029 0.029557 0.025024
0 0.572622 0.466910 0.048469 0.029334
0 0.363603 0.392970 0.035557 0.018995
0 0.065224 0.570929 0.081478 0.053995
0 0.712114 0.404312 0.033381 0.023742
0 0.034460 0.443711 0.046444 0.024715
0 0.492382 0.502057 0.060464 0.037540
0 0.321583 0.504899 0.065772 0.027617
0 0.381832 0.541490 0.070324 0.041245
0 0.295528 0.555401 0.063728 0.040338
0 0.357135 0.518622 0.062087 0.039796
0 0.246140 0.546725 0.064495 0.043570
