0 0.792575 0.438178 0.028187 0.025400
0 0.834488 0.436331 0.030785 0.027122
0 0.863574 0.449173 0.023097 0.030964
0 0.855977 0.430146 0.027394 0.024722
0 0.275168 0.485814 0.030291 0.044526
0 0.649126 0.512567 0.064095 0.038069
0 0.294617 0.507657 0.051463 0.040724
0 0.255409 0.461246 0.029037 0.031901
0 0.153664 0.620492 0.074844 0.071306
0 0.069200 0.620225 0.059787 0.060654
0 0.842917 0.472268 0.037142 0.028974
0 0.303585 0.442328 0.043774 0.031678
0 0.882907 0.468829 0.025724 0.031875
0 0.792163 0.476810 0.039838 0.030356
0 0.108036 0.550975 0.041579 0.052395
0 0.369507 0.424301 0.042690 0.025539
0 0.821467 0.487572 0.041399 0.028290
0 0.896530 0.559431 0.030047 0.038427
0 0.084582 0.469406 0.055754 0.039381
0 0.438752 0.414871 0.042382 0.022507
0 0.518439 0.411491 0.048578 0.025132
0 0.483267 0.403985 0.042996 0.019881
0 0.576646 0.410027 0.044241 0.023451
0 0.972203 0.494378 0.047895 0.036476
0 0.636138 0.408079 0.042377 0.024695
0 0.603785 0.399096 0.039236 0.017198
0 0.555690 0.398239 0.036053 0.021403
0 0.882480 0.518419 0.064779 0.035771
0 0.777677 0.525306 0.059001 0.034554
0 0.786691 0.547377 0.059502 0.031822
0 0.785351 0.503051 0.049675 0.032393
0 0.660537 0.562194 0.070523 0.041592
0 0.904748 0.538386 0.060521 0.043310
0 0.697177 0.409205 0.041854 0.019068
0 0.751094 0.414121 0.042639 0.019068
0 0.379175 0.407222 0.046805 0.019364
0 0.521054 0.560216 0.074903 0.041394
0 0.570242 0.530414 0.070773 0.041840
0 0.776668 0.574233 0.072000 0.044313
0 0.180242 0.447326 0.049949 0.027901
0 0.271153 0.418420 0.046161 0.027821
0 0.807254 0.414378 0.035031 0.018443
0 0.743670 0.399957 0.044704 0.023132
0 0.141406 0.499723 0.043586 0.040872
0 0.871346 0.411949 0.045227 0.027195
0 0.804335 0.398164 0.045488 0.017193
0 0.328162 0.421555 0.038691 0.021711
0 0.168064 0.554881 0.051005 0.062804
0 0.171935 0.507039 0.042100 0.046070
