0 0.795230 0.414264 0.028967 0.022362
0 0.205803 0.541906 0.049061 0.048945
0 0.259378 0.470217 0.034296 0.035699
0 0.342125 0.426726 0.047344 0.026788
0 0.611996 0.411943 0.039800 0.025079
0 0.777956 0.418514 0.028265 0.028202
0 0.783591 0.457211 0.031163 0.029732
0 0.769903 0.484714 0.037031 0.038336
0 0.437817 0.416459 0.048656 0.026760
0 0.726587 0.401301 0.034215 0.018113
0 0.865852 0.462420 0.033353 0.035995
0 0.099250 0.478315 0.059423 0.028331
0 0.147928 0.457369 0.048813 0.030232
0 0.746117 0.521539 0.048060 0.040777
0 0.501419 0.410779 0.043615 0.023257
0 0.275038 0.437987 0.046493 0.023857
