0 0.777227 0.491956 0.043886 0.032653
0 0.809987 0.411971 0.042967 0.027569
0 0.825657 0.499618 0.045507 0.035669
0 0.580941 0.526736 0.065650 0.043840
0 0.194266 0.530940 0.073183 0.039540
0 0.086063 0.555896 0.072042 0.048614
0 0.871692 0.415470 0.039031 0.022023
0 0.857088 0.403004 0.040107 0.023574
0 0.468403 0.404786 0.042825 0.036947
0 0.920326 0.407126 0.041741 0.028069
0 0.423707 0.409664 0.044452 0.028520
0 0.123713 0.586458 0.039031 0.035650
0 0.705997 0.417718 0.044237 0.030197
0 0.385229 0.424074 0.046914 0.031478
0 0.654913 0.410701 0.044059 0.023382
0 0.549497 0.405581 0.041615 0.027766
