0 0.790987 0.437256 0.028378 0.025400
0 0.833014 0.433414 0.030785 0.027122
0 0.862585 0.447220 0.023097 0.030964
0 0.855552 0.429547 0.027394 0.024722
0 0.123315 0.675652 0.079538 0.073408
0 0.671050 0.509771 0.064095 0.038069
0 0.570800 0.568819 0.076693 0.050149
0 0.172540 0.615396 0.051338 0.061531
0 0.843456 0.469561 0.037142 0.028974
0 0.249902 0.475913 0.042417 0.034210
0 0.883342 0.467742 0.025724 0.031875
0 0.793119 0.474971 0.039838 0.030356
0 0.293064 0.449120 0.042473 0.032216
0 0.824904 0.486330 0.041399 0.028290
0 0.328243 0.427218 0.044462 0.028872
0 0.439629 0.416550 0.048578 0.025132
0 0.364558 0.414163 0.042996 0.019881
0 0.498781 0.410894 0.044247 0.023451
0 0.562522 0.409214 0.042377 0.024695
0 0.538244 0.399177 0.039236 0.017198
0 0.792547 0.500395 0.049675 0.032393
0 0.653026 0.410799 0.041854 0.019068
0 0.719218 0.412951 0.042639 0.019068
0 0.196341 0.453654 0.056796 0.030463
0 0.816057 0.525696 0.063743 0.037677
0 0.927671 0.497553 0.056058 0.034118
0 0.921276 0.527041 0.052595 0.035017
0 0.760960 0.414892 0.035031 0.018443
0 0.025445 0.665950 0.050890 0.068697
0 0.831830 0.413120 0.045227 0.027195
0 0.207916 0.474166 0.038691 0.032246
0 0.751635 0.551665 0.061575 0.044820
0 0.741130 0.510212 0.054107 0.038479
0 0.180399 0.499605 0.041099 0.043905
0 0.100680 0.467684 0.055961 0.035520
0 0.102802 0.547243 0.066609 0.039457
0 0.181485 0.566007 0.076622 0.037704
0 0.250697 0.437260 0.044510 0.023033
0 0.285521 0.420441 0.042050 0.025167
0 0.037887 0.704594 0.075774 0.081297
