0 0.429895 0.426166 0.026810 0.029947
0 0.290434 0.374919 0.110754 0.044187
0 0.411811 0.404055 0.039421 0.028388
0 0.366653 0.484265 0.060060 0.030449
0 0.377970 0.504305 0.056272 0.038059
0 0.305782 0.538171 0.072664 0.045260
0 0.477570 0.376521 0.033381 0.031036
0 0.660939 0.425945 0.044886 0.026888
0 0.467975 0.401544 0.026830 0.030800
0 0.424297 0.458406 0.034700 0.032362
0 0.359882 0.543524 0.059714 0.044792
0 0.287175 0.516370 0.052735 0.032987
0 0.127514 0.430475 0.046031 0.027908
0 0.459561 0.476984 0.041109 0.034445
0 0.414591 0.513618 0.046947 0.036688
0 0.210013 0.575142 0.080985 0.050855
0 0.289448 0.579276 0.069667 0.049698
0 0.186186 0.417668 0.046601 0.028133
0 0.202698 0.543406 0.074556 0.043113
0 0.237170 0.408408 0.043905 0.025507
0 0.031514 0.436148 0.054033 0.035256
0 0.600525 0.440976 0.038576 0.031004
0 0.486431 0.504611 0.047555 0.040671
0 0.382852 0.564383 0.062724 0.049793
0 0.053070 0.586500 0.033871 0.047264
