0 0.422570 0.403414 0.026262 0.019370
0 0.373127 0.399630 0.037026 0.021811
0 0.423439 0.391840 0.029831 0.020859
0 0.447983 0.381755 0.026066 0.021258
0 0.425835 0.425568 0.027638 0.025587
0 0.455618 0.418560 0.023485 0.025329
0 0.462707 0.439344 0.033511 0.027831
0 0.430076 0.461763 0.045960 0.032895
0 0.502375 0.406389 0.027912 0.031314
0 0.473992 0.402539 0.024121 0.023617
0 0.382760 0.483342 0.052845 0.034325
0 0.495381 0.436199 0.033962 0.029810
0 0.315076 0.510329 0.060461 0.033433
0 0.150206 0.426487 0.050472 0.033198
0 0.227179 0.416252 0.047436 0.027893
0 0.290132 0.406071 0.041656 0.023811
0 0.812247 0.359096 0.064680 0.045283
0 0.216234 0.532314 0.069691 0.038289
0 0.460323 0.472908 0.042908 0.021851
0 0.524077 0.456463 0.045057 0.031120
0 0.348474 0.396692 0.040470 0.021613
0 0.600202 0.440261 0.041459 0.031887
0 0.135560 0.547175 0.073476 0.045180
0 0.534160 0.436454 0.031284 0.026847
0 0.472917 0.490753 0.054204 0.039011
0 0.522648 0.401877 0.024387 0.025024
0 0.413945 0.522211 0.064824 0.038580
0 0.396383 0.386687 0.034729 0.018259
0 0.050336 0.574419 0.081478 0.053995
0 0.536591 0.491351 0.047878 0.033487
0 0.058296 0.440746 0.054236 0.035635
0 0.308762 0.566365 0.081063 0.045251
0 0.286110 0.539834 0.075914 0.044072
0 0.195831 0.604868 0.087672 0.048617
