0 0.373270 0.392061 0.039866 0.027073
0 0.424423 0.408267 0.024057 0.031306
0 0.407570 0.451831 0.039319 0.031495
0 0.387341 0.377034 0.037615 0.022131
0 0.040425 0.457319 0.043193 0.030545
0 0.350030 0.492523 0.071267 0.042743
0 0.416007 0.391052 0.038660 0.026770
0 0.428259 0.432944 0.025529 0.033633
0 0.450662 0.372380 0.081803 0.040085
0 0.416343 0.479414 0.047060 0.036602
0 0.279041 0.512057 0.068603 0.034570
0 0.499038 0.428663 0.027835 0.035217
0 0.500600 0.404885 0.023960 0.026368
0 0.686642 0.409395 0.038682 0.026775
0 0.465737 0.434895 0.029439 0.030025
0 0.110141 0.440326 0.039654 0.026049
0 0.454521 0.409207 0.029598 0.030532
0 0.274087 0.542365 0.066508 0.040496
0 0.567904 0.468026 0.049594 0.037996
0 0.181409 0.424598 0.042969 0.028980
0 0.237832 0.581532 0.080546 0.049504
0 0.422883 0.504205 0.054019 0.041696
0 0.529733 0.434230 0.031984 0.032504
0 0.249414 0.411280 0.039810 0.025790
0 0.348123 0.548779 0.085831 0.074002
0 0.065710 0.613528 0.093220 0.053476
0 0.139008 0.741443 0.091400 0.083276
0 0.068446 0.722358 0.100814 0.098728
