0 0.374175 0.392127 0.040179 0.027073
0 0.424308 0.408609 0.024057 0.031306
0 0.406100 0.452906 0.039319 0.031495
0 0.387341 0.377034 0.037615 0.022131
0 0.055531 0.452824 0.044440 0.032818
0 0.345579 0.493301 0.073471 0.044509
0 0.417360 0.391111 0.038660 0.026770
0 0.428344 0.433854 0.025529 0.033633
0 0.456200 0.375979 0.078271 0.047284
0 0.415444 0.481173 0.047060 0.036602
0 0.275528 0.514597 0.068603 0.034570
0 0.497617 0.433087 0.028240 0.035519
0 0.502689 0.410325 0.023960 0.026368
0 0.336611 0.526704 0.052279 0.032570
0 0.666561 0.415982 0.039303 0.030006
0 0.465193 0.438033 0.029439 0.030025
0 0.120108 0.437786 0.039654 0.026049
0 0.455265 0.411012 0.029601 0.030710
0 0.271724 0.543903 0.067102 0.041657
0 0.532505 0.448664 0.038688 0.033311
0 0.193236 0.421919 0.042969 0.028980
0 0.026734 0.434620 0.049768 0.025855
0 0.236201 0.583389 0.084300 0.049504
0 0.406320 0.513992 0.059668 0.045530
0 0.534950 0.475519 0.044972 0.035598
0 0.262016 0.408377 0.038996 0.025790
0 0.330766 0.565956 0.085831 0.074002
0 0.053181 0.614622 0.093220 0.053476
0 0.090473 0.778733 0.100898 0.093424
0 0.045383 0.737055 0.090767 0.092967
