0 0.430331 0.411669 0.026051 0.021255
0 0.391037 0.403924 0.034810 0.021811
0 0.431631 0.394837 0.029831 0.021198
0 0.477620 0.404421 0.025061 0.024105
0 0.418265 0.448368 0.032112 0.027967
0 0.424276 0.469471 0.047926 0.033311
0 0.368091 0.490045 0.051298 0.027899
0 0.298512 0.509587 0.063808 0.033579
0 0.085506 0.439869 0.058621 0.027561
0 0.160766 0.424742 0.049997 0.028245
0 0.791120 0.375466 0.029080 0.016643
0 0.511492 0.424316 0.027912 0.033430
0 0.703875 0.401913 0.036174 0.023776
0 0.771600 0.370693 0.023737 0.022650
0 0.480472 0.455848 0.038056 0.026724
0 0.229830 0.413701 0.042863 0.024774
0 0.283397 0.404951 0.038900 0.021143
0 0.671742 0.420238 0.037758 0.024922
0 0.572414 0.447269 0.046295 0.030236
0 0.201046 0.533491 0.075776 0.036950
0 0.337399 0.398431 0.032990 0.021010
0 0.509309 0.480532 0.052016 0.034335
0 0.404344 0.499774 0.060541 0.028909
0 0.398633 0.386051 0.034508 0.018018
0 0.434600 0.379022 0.036108 0.023638
0 0.434055 0.508523 0.056816 0.033604
0 0.452990 0.531210 0.066973 0.043106
0 0.281766 0.541933 0.069306 0.042376
0 0.098654 0.568704 0.077049 0.040530
0 0.270380 0.581271 0.068264 0.045247
0 0.119888 0.414027 0.038304 0.022882
0 0.516714 0.369506 0.039559 0.027758
0 0.170271 0.579178 0.084396 0.054588
0 0.216829 0.393686 0.037363 0.021381
0 0.087282 0.640202 0.099478 0.057767
