0 0.777598 0.432613 0.033815 0.025400
0 0.823076 0.422910 0.030879 0.022458
0 0.854475 0.430828 0.025936 0.030964
0 0.835746 0.408547 0.027394 0.024722
0 0.691616 0.506648 0.064095 0.038069
0 0.836798 0.469008 0.037142 0.028974
0 0.879502 0.460097 0.025724 0.031875
0 0.799670 0.467802 0.037855 0.029979
0 0.122526 0.675320 0.083759 0.083857
0 0.833373 0.443797 0.032848 0.028290
0 0.174727 0.470810 0.058880 0.031845
0 0.196618 0.560698 0.049470 0.058499
0 0.204515 0.449940 0.046388 0.019566
0 0.265812 0.438829 0.049848 0.030163
0 0.809638 0.491899 0.049675 0.032393
0 0.360945 0.424614 0.042383 0.028319
0 0.455704 0.417038 0.042639 0.023721
0 0.524536 0.412446 0.037976 0.020574
0 0.614813 0.410360 0.045227 0.027195
0 0.105304 0.619113 0.060334 0.062378
0 0.868797 0.481792 0.037223 0.031629
0 0.762147 0.507178 0.054107 0.038479
0 0.785412 0.524070 0.055719 0.034173
0 0.827447 0.514958 0.050778 0.037079
0 0.026743 0.668595 0.053486 0.070708
0 0.703129 0.531679 0.056070 0.035225
0 0.671927 0.415288 0.043849 0.018620
0 0.728787 0.411546 0.041729 0.026283
0 0.680411 0.550134 0.077093 0.038057
0 0.901758 0.534250 0.059479 0.034991
0 0.131810 0.553270 0.042590 0.048110
0 0.043249 0.482727 0.053521 0.034099
0 0.775241 0.411914 0.039224 0.020438
0 0.128572 0.461335 0.044134 0.032475
