0 0.431338 0.412396 0.025927 0.022355
0 0.392418 0.404149 0.034810 0.021811
0 0.432496 0.395647 0.029831 0.021777
0 0.477845 0.405721 0.025061 0.025728
0 0.416672 0.452653 0.032893 0.029211
0 0.398960 0.476936 0.050755 0.033311
0 0.339421 0.495725 0.054405 0.032421
0 0.270806 0.517752 0.069448 0.034601
0 0.774788 0.380695 0.031665 0.022523
0 0.778748 0.362671 0.033779 0.018244
0 0.020110 0.461274 0.040219 0.032429
0 0.158549 0.426749 0.054859 0.027561
0 0.687889 0.395701 0.030279 0.024315
0 0.245919 0.407597 0.046882 0.028245
0 0.669758 0.421056 0.037954 0.028788
0 0.508063 0.432283 0.031133 0.035063
0 0.499100 0.474090 0.048322 0.031729
0 0.600430 0.436725 0.035252 0.028368
0 0.379063 0.511590 0.059876 0.036051
0 0.311405 0.400043 0.040668 0.021753
0 0.370161 0.391200 0.038900 0.021143
0 0.478641 0.501712 0.055257 0.042684
0 0.311619 0.549674 0.069537 0.042903
0 0.156164 0.545548 0.075776 0.039983
0 0.423818 0.386335 0.030802 0.019874
0 0.075692 0.436423 0.044947 0.027908
0 0.217664 0.588551 0.084661 0.048511
0 0.177866 0.568875 0.076181 0.045482
0 0.480426 0.374324 0.034508 0.018018
0 0.036318 0.434791 0.047845 0.025147
0 0.143221 0.606723 0.089818 0.056401
0 0.183905 0.405296 0.047716 0.022507
