0 0.320788 0.388038 0.037116 0.027073
0 0.426488 0.396841 0.024057 0.029185
0 0.413967 0.438285 0.029300 0.031495
0 0.388377 0.478857 0.066639 0.039034
0 0.379680 0.385211 0.038660 0.026770
0 0.429138 0.416650 0.022447 0.025204
0 0.392710 0.365275 0.099076 0.037926
0 0.431443 0.458319 0.036571 0.034313
0 0.323473 0.503249 0.062556 0.034570
0 0.477448 0.391703 0.023329 0.027410
0 0.448999 0.387300 0.020887 0.023011
0 0.297165 0.531230 0.065263 0.038059
0 0.258729 0.567627 0.072664 0.049504
0 0.501404 0.410616 0.037383 0.045335
0 0.225310 0.601310 0.093220 0.053476
0 0.475356 0.449048 0.036036 0.037849
0 0.367748 0.513959 0.053483 0.032362
0 0.150500 0.654482 0.085518 0.062118
0 0.239051 0.530729 0.052735 0.032987
0 0.127514 0.430475 0.046031 0.027908
0 0.445817 0.486580 0.046825 0.039827
0 0.379862 0.535085 0.049658 0.044735
0 0.117921 0.620364 0.091346 0.065504
0 0.050144 0.721914 0.100289 0.073676
0 0.186186 0.417668 0.046601 0.028133
0 0.155223 0.564795 0.074556 0.045782
0 0.240901 0.407323 0.043905 0.025507
0 0.466299 0.512520 0.073835 0.061036
0 0.061114 0.422686 0.050445 0.032860
0 0.321486 0.602630 0.068891 0.058517
0 0.170911 0.724141 0.101740 0.083435
