0 0.793736 0.438851 0.028048 0.025400
0 0.835566 0.438464 0.030785 0.027122
0 0.863574 0.449173 0.023097 0.030964
0 0.856289 0.430584 0.027394 0.024722
0 0.277419 0.479392 0.030793 0.041534
0 0.578007 0.510660 0.064095 0.039963
0 0.256638 0.484673 0.041875 0.039143
0 0.262006 0.454952 0.026842 0.029425
0 0.243228 0.528479 0.045330 0.049428
0 0.024281 0.490181 0.048561 0.040729
0 0.159010 0.512603 0.041249 0.042461
0 0.842917 0.472268 0.037142 0.028974
0 0.302418 0.439075 0.043778 0.028436
0 0.882589 0.469624 0.025724 0.031875
0 0.791743 0.477964 0.039838 0.030356
0 0.348753 0.430172 0.051713 0.024757
0 0.137179 0.499183 0.042073 0.037768
0 0.401448 0.422387 0.042690 0.025539
0 0.819689 0.487141 0.041399 0.028290
0 0.846437 0.560923 0.030047 0.038427
0 0.301949 0.414585 0.044079 0.028556
0 0.464013 0.413526 0.042382 0.022507
0 0.565756 0.410125 0.048578 0.025132
0 0.136471 0.460793 0.057984 0.033994
0 0.525045 0.401546 0.038025 0.019881
0 0.962844 0.491280 0.047889 0.032375
0 0.898971 0.516235 0.057357 0.039099
0 0.635001 0.411111 0.044241 0.023451
0 0.795348 0.529045 0.061359 0.037072
0 0.787935 0.557965 0.067891 0.052170
0 0.678798 0.537282 0.062699 0.037096
0 0.700327 0.409698 0.042377 0.024695
0 0.702779 0.395904 0.039236 0.017198
0 0.644185 0.396695 0.036053 0.021403
0 0.607304 0.567809 0.080289 0.041716
0 0.508164 0.545285 0.070265 0.041052
0 0.661445 0.514397 0.064599 0.041856
0 0.487091 0.576993 0.072154 0.039387
0 0.724736 0.508450 0.060533 0.035650
0 0.750553 0.495031 0.044271 0.036191
0 0.316434 0.581995 0.073873 0.041592
0 0.706864 0.586371 0.075441 0.055986
0 0.773405 0.412034 0.041854 0.019068
0 0.845092 0.413698 0.042639 0.019068
0 0.792614 0.393456 0.036364 0.019381
0 0.433562 0.405035 0.046805 0.019364
0 0.240003 0.441343 0.046643 0.031520
0 0.094694 0.567707 0.075120 0.040818
0 0.100363 0.538441 0.070773 0.033760
0 0.386194 0.400380 0.041828 0.020318
0 0.128629 0.831297 0.128371 0.094528
0 0.196560 0.517053 0.046554 0.053945
0 0.191032 0.481634 0.048640 0.039166
