0 0.795045 0.439611 0.027891 0.025400
0 0.836781 0.440868 0.030785 0.027122
0 0.863848 0.449654 0.023774 0.031467
0 0.856639 0.431077 0.027394 0.024722
0 0.279954 0.472157 0.031359 0.038164
0 0.409528 0.512721 0.064095 0.048883
0 0.254696 0.482430 0.037425 0.037983
0 0.264191 0.454169 0.026842 0.029425
0 0.249532 0.520472 0.044160 0.048035
0 0.266342 0.437862 0.043077 0.029909
0 0.161289 0.510310 0.041082 0.042255
0 0.842917 0.472268 0.037142 0.028974
0 0.333577 0.433796 0.043780 0.026589
0 0.882231 0.470520 0.025724 0.031875
0 0.791157 0.478520 0.039838 0.030356
0 0.397670 0.423239 0.046743 0.024757
0 0.140805 0.494498 0.042083 0.037612
0 0.424414 0.408324 0.036443 0.026651
0 0.477143 0.414727 0.039432 0.024226
0 0.815942 0.489691 0.047546 0.028290
0 0.923746 0.500571 0.053509 0.036299
0 0.730790 0.576139 0.031272 0.042569
0 0.517603 0.409519 0.040780 0.024851
0 0.516163 0.394868 0.042949 0.020579
0 0.912273 0.549842 0.075209 0.041052
0 0.734357 0.503871 0.052759 0.035781
0 0.865601 0.525719 0.062452 0.041052
0 0.606149 0.409290 0.042382 0.022507
0 0.708147 0.413231 0.048578 0.025132
0 0.339581 0.415154 0.047370 0.018762
0 0.636566 0.401940 0.041441 0.019881
0 0.675013 0.519845 0.104896 0.062268
0 0.637717 0.560486 0.081261 0.046525
0 0.153747 0.458991 0.058832 0.031656
0 0.545705 0.537374 0.061801 0.038835
0 0.473078 0.561302 0.066193 0.047639
0 0.779072 0.414474 0.047081 0.021754
0 0.014223 0.480705 0.028446 0.029683
0 0.362724 0.574392 0.072518 0.039762
0 0.672587 0.593891 0.073378 0.055244
0 0.231220 0.556908 0.069379 0.038258
0 0.841001 0.412561 0.042377 0.024695
0 0.874745 0.402032 0.039236 0.022402
0 0.775599 0.392269 0.043375 0.021088
0 0.147651 0.583279 0.077411 0.054448
0 0.044838 0.555852 0.075893 0.041052
0 0.548021 0.519216 0.064599 0.030761
0 0.247820 0.753352 0.121209 0.086451
0 0.663910 0.390332 0.039134 0.018963
0 0.200353 0.512966 0.046099 0.052267
0 0.193933 0.479709 0.048317 0.037877
