0 0.423829 0.404876 0.026262 0.019370
0 0.377488 0.400628 0.036530 0.021811
0 0.429452 0.393465 0.029831 0.020859
0 0.464640 0.395084 0.028427 0.022933
0 0.426111 0.426699 0.027638 0.025587
0 0.456913 0.422907 0.023801 0.025305
0 0.459196 0.441312 0.033511 0.027831
0 0.421994 0.466406 0.052354 0.033721
0 0.509908 0.417035 0.027912 0.031314
0 0.481040 0.413142 0.024121 0.023617
0 0.368546 0.490033 0.059961 0.032693
0 0.485897 0.446440 0.033962 0.029810
0 0.022667 0.457744 0.045333 0.036289
0 0.295664 0.515525 0.060461 0.035873
0 0.188952 0.419792 0.047358 0.035337
0 0.268839 0.410036 0.048264 0.027693
0 0.333945 0.397492 0.041040 0.026323
0 0.704567 0.400790 0.082919 0.058125
0 0.208992 0.536086 0.070412 0.040705
0 0.633837 0.445810 0.038490 0.027241
0 0.371862 0.514921 0.055409 0.033271
0 0.439601 0.485855 0.054333 0.029252
0 0.395130 0.387059 0.036626 0.016148
0 0.523596 0.466462 0.022340 0.031601
0 0.447816 0.504749 0.059786 0.040046
0 0.131596 0.549544 0.073476 0.045180
0 0.616727 0.429922 0.039160 0.027434
0 0.500486 0.465628 0.049247 0.028199
0 0.347050 0.543034 0.074334 0.052740
0 0.529015 0.405873 0.023194 0.025024
0 0.250412 0.570204 0.077385 0.042198
0 0.458311 0.376289 0.035846 0.017888
0 0.465694 0.526808 0.024846 0.040428
0 0.043004 0.576315 0.081478 0.053995
0 0.305039 0.598818 0.074637 0.049789
0 0.065548 0.434311 0.043053 0.035635
0 0.066802 0.635413 0.100927 0.059417
