0 0.426605 0.408101 0.026262 0.019370
0 0.387109 0.402831 0.035437 0.021811
0 0.431520 0.394462 0.029831 0.020859
0 0.473825 0.401159 0.025061 0.024105
0 0.426719 0.429193 0.027638 0.025587
0 0.456578 0.425647 0.026960 0.025062
0 0.447566 0.450359 0.033511 0.027831
0 0.415970 0.469310 0.052780 0.033776
0 0.510714 0.418261 0.027912 0.031314
0 0.482134 0.434210 0.024121 0.023617
0 0.072961 0.446299 0.045487 0.027378
0 0.359955 0.491220 0.059961 0.032693
0 0.134084 0.435145 0.035185 0.021010
0 0.480815 0.456059 0.038885 0.028613
0 0.206242 0.418406 0.038985 0.025630
0 0.727127 0.382099 0.033269 0.022137
0 0.289129 0.516840 0.060461 0.035873
0 0.353838 0.393301 0.044283 0.030657
0 0.631325 0.415017 0.041084 0.029591
0 0.776995 0.372691 0.029058 0.021660
0 0.065582 0.435397 0.047402 0.020592
0 0.532006 0.456335 0.049417 0.025368
0 0.729512 0.398936 0.028895 0.021826
0 0.276559 0.538871 0.069026 0.039284
0 0.603619 0.446194 0.043217 0.031810
0 0.682580 0.418018 0.029223 0.023101
0 0.550815 0.474699 0.049002 0.036615
0 0.448281 0.486981 0.055720 0.036437
0 0.085690 0.409811 0.060443 0.037250
0 0.137730 0.420363 0.040969 0.021624
0 0.436647 0.379081 0.041211 0.020839
0 0.362348 0.531869 0.061827 0.039868
0 0.497454 0.371819 0.036103 0.023757
0 0.136536 0.603053 0.243282 0.120223
0 0.237869 0.388229 0.041305 0.021881
