0 0.421478 0.402146 0.026262 0.019370
0 0.369343 0.398764 0.037456 0.021811
0 0.389687 0.378145 0.029831 0.020859
0 0.425596 0.424587 0.027638 0.025587
0 0.454138 0.414027 0.023485 0.025329
0 0.465753 0.437636 0.033511 0.027831
0 0.432673 0.459132 0.045960 0.032895
0 0.475294 0.379946 0.030965 0.021847
0 0.441955 0.380384 0.025129 0.022165
0 0.386541 0.480011 0.052845 0.034325
0 0.493645 0.418685 0.028654 0.026208
0 0.435354 0.490755 0.055930 0.034732
0 0.073492 0.447125 0.049369 0.033198
0 0.186950 0.425530 0.046477 0.028300
0 0.258780 0.410623 0.047301 0.026714
0 0.241643 0.522754 0.068969 0.039580
0 0.558264 0.438643 0.045026 0.024178
0 0.629909 0.416114 0.037042 0.026504
0 0.322816 0.400648 0.043964 0.024810
0 0.711897 0.398112 0.036613 0.023006
0 0.147202 0.543815 0.073476 0.045180
0 0.532925 0.420875 0.025691 0.026847
0 0.514509 0.464359 0.041339 0.040973
0 0.506560 0.396220 0.029557 0.025024
0 0.531737 0.485820 0.055621 0.034517
0 0.371261 0.391639 0.035557 0.018995
0 0.056699 0.572774 0.081478 0.053995
0 0.668853 0.422342 0.036214 0.026052
0 0.039574 0.443058 0.048144 0.027104
0 0.437556 0.524069 0.069446 0.041574
0 0.317686 0.506599 0.069951 0.029257
0 0.331856 0.558507 0.075939 0.042841
0 0.246518 0.571201 0.069530 0.043317
0 0.299408 0.532901 0.068496 0.039103
0 0.177806 0.569958 0.072763 0.049129
