0 0.797426 0.440992 0.027605 0.025400
0 0.837500 0.444437 0.030785 0.027122
0 0.865017 0.451706 0.026662 0.033611
0 0.857277 0.431975 0.027394 0.024722
0 0.286410 0.458325 0.032256 0.032825
0 0.326916 0.501211 0.051922 0.048883
0 0.251161 0.478346 0.029325 0.035872
0 0.338443 0.432312 0.037018 0.024757
0 0.410026 0.420795 0.043444 0.028063
0 0.261007 0.505897 0.042030 0.045498
0 0.803534 0.465398 0.029475 0.030056
0 0.487783 0.411068 0.037277 0.025778
0 0.164473 0.507454 0.041082 0.042255
0 0.833444 0.480695 0.048462 0.030378
0 0.943174 0.515906 0.057331 0.036555
0 0.939038 0.489251 0.052783 0.031010
0 0.365495 0.401497 0.039528 0.019619
0 0.258362 0.426242 0.039900 0.029490
0 0.563437 0.411382 0.040957 0.021360
0 0.862038 0.526932 0.058363 0.042807
0 0.790530 0.514509 0.067151 0.041412
0 0.721184 0.551552 0.069505 0.045913
0 0.624955 0.536286 0.066265 0.035834
0 0.590422 0.517277 0.062801 0.036191
0 0.644752 0.412362 0.046743 0.024757
0 0.275191 0.434635 0.049147 0.035560
0 0.614571 0.561713 0.077947 0.043138
0 0.210485 0.451575 0.049349 0.031293
0 0.523275 0.404174 0.039868 0.020839
0 0.719736 0.407144 0.045532 0.027352
0 0.780391 0.412542 0.039432 0.024226
0 0.498214 0.562678 0.079709 0.049003
0 0.468135 0.529111 0.071556 0.039669
0 0.337167 0.591501 0.071920 0.041262
0 0.317949 0.551562 0.071526 0.042763
0 0.215518 0.539685 0.066677 0.036299
0 0.248472 0.581079 0.035778 0.043429
0 0.133951 0.459701 0.047511 0.029451
0 0.687177 0.603564 0.031622 0.043753
0 0.848956 0.413815 0.041251 0.022270
0 0.820166 0.397468 0.049235 0.020579
0 0.618206 0.401813 0.041392 0.021621
0 0.059395 0.580105 0.076345 0.041052
0 0.095018 0.556691 0.071302 0.044492
0 0.366515 0.419595 0.034126 0.024882
0 0.207257 0.505525 0.045271 0.049212
0 0.199214 0.476205 0.047728 0.035529
