0 0.426956 0.408509 0.026262 0.019370
0 0.388327 0.403110 0.035299 0.021811
0 0.431833 0.394368 0.029831 0.020859
0 0.474141 0.401431 0.025061 0.024105
0 0.426796 0.429509 0.027638 0.025587
0 0.456535 0.425994 0.027361 0.025031
0 0.447335 0.450585 0.033511 0.027831
0 0.415251 0.469661 0.052780 0.033776
0 0.510816 0.418416 0.027912 0.031314
0 0.482116 0.435326 0.024474 0.023967
0 0.024118 0.456427 0.048237 0.028507
0 0.094963 0.442373 0.045487 0.027378
0 0.359605 0.492270 0.059961 0.032693
0 0.157655 0.429281 0.035185 0.021010
0 0.480443 0.456715 0.039802 0.028390
0 0.236311 0.413980 0.038985 0.025630
0 0.684426 0.397968 0.036281 0.022586
0 0.289598 0.519007 0.060461 0.035873
0 0.378425 0.387855 0.040504 0.025919
0 0.587060 0.430934 0.042611 0.030198
0 0.741563 0.389111 0.031715 0.023337
0 0.091014 0.426188 0.047402 0.020592
0 0.479845 0.477624 0.050718 0.032238
0 0.688859 0.417942 0.033996 0.022928
0 0.249057 0.543909 0.068467 0.041653
0 0.560194 0.467875 0.049367 0.033359
0 0.648269 0.434372 0.033950 0.026228
0 0.496857 0.498334 0.056848 0.039215
0 0.405173 0.503453 0.059851 0.037594
0 0.114023 0.404365 0.060443 0.037250
0 0.163548 0.414468 0.040969 0.021624
0 0.444876 0.378059 0.041211 0.020839
0 0.236703 0.402428 0.034481 0.020435
0 0.032187 0.430080 0.047613 0.022793
0 0.300984 0.551332 0.063932 0.040843
0 0.502365 0.371232 0.036103 0.023757
0 0.069581 0.624247 0.139163 0.111233
0 0.146273 0.560659 0.070913 0.036383
