0 0.437834 0.420141 0.025505 0.026111
0 0.399781 0.408139 0.032589 0.025281
0 0.439463 0.400462 0.031195 0.025620
0 0.477295 0.423836 0.031186 0.030863
0 0.334250 0.501913 0.057367 0.034566
0 0.068039 0.449919 0.052304 0.031146
0 0.633432 0.428386 0.042337 0.028654
0 0.240709 0.412370 0.041588 0.025371
0 0.191663 0.408029 0.035590 0.019282
0 0.343508 0.392880 0.038347 0.026428
0 0.345727 0.373628 0.035811 0.020316
0 0.441607 0.528418 0.030027 0.034728
0 0.395628 0.376621 0.037743 0.021450
0 0.166459 0.548257 0.067767 0.044653
0 0.441414 0.359688 0.042511 0.027838
0 0.070191 0.562592 0.071612 0.036316
0 0.060290 0.601350 0.087903 0.045456
