0 0.436408 0.418139 0.025505 0.026111
0 0.397632 0.407864 0.032589 0.025281
0 0.437566 0.399661 0.030415 0.024818
0 0.480916 0.418565 0.031186 0.030863
0 0.374079 0.486101 0.057367 0.034566
0 0.021360 0.462504 0.042721 0.031146
0 0.708976 0.398836 0.037772 0.028654
0 0.174969 0.422399 0.041588 0.025371
0 0.111868 0.420227 0.035590 0.019282
0 0.279355 0.402096 0.038347 0.026428
0 0.284288 0.383386 0.039880 0.020316
0 0.518320 0.492508 0.030027 0.034728
0 0.337587 0.384212 0.042277 0.027416
0 0.236970 0.531082 0.067767 0.044653
0 0.383026 0.366903 0.042511 0.027838
0 0.140488 0.544513 0.071612 0.036316
0 0.164353 0.571067 0.087903 0.045456
0 0.152549 0.603413 0.094209 0.062920
0 0.422573 0.383395 0.042437 0.028416
