0 0.412191 0.395244 0.026262 0.019370
0 0.366521 0.398118 0.037777 0.021811
0 0.426844 0.418671 0.027638 0.025587
0 0.450675 0.409390 0.023485 0.025329
0 0.478739 0.420705 0.026664 0.024013
0 0.434610 0.457170 0.045960 0.032895
0 0.389362 0.477526 0.052845 0.034325
0 0.477092 0.402756 0.027415 0.025368
0 0.471156 0.461943 0.034733 0.034332
0 0.047451 0.455708 0.054042 0.040342
0 0.136025 0.434619 0.045226 0.028604
0 0.221151 0.417471 0.043956 0.024994
0 0.250626 0.520920 0.068969 0.039580
0 0.662148 0.405891 0.034074 0.022128
0 0.705133 0.389729 0.032230 0.023100
0 0.299399 0.403473 0.041356 0.024190
0 0.795579 0.370214 0.028512 0.018318
0 0.160752 0.539486 0.073476 0.045180
0 0.514478 0.407171 0.028946 0.026847
0 0.521955 0.434142 0.027604 0.036345
0 0.465510 0.376727 0.025922 0.022266
0 0.624558 0.441485 0.042344 0.024634
0 0.352886 0.394478 0.035557 0.018995
0 0.077866 0.568150 0.081478 0.053995
0 0.761917 0.384390 0.030255 0.021650
0 0.561374 0.465369 0.045036 0.032309
0 0.323763 0.506988 0.061412 0.031794
0 0.460958 0.511125 0.064451 0.038010
0 0.359655 0.534873 0.062475 0.039012
0 0.412777 0.499801 0.055181 0.038630
0 0.324802 0.522827 0.060105 0.037004
0 0.099651 0.680412 0.098037 0.075611
