0 0.766704 0.426292 0.034272 0.025400
0 0.752909 0.487103 0.045546 0.038069
0 0.819945 0.419585 0.028428 0.024380
0 0.850955 0.423771 0.031626 0.026736
0 0.800281 0.462390 0.024371 0.027415
0 0.829593 0.442287 0.026682 0.028290
0 0.119051 0.475072 0.053523 0.033029
0 0.831136 0.474282 0.038636 0.032393
0 0.234966 0.489949 0.040161 0.041319
0 0.342609 0.432150 0.044029 0.026456
0 0.399677 0.422286 0.037976 0.020574
0 0.482585 0.411780 0.050251 0.028510
0 0.864083 0.448309 0.028670 0.031629
0 0.795514 0.491938 0.043526 0.031991
0 0.810651 0.518516 0.053509 0.034173
0 0.860825 0.488662 0.033582 0.030713
0 0.743635 0.520464 0.050144 0.035210
0 0.574691 0.412107 0.043849 0.021061
0 0.644687 0.409966 0.041729 0.026283
0 0.885933 0.522827 0.050709 0.034215
0 0.716257 0.412199 0.039224 0.020438
0 0.477662 0.598254 0.074798 0.057072
0 0.244390 0.437603 0.047050 0.036374
0 0.082106 0.469608 0.056594 0.038034
0 0.166898 0.449503 0.049860 0.031352
0 0.296879 0.433255 0.047069 0.041570
0 0.341973 0.734151 0.050066 0.051395
0 0.239998 0.747897 0.105840 0.076356
