0 0.376472 0.392265 0.040046 0.027073
0 0.424774 0.411439 0.024057 0.031306
0 0.026364 0.463699 0.052728 0.029832
0 0.405287 0.461875 0.041514 0.031495
0 0.387341 0.377034 0.037615 0.022131
0 0.089066 0.445076 0.040134 0.022893
0 0.335429 0.499180 0.073691 0.044685
0 0.421927 0.389874 0.037606 0.026779
0 0.427857 0.439048 0.028271 0.033633
0 0.472811 0.386889 0.068030 0.063479
0 0.403407 0.489787 0.053642 0.041482
0 0.263653 0.520476 0.068603 0.040726
0 0.491294 0.450720 0.031278 0.037788
0 0.502876 0.425954 0.023960 0.026368
0 0.324481 0.537036 0.052279 0.043815
0 0.606927 0.444694 0.043956 0.031845
0 0.463559 0.447446 0.029439 0.030025
0 0.152411 0.430695 0.039654 0.026049
0 0.457498 0.416429 0.029610 0.031241
0 0.264636 0.548515 0.068881 0.045138
0 0.499014 0.478870 0.041827 0.034858
0 0.230521 0.413948 0.042969 0.028980
0 0.076812 0.426235 0.046923 0.024808
0 0.212687 0.591189 0.084675 0.049504
0 0.356750 0.547242 0.060233 0.045913
0 0.434391 0.534760 0.064841 0.050730
0 0.298283 0.397905 0.034408 0.025008
0 0.166648 0.720570 0.087813 0.082528
0 0.094339 0.690222 0.095753 0.078459
