0 0.422755 0.403629 0.026262 0.019370
0 0.373768 0.399777 0.036953 0.021811
0 0.424279 0.391934 0.029831 0.020859
0 0.455393 0.387308 0.029756 0.022470
0 0.425876 0.425735 0.027638 0.025587
0 0.455868 0.419329 0.023485 0.025329
0 0.462191 0.439633 0.033511 0.027831
0 0.429636 0.462209 0.045960 0.032895
0 0.505244 0.408781 0.027912 0.031314
0 0.476745 0.406206 0.024121 0.023617
0 0.382119 0.483907 0.052845 0.034325
0 0.494585 0.437589 0.033962 0.029810
0 0.310883 0.512575 0.060461 0.035873
0 0.155133 0.425832 0.049837 0.033198
0 0.231418 0.415583 0.047722 0.027824
0 0.294043 0.405680 0.041656 0.023811
0 0.798447 0.364825 0.067589 0.047362
0 0.211134 0.533524 0.070412 0.033873
0 0.702358 0.407518 0.034356 0.021879
0 0.446873 0.478096 0.042908 0.021851
0 0.508451 0.461742 0.046514 0.031815
0 0.354919 0.395522 0.040202 0.020888
0 0.545400 0.404465 0.017380 0.025449
0 0.583452 0.447896 0.041733 0.032038
0 0.134977 0.547523 0.073476 0.045180
0 0.712426 0.389014 0.032319 0.018315
0 0.533550 0.439538 0.031821 0.026752
0 0.465026 0.494846 0.055285 0.040698
0 0.523143 0.401960 0.023194 0.025024
0 0.396277 0.526425 0.065323 0.038761
0 0.404116 0.385995 0.033901 0.017522
0 0.049258 0.574698 0.081478 0.053995
0 0.514397 0.503243 0.050610 0.035263
0 0.058804 0.440769 0.054259 0.035635
0 0.289150 0.572746 0.081441 0.045251
0 0.245005 0.551818 0.076497 0.044677
0 0.155713 0.617029 0.091209 0.052665
