0 0.433008 0.413601 0.025722 0.024178
0 0.394705 0.404522 0.034810 0.021811
0 0.433930 0.396990 0.029831 0.022736
0 0.477989 0.407950 0.025061 0.028814
0 0.413793 0.457771 0.034378 0.031576
0 0.396726 0.480938 0.050755 0.033311
0 0.331829 0.496977 0.054405 0.032421
0 0.744958 0.379991 0.036477 0.022110
0 0.254555 0.515860 0.069448 0.032992
0 0.786858 0.374233 0.032918 0.022874
0 0.063523 0.449118 0.055729 0.031619
0 0.677314 0.406979 0.035991 0.028780
0 0.716766 0.403514 0.034931 0.023939
0 0.647345 0.435254 0.042620 0.030334
0 0.591104 0.430544 0.041754 0.030052
0 0.555132 0.462090 0.046442 0.030739
0 0.185604 0.422817 0.047112 0.026296
0 0.166977 0.397323 0.050274 0.032064
0 0.487927 0.494212 0.052222 0.041953
0 0.430478 0.488104 0.056856 0.036611
0 0.419870 0.527323 0.052999 0.039569
0 0.255457 0.406126 0.038254 0.022991
0 0.358141 0.391779 0.042142 0.022924
0 0.339042 0.534751 0.065884 0.041856
0 0.438580 0.378926 0.041582 0.023609
0 0.289650 0.576652 0.079895 0.052931
0 0.163891 0.562910 0.087150 0.049921
0 0.129886 0.420489 0.045619 0.025371
0 0.079424 0.423583 0.048448 0.020945
0 0.047337 0.613615 0.076289 0.048205
