0 0.403405 0.390160 0.026521 0.019370
0 0.365559 0.397897 0.037886 0.021811
0 0.426836 0.413053 0.027638 0.025587
0 0.448352 0.406912 0.023485 0.025329
0 0.480408 0.414440 0.021259 0.022247
0 0.436595 0.455029 0.044074 0.032274
0 0.390323 0.476679 0.052845 0.034325
0 0.472358 0.398008 0.027415 0.025110
0 0.480228 0.454493 0.033743 0.034333
0 0.039524 0.454466 0.055080 0.039408
0 0.119952 0.440488 0.053337 0.028708
0 0.203861 0.418711 0.041799 0.023885
0 0.253689 0.520295 0.068969 0.039580
0 0.692991 0.394295 0.032515 0.021401
0 0.287609 0.405613 0.039797 0.023628
0 0.815393 0.361731 0.027894 0.018318
0 0.162594 0.539078 0.073476 0.045180
0 0.505501 0.401353 0.029083 0.026152
0 0.519445 0.423447 0.027968 0.036042
0 0.458830 0.371095 0.024197 0.021977
0 0.656017 0.424564 0.040192 0.022374
0 0.346225 0.395243 0.036261 0.019595
0 0.079980 0.567498 0.081478 0.053995
0 0.788321 0.374595 0.026552 0.020088
0 0.594628 0.445782 0.041585 0.031833
0 0.325071 0.508241 0.058796 0.034301
0 0.503023 0.489528 0.060272 0.034266
0 0.399941 0.519603 0.062475 0.039012
0 0.434868 0.489404 0.055181 0.034105
0 0.357454 0.511558 0.060105 0.037004
0 0.178309 0.630136 0.079622 0.068022
0 0.090831 0.726165 0.103287 0.087024
