0 0.434664 0.414795 0.025519 0.025985
0 0.396973 0.404892 0.034810 0.021811
0 0.435352 0.398320 0.029831 0.023687
0 0.480288 0.410035 0.030121 0.030863
0 0.409582 0.459435 0.043135 0.034181
0 0.064873 0.422758 0.045577 0.023914
0 0.070743 0.437024 0.049657 0.031690
0 0.366633 0.489490 0.058712 0.033311
0 0.151893 0.406396 0.049938 0.027838
0 0.299661 0.506254 0.059723 0.036316
0 0.460602 0.481210 0.055497 0.033644
0 0.607650 0.439648 0.048376 0.039890
0 0.357100 0.517013 0.067735 0.037389
0 0.226838 0.527564 0.069448 0.041211
0 0.446578 0.519069 0.074916 0.043458
0 0.191879 0.420816 0.042437 0.028416
0 0.238162 0.405666 0.040220 0.022834
0 0.373371 0.388093 0.039569 0.022759
0 0.201719 0.555386 0.074394 0.037658
0 0.262074 0.567386 0.076256 0.048535
0 0.295429 0.403372 0.038298 0.023257
0 0.344577 0.383665 0.043144 0.021565
0 0.110915 0.628503 0.090997 0.054801
0 0.086247 0.579769 0.082576 0.051148
