0 0.769765 0.494830 0.046162 0.032653
0 0.814730 0.414803 0.042967 0.027804
0 0.813830 0.505967 0.049681 0.035966
0 0.553493 0.528702 0.065650 0.043840
0 0.143228 0.531848 0.073183 0.039540
0 0.058552 0.559072 0.070905 0.048614
0 0.881559 0.415275 0.039031 0.023235
0 0.864571 0.402641 0.040687 0.023984
0 0.474664 0.403992 0.042825 0.036947
0 0.091837 0.587138 0.039031 0.035650
0 0.538848 0.398450 0.036862 0.023983
0 0.706429 0.417819 0.044237 0.030197
0 0.399161 0.422745 0.046373 0.030894
0 0.655121 0.410735 0.044059 0.023382
0 0.553233 0.406054 0.041615 0.027766
