0 0.574148 0.559955 0.057022 0.047372
0 0.258153 0.460997 0.052261 0.038256
0 0.386386 0.412298 0.039768 0.034333
0 0.102560 0.856186 0.133983 0.097911
0 0.432770 0.556627 0.069611 0.058337
0 0.697551 0.560479 0.074885 0.054714
0 0.773832 0.538238 0.059926 0.046517
0 0.642137 0.535051 0.061686 0.048401
0 0.714565 0.518752 0.056526 0.042260
0 0.782905 0.469005 0.034051 0.034420
0 0.835555 0.517925 0.056794 0.046296
0 0.206527 0.519520 0.065530 0.075944
0 0.912021 0.497578 0.057960 0.039983
0 0.339771 0.429336 0.053766 0.031566
0 0.506670 0.410560 0.045846 0.031536
0 0.885118 0.451625 0.037047 0.039983
0 0.856953 0.428130 0.035276 0.031566
0 0.775569 0.424939 0.033793 0.032618
0 0.813638 0.434659 0.041446 0.032618
0 0.674908 0.413753 0.044059 0.023382
0 0.566923 0.404842 0.041615 0.027766
