0 0.421608 0.402296 0.026262 0.019370
0 0.369792 0.398866 0.037405 0.021811
0 0.397425 0.381387 0.029831 0.020859
0 0.425624 0.424704 0.027638 0.025587
0 0.454314 0.414565 0.023485 0.025329
0 0.465392 0.437839 0.033511 0.027831
0 0.432365 0.459444 0.045960 0.032895
0 0.479651 0.384404 0.029896 0.025160
0 0.441955 0.380384 0.025129 0.022165
0 0.386093 0.480406 0.052845 0.034325
0 0.494633 0.421813 0.029893 0.027049
0 0.423830 0.496290 0.057516 0.035131
0 0.081971 0.444645 0.049603 0.033198
0 0.193605 0.424300 0.045952 0.028252
0 0.263779 0.409864 0.045325 0.025698
0 0.240214 0.523046 0.068969 0.039580
0 0.544704 0.443152 0.044532 0.023635
0 0.615563 0.421990 0.037042 0.026504
0 0.325927 0.400583 0.042728 0.024046
0 0.697381 0.402704 0.036613 0.023006
0 0.143923 0.544515 0.073476 0.045180
0 0.533764 0.422242 0.025691 0.026847
0 0.509851 0.467859 0.043647 0.039295
0 0.511590 0.398148 0.029557 0.025024
0 0.516345 0.491597 0.058842 0.035939
0 0.373776 0.391031 0.035557 0.018995
0 0.055944 0.572969 0.081478 0.053995
0 0.652785 0.429971 0.036948 0.026318
0 0.042131 0.442731 0.048994 0.028299
0 0.416038 0.530453 0.073512 0.042861
0 0.314835 0.509301 0.072038 0.032902
0 0.317592 0.562523 0.078938 0.043446
0 0.227938 0.578057 0.074498 0.045413
0 0.271903 0.537867 0.070300 0.039041
0 0.152032 0.581125 0.078104 0.050311
