0 0.792825 0.438323 0.028157 0.025400
0 0.834720 0.436790 0.030785 0.027122
0 0.863574 0.449173 0.023097 0.030964
0 0.856044 0.430240 0.027394 0.024722
0 0.275653 0.484432 0.030399 0.043882
0 0.642324 0.512962 0.064095 0.038069
0 0.271288 0.492931 0.044324 0.039782
0 0.260484 0.455498 0.026842 0.029425
0 0.218105 0.559227 0.056991 0.059836
0 0.111192 0.572613 0.049455 0.052550
0 0.842917 0.472268 0.037142 0.028974
0 0.304259 0.441550 0.043775 0.030981
0 0.882839 0.469000 0.025724 0.031875
0 0.792072 0.477058 0.039838 0.030356
0 0.116542 0.529008 0.041579 0.045436
0 0.376637 0.423994 0.042690 0.025539
0 0.821085 0.487479 0.041399 0.028290
0 0.896270 0.559535 0.030047 0.038427
0 0.141119 0.456804 0.052899 0.039381
0 0.442619 0.414719 0.042382 0.022507
0 0.523850 0.411311 0.048578 0.025132
0 0.493522 0.403000 0.042064 0.019881
0 0.582486 0.409719 0.044241 0.023451
0 0.952811 0.525456 0.057059 0.047215
0 0.913587 0.504086 0.052278 0.036476
0 0.640269 0.408079 0.042377 0.024695
0 0.613805 0.399621 0.039236 0.017198
0 0.563939 0.398531 0.036053 0.021403
0 0.825070 0.526578 0.064779 0.038919
0 0.726225 0.527464 0.063059 0.035699
0 0.729786 0.554767 0.063813 0.035827
0 0.782020 0.502189 0.055423 0.034117
0 0.606233 0.565911 0.070523 0.041592
0 0.862076 0.551164 0.065784 0.048456
0 0.703294 0.410188 0.041854 0.019068
0 0.763153 0.413926 0.042639 0.019068
0 0.675026 0.394899 0.036364 0.019381
0 0.388267 0.405890 0.046805 0.019364
0 0.035648 0.489765 0.047243 0.040162
0 0.448341 0.566848 0.074903 0.041394
0 0.476523 0.534931 0.070773 0.036991
0 0.736504 0.585914 0.080599 0.051315
0 0.231294 0.432900 0.049949 0.027901
0 0.317854 0.407309 0.044181 0.027821
0 0.821808 0.414078 0.035031 0.018443
0 0.771340 0.399151 0.044704 0.023132
0 0.153473 0.487063 0.049148 0.038761
0 0.483063 0.646892 0.076056 0.055096
0 0.183094 0.531154 0.046805 0.054869
0 0.181548 0.491477 0.046992 0.041620
