0 0.767799 0.427098 0.034272 0.025400
0 0.747843 0.490407 0.047628 0.038069
0 0.822457 0.421818 0.028492 0.024748
0 0.854640 0.428414 0.031626 0.027287
0 0.800447 0.462610 0.024371 0.027415
0 0.831283 0.445528 0.026682 0.028290
0 0.142161 0.469057 0.051716 0.031379
0 0.829179 0.476816 0.038636 0.032393
0 0.245236 0.479515 0.038917 0.041172
0 0.350156 0.430666 0.043280 0.024984
0 0.408154 0.421389 0.037976 0.020574
0 0.497812 0.410880 0.048898 0.028156
0 0.866210 0.452463 0.028670 0.031629
0 0.792177 0.493790 0.043921 0.032072
0 0.805952 0.520342 0.055719 0.034173
0 0.857188 0.492843 0.034940 0.031216
0 0.738340 0.521920 0.050952 0.035212
0 0.589094 0.412556 0.043849 0.021061
0 0.656315 0.410146 0.041729 0.026283
0 0.875669 0.527618 0.052653 0.034215
0 0.725259 0.412020 0.039224 0.020438
0 0.444184 0.610981 0.078133 0.060034
0 0.252064 0.436271 0.047050 0.036374
0 0.097479 0.466088 0.057976 0.038034
0 0.179895 0.446616 0.044168 0.026765
0 0.468718 0.659617 0.084725 0.061544
0 0.305865 0.755228 0.052797 0.053131
0 0.188714 0.772608 0.110978 0.082932
