0 0.613592 0.539987 0.055147 0.046802
0 0.174203 0.536735 0.052682 0.052243
0 0.289321 0.439149 0.048168 0.041214
0 0.232263 0.762457 0.109595 0.094809
0 0.806809 0.407861 0.035010 0.026217
0 0.652593 0.393495 0.043571 0.023680
0 0.829453 0.449906 0.039490 0.029952
0 0.477437 0.671148 0.091244 0.070337
0 0.627420 0.575133 0.074516 0.056885
0 0.750852 0.540726 0.066405 0.046258
0 0.840916 0.508255 0.041092 0.041899
0 0.686471 0.523752 0.061686 0.039361
0 0.750610 0.501109 0.043127 0.038509
0 0.741266 0.423369 0.030852 0.030612
0 0.888382 0.483607 0.033400 0.035714
0 0.058082 0.640919 0.116164 0.112998
0 0.238915 0.477268 0.052125 0.049881
0 0.502597 0.410367 0.045846 0.028335
0 0.870087 0.439564 0.037047 0.032384
0 0.838543 0.411873 0.029658 0.027092
0 0.763373 0.412682 0.031035 0.028827
0 0.801737 0.428179 0.038274 0.027693
0 0.669188 0.413029 0.044059 0.023382
0 0.565662 0.404953 0.041615 0.027766
