0 0.414776 0.397103 0.026262 0.019370
0 0.366842 0.398191 0.037741 0.021811
0 0.426445 0.420279 0.027638 0.025587
0 0.451494 0.410144 0.023485 0.025329
0 0.478078 0.422854 0.028743 0.024692
0 0.434390 0.457393 0.045960 0.032895
0 0.389041 0.477809 0.052845 0.034325
0 0.478511 0.404301 0.027415 0.025368
0 0.468099 0.464279 0.034733 0.034332
0 0.047831 0.451034 0.056130 0.042574
0 0.139417 0.433632 0.045596 0.028570
0 0.228041 0.415578 0.044675 0.025364
0 0.249605 0.521128 0.068969 0.039580
0 0.651654 0.408190 0.036036 0.024551
0 0.705133 0.389729 0.032230 0.023100
0 0.304242 0.402937 0.041875 0.024377
0 0.786288 0.372125 0.030247 0.018318
0 0.160139 0.539622 0.073476 0.045180
0 0.517535 0.409206 0.028946 0.026847
0 0.522617 0.437948 0.027604 0.036345
0 0.468080 0.378893 0.026585 0.022377
0 0.614353 0.445576 0.044847 0.026200
0 0.355030 0.394176 0.035557 0.018995
0 0.077161 0.568367 0.081478 0.053995
0 0.752550 0.387863 0.031489 0.022171
0 0.547780 0.474831 0.050787 0.033103
0 0.323327 0.506570 0.062284 0.030959
0 0.442702 0.518886 0.065843 0.039258
0 0.346453 0.539952 0.062475 0.039012
0 0.405414 0.503267 0.055181 0.040139
0 0.314214 0.526969 0.060105 0.037004
0 0.073112 0.697985 0.105710 0.078773
