0 0.784176 0.434555 0.030727 0.025400
0 0.828614 0.427016 0.029163 0.019843
0 0.857417 0.437009 0.023097 0.030964
0 0.847402 0.419665 0.027394 0.024722
0 0.688972 0.507049 0.064095 0.038069
0 0.956687 0.509294 0.057036 0.038720
0 0.832760 0.478723 0.037142 0.028974
0 0.099772 0.650608 0.074398 0.068048
0 0.882204 0.463688 0.025724 0.031875
0 0.798756 0.469108 0.039838 0.030356
0 0.208171 0.593834 0.057296 0.064387
0 0.835516 0.447954 0.031696 0.028290
0 0.226176 0.456292 0.050707 0.030191
0 0.222297 0.519375 0.034340 0.049484
0 0.249843 0.438248 0.046388 0.019566
0 0.316079 0.428204 0.042377 0.025301
0 0.805215 0.494677 0.049675 0.032393
0 0.409827 0.418880 0.042066 0.024255
0 0.494189 0.412961 0.042639 0.023721
0 0.557176 0.412640 0.037976 0.020574
0 0.627642 0.408612 0.045227 0.027195
0 0.148950 0.564792 0.047570 0.052603
0 0.865699 0.489355 0.038481 0.031629
0 0.748452 0.509145 0.054107 0.038479
0 0.777116 0.527635 0.055719 0.034173
0 0.823670 0.516599 0.052855 0.037079
0 0.076929 0.608396 0.056757 0.063455
0 0.670104 0.531976 0.058769 0.036464
0 0.687029 0.412764 0.043849 0.018620
0 0.741778 0.410576 0.041729 0.026283
0 0.585975 0.549956 0.077093 0.038057
0 0.773770 0.555953 0.065277 0.041737
0 0.155853 0.513588 0.039157 0.042463
0 0.130490 0.463641 0.053521 0.034099
0 0.804470 0.412108 0.039224 0.020438
