0 0.788678 0.435917 0.028655 0.025400
0 0.830871 0.429173 0.030785 0.027122
0 0.858151 0.438460 0.023097 0.030964
0 0.854934 0.428677 0.027394 0.024722
0 0.686425 0.507436 0.064095 0.038069
0 0.919684 0.518942 0.063986 0.038720
0 0.837935 0.450067 0.037142 0.028974
0 0.169647 0.576675 0.056782 0.055861
0 0.883974 0.466162 0.025724 0.031875
0 0.797955 0.469941 0.039838 0.030356
0 0.252378 0.535178 0.041824 0.053395
0 0.831597 0.481435 0.041399 0.028290
0 0.267735 0.444947 0.050707 0.030191
0 0.236095 0.489770 0.032494 0.044136
0 0.296819 0.429036 0.046388 0.022674
0 0.368690 0.423170 0.042377 0.025301
0 0.803415 0.495490 0.049675 0.032393
0 0.450195 0.414635 0.041854 0.021149
0 0.524797 0.410299 0.042639 0.023721
0 0.586527 0.412771 0.037505 0.020233
0 0.645577 0.407842 0.045227 0.027195
0 0.177744 0.521283 0.041239 0.045428
0 0.862783 0.494898 0.038931 0.031959
0 0.747411 0.509296 0.054107 0.038479
0 0.071757 0.637415 0.076860 0.071968
0 0.756484 0.530722 0.055719 0.034173
0 0.821067 0.517515 0.055310 0.037079
0 0.109452 0.549415 0.045053 0.050894
0 0.609482 0.534727 0.062240 0.038057
0 0.708885 0.411702 0.043849 0.018620
0 0.762745 0.410633 0.041729 0.026340
0 0.494164 0.548799 0.077093 0.038057
0 0.617901 0.571308 0.075664 0.043131
0 0.170487 0.483513 0.036512 0.034918
0 0.194239 0.451268 0.053521 0.034099
