0 0.432620 0.413320 0.025770 0.023754
0 0.394173 0.404435 0.034810 0.021811
0 0.433596 0.396677 0.029831 0.022513
0 0.477956 0.407431 0.025061 0.028096
0 0.414463 0.456580 0.034032 0.031026
0 0.397979 0.479861 0.050755 0.033311
0 0.333596 0.496686 0.054405 0.032421
0 0.259205 0.515170 0.069448 0.033183
0 0.746164 0.379301 0.025601 0.022248
0 0.775708 0.383806 0.028350 0.022162
0 0.714873 0.406727 0.034667 0.024864
0 0.678562 0.401453 0.032515 0.028524
0 0.624361 0.432613 0.043058 0.028705
0 0.121028 0.432858 0.052860 0.032205
0 0.092854 0.413187 0.050274 0.032064
0 0.566154 0.462469 0.048615 0.037896
0 0.535601 0.447492 0.050681 0.031768
0 0.518272 0.484554 0.041967 0.039069
0 0.198377 0.418279 0.040370 0.026369
0 0.305054 0.400875 0.046727 0.022924
0 0.450329 0.491810 0.054795 0.037101
0 0.391746 0.382976 0.041582 0.023609
0 0.408405 0.529576 0.066076 0.044743
0 0.291379 0.533655 0.074761 0.045407
0 0.054373 0.440759 0.047035 0.027060
0 0.169215 0.582752 0.082859 0.048205
0 0.203952 0.604031 0.081425 0.050339
0 0.078125 0.580409 0.076121 0.042285
0 0.230240 0.393687 0.039214 0.030009
