0 0.433886 0.414234 0.025614 0.025137
0 0.395908 0.404718 0.034810 0.021811
0 0.434684 0.397695 0.029831 0.023241
0 0.478064 0.409121 0.025061 0.030437
0 0.411954 0.459646 0.036903 0.032882
0 0.385656 0.484599 0.056636 0.033311
0 0.321899 0.501812 0.054405 0.032421
0 0.674246 0.409490 0.035859 0.024946
0 0.580926 0.440230 0.045622 0.033463
0 0.241026 0.520643 0.069448 0.032992
0 0.653082 0.427612 0.044412 0.027960
0 0.034061 0.455830 0.055535 0.035341
0 0.080975 0.437865 0.045040 0.029936
0 0.222203 0.414288 0.044162 0.031272
0 0.442618 0.490481 0.054110 0.037658
0 0.546575 0.474603 0.050797 0.039413
0 0.139308 0.431824 0.046589 0.025461
0 0.179249 0.412511 0.050039 0.024490
0 0.448670 0.522673 0.063731 0.042070
0 0.337414 0.515359 0.062375 0.039263
0 0.315003 0.548565 0.071693 0.044165
0 0.296888 0.393783 0.040853 0.026296
0 0.341586 0.393922 0.042582 0.028891
0 0.357181 0.363623 0.047810 0.027423
0 0.226049 0.585877 0.083635 0.052137
0 0.125005 0.572866 0.084029 0.045668
0 0.072773 0.637300 0.075547 0.053296
0 0.383328 0.381346 0.035069 0.022552
0 0.479940 0.373995 0.042142 0.022924
