0 0.395483 0.400552 0.030577 0.028141
0 0.425642 0.386876 0.028090 0.024483
0 0.060761 0.450653 0.048928 0.028376
0 0.411335 0.464164 0.043872 0.034555
0 0.185002 0.425136 0.049507 0.024876
0 0.311924 0.502733 0.065711 0.039018
0 0.462801 0.388668 0.033875 0.028893
0 0.250982 0.413430 0.040134 0.022893
0 0.235707 0.523536 0.076183 0.048497
0 0.432867 0.426876 0.025832 0.029408
0 0.473001 0.413609 0.034237 0.029244
0 0.580245 0.433211 0.042233 0.030697
0 0.467588 0.438562 0.029330 0.033224
0 0.360579 0.507980 0.062138 0.032535
0 0.454607 0.503408 0.117339 0.110621
0 0.251574 0.580210 0.074917 0.046446
0 0.141330 0.553668 0.073183 0.049262
0 0.359370 0.534129 0.057127 0.040490
0 0.082692 0.688965 0.087871 0.068270
0 0.185321 0.691880 0.087091 0.069989
0 0.127035 0.431810 0.049006 0.026474
0 0.056554 0.775623 0.101674 0.086650
