0 0.760599 0.421889 0.034272 0.025400
0 0.767818 0.469898 0.034025 0.038069
0 0.803471 0.407790 0.028428 0.024380
0 0.826370 0.399926 0.025679 0.020396
0 0.799656 0.460857 0.024371 0.027415
0 0.815077 0.427506 0.029348 0.028290
0 0.830410 0.452973 0.031112 0.031118
0 0.172125 0.557394 0.056189 0.057446
0 0.295338 0.442702 0.044778 0.027929
0 0.354812 0.429303 0.039955 0.024973
0 0.420976 0.416234 0.051603 0.028864
0 0.847681 0.423684 0.028670 0.026966
0 0.818373 0.476986 0.043015 0.031991
0 0.841202 0.501925 0.040792 0.034173
0 0.870981 0.461646 0.027843 0.030713
0 0.777591 0.510505 0.049930 0.035210
0 0.505068 0.415548 0.043849 0.021061
0 0.577613 0.409890 0.041729 0.026283
0 0.900150 0.490128 0.034795 0.034215
0 0.654072 0.411163 0.039224 0.020438
0 0.639201 0.535923 0.068885 0.041322
0 0.176201 0.457710 0.047050 0.036374
0 0.069537 0.474513 0.055553 0.035938
0 0.242107 0.457398 0.046064 0.042656
0 0.737826 0.558761 0.063514 0.043514
0 0.967118 0.505767 0.058503 0.036951
0 0.455425 0.643448 0.084678 0.055939
