0 0.436907 0.418839 0.025505 0.026111
0 0.398384 0.407960 0.032589 0.025281
0 0.438230 0.399941 0.030688 0.025099
0 0.479649 0.420410 0.031186 0.030863
0 0.360139 0.491635 0.057367 0.034566
0 0.036063 0.459009 0.048856 0.031146
0 0.684463 0.407360 0.041646 0.028654
0 0.197978 0.418889 0.041588 0.025371
0 0.139796 0.415958 0.035590 0.019282
0 0.301808 0.398871 0.038347 0.026428
0 0.305792 0.379971 0.038456 0.020316
0 0.491470 0.505076 0.030027 0.034728
0 0.359343 0.381575 0.040690 0.025328
0 0.212291 0.537093 0.067767 0.044653
0 0.402624 0.363697 0.042511 0.027838
0 0.116129 0.550338 0.071612 0.036316
0 0.128231 0.581865 0.087903 0.045456
0 0.103009 0.618487 0.094209 0.062920
