0 0.798696 0.444866 0.029492 0.030133
0 0.836850 0.446638 0.030785 0.027122
0 0.863480 0.459009 0.031906 0.034237
0 0.857789 0.432695 0.027394 0.024722
0 0.522540 0.413271 0.040896 0.026064
0 0.312741 0.495975 0.046237 0.048883
0 0.244132 0.476394 0.027575 0.035416
0 0.624606 0.414894 0.037018 0.024757
0 0.705850 0.413958 0.043300 0.027500
0 0.290016 0.449256 0.048122 0.032744
0 0.785358 0.487370 0.043384 0.032289
0 0.975690 0.497326 0.048621 0.034499
0 0.819823 0.515210 0.059392 0.034501
0 0.587255 0.535656 0.074141 0.029620
0 0.777680 0.414494 0.042585 0.025778
0 0.167029 0.505163 0.041082 0.042255
0 0.714411 0.521584 0.069616 0.039972
0 0.577890 0.560466 0.070994 0.046056
0 0.459118 0.527393 0.070271 0.038261
0 0.424408 0.572174 0.076468 0.043935
0 0.343350 0.550311 0.067955 0.044334
0 0.708901 0.390984 0.039528 0.019619
0 0.633482 0.389844 0.034421 0.018755
0 0.845160 0.415724 0.040957 0.021360
0 0.840045 0.556024 0.024886 0.037297
0 0.219413 0.577638 0.079048 0.046364
0 0.681496 0.598682 0.076345 0.052449
0 0.193663 0.445851 0.050075 0.030395
0 0.088635 0.472434 0.052991 0.033884
0 0.116084 0.553381 0.076044 0.041412
0 0.772836 0.391173 0.041096 0.019881
0 0.415260 0.409125 0.044861 0.020631
0 0.145530 0.835849 0.062824 0.058985
0 0.440565 0.415660 0.042534 0.027710
0 0.212797 0.499554 0.044607 0.046761
0 0.356651 0.392348 0.042940 0.024475
0 0.203451 0.473393 0.047256 0.033645
