0 0.758716 0.420861 0.034272 0.025400
0 0.768432 0.468479 0.034025 0.038069
0 0.801424 0.406419 0.028428 0.024380
0 0.826370 0.399926 0.025679 0.020396
0 0.800557 0.459242 0.024371 0.027415
0 0.812907 0.425157 0.029348 0.028290
0 0.829550 0.450304 0.029679 0.030875
0 0.161643 0.568093 0.058055 0.059288
0 0.289228 0.445173 0.045119 0.028806
0 0.349671 0.430172 0.039955 0.024973
0 0.415853 0.416959 0.051603 0.028864
0 0.844283 0.419866 0.028670 0.026966
0 0.820747 0.475126 0.040968 0.031991
0 0.843944 0.500358 0.040792 0.034173
0 0.869713 0.457927 0.027843 0.030713
0 0.781460 0.508449 0.049071 0.035210
0 0.498745 0.416086 0.043849 0.021061
0 0.570475 0.410044 0.041729 0.026283
0 0.898840 0.487093 0.034795 0.034215
0 0.645989 0.411198 0.039224 0.020438
0 0.654748 0.531212 0.066307 0.037422
0 0.164375 0.460618 0.048237 0.036919
0 0.056552 0.476644 0.055553 0.035938
0 0.236462 0.461763 0.045496 0.044007
0 0.752785 0.553965 0.062575 0.041753
0 0.964047 0.503777 0.057491 0.036951
0 0.476612 0.634679 0.080601 0.055939
0 0.247671 0.426373 0.047402 0.024729
