0 0.590513 0.552051 0.057022 0.047372
0 0.230653 0.478740 0.052083 0.041393
0 0.356593 0.417411 0.043735 0.035796
0 0.243541 0.782386 0.114016 0.088099
0 0.486363 0.567481 0.074516 0.062100
0 0.712278 0.555014 0.072462 0.052298
0 0.792994 0.532246 0.057097 0.045396
0 0.654719 0.530983 0.061686 0.046827
0 0.725572 0.513893 0.053803 0.042901
0 0.777274 0.454072 0.032052 0.032040
0 0.858888 0.509914 0.055033 0.046296
0 0.169994 0.553594 0.082208 0.086711
0 0.959547 0.492457 0.053946 0.039983
0 0.301359 0.439469 0.053417 0.039293
0 0.505397 0.410499 0.045846 0.030535
0 0.878487 0.445815 0.037047 0.035233
0 0.852753 0.422580 0.035276 0.031566
0 0.771149 0.419517 0.033793 0.030249
0 0.811298 0.433106 0.038586 0.030445
0 0.672998 0.413513 0.044059 0.023382
0 0.566529 0.404877 0.041615 0.027766
