0 0.429006 0.410713 0.026213 0.019810
0 0.391438 0.403944 0.034810 0.021811
0 0.432530 0.394083 0.029831 0.020859
0 0.476089 0.403104 0.025061 0.024105
0 0.426692 0.431434 0.028277 0.027674
0 0.456099 0.435620 0.028477 0.029318
0 0.428066 0.461225 0.042911 0.030526
0 0.374751 0.485809 0.063808 0.031017
0 0.036306 0.444954 0.058621 0.027561
0 0.106003 0.439555 0.052570 0.030526
0 0.511444 0.419372 0.027912 0.031314
0 0.482112 0.439970 0.027049 0.026527
0 0.185840 0.423455 0.042863 0.024774
0 0.237868 0.412052 0.040385 0.026013
0 0.291156 0.513156 0.067591 0.039976
0 0.297864 0.406824 0.035185 0.021010
0 0.468895 0.465619 0.046101 0.032332
0 0.355907 0.394082 0.037937 0.023899
0 0.691314 0.397487 0.034351 0.023365
0 0.669935 0.426484 0.037997 0.028469
0 0.442172 0.490183 0.060589 0.036797
0 0.168144 0.552511 0.070934 0.040530
0 0.604268 0.439418 0.036274 0.028341
0 0.417883 0.384895 0.039559 0.024735
0 0.368881 0.518205 0.069310 0.040911
0 0.528907 0.479712 0.053837 0.035434
0 0.420844 0.529129 0.070597 0.043041
0 0.180904 0.411370 0.047402 0.025883
0 0.253737 0.550970 0.071213 0.046164
0 0.302047 0.568724 0.068100 0.046161
0 0.047159 0.586975 0.076577 0.046198
0 0.147602 0.594664 0.081264 0.053278
0 0.207145 0.615779 0.071769 0.047994
0 0.453123 0.375890 0.033094 0.018371
0 0.027060 0.431086 0.048478 0.021006
0 0.136023 0.407091 0.039287 0.028883
