0 0.792967 0.410998 0.028967 0.022362
0 0.096900 0.639194 0.073016 0.066069
0 0.219597 0.513352 0.040268 0.045725
0 0.303796 0.440748 0.047231 0.027498
0 0.605365 0.412208 0.039800 0.025079
0 0.769958 0.414602 0.028265 0.028202
0 0.786757 0.440694 0.031163 0.029732
0 0.783812 0.466250 0.030507 0.037197
0 0.395755 0.422079 0.048656 0.026760
0 0.726615 0.401239 0.034215 0.018815
0 0.859715 0.443721 0.027985 0.030034
0 0.100572 0.469116 0.051262 0.032705
0 0.797341 0.488591 0.036321 0.036246
0 0.460520 0.416959 0.043615 0.023257
0 0.246933 0.458908 0.042873 0.032795
0 0.562462 0.406042 0.037167 0.024103
0 0.513271 0.407607 0.044594 0.030445
