0 0.309895 0.388701 0.037116 0.027073
0 0.426431 0.393594 0.024057 0.027804
0 0.414970 0.434079 0.025368 0.031495
0 0.398201 0.474535 0.059190 0.039034
0 0.346539 0.386876 0.040890 0.026770
0 0.428560 0.412988 0.021867 0.023268
0 0.371060 0.365673 0.102511 0.037926
0 0.434629 0.453134 0.032821 0.032728
0 0.327451 0.502223 0.061003 0.034570
0 0.474701 0.385775 0.023329 0.024843
0 0.447869 0.384094 0.020887 0.022003
0 0.299727 0.530852 0.065263 0.038059
0 0.259736 0.566556 0.072664 0.049504
0 0.497973 0.408655 0.029665 0.045335
0 0.297111 0.585741 0.093220 0.053476
0 0.479092 0.445510 0.029275 0.036570
0 0.378200 0.508015 0.050427 0.032362
0 0.165370 0.644909 0.085518 0.062118
0 0.243161 0.529248 0.052735 0.032987
0 0.127514 0.430475 0.046031 0.027908
0 0.454260 0.480096 0.045538 0.036451
0 0.400137 0.522648 0.049658 0.044735
0 0.155011 0.603939 0.084451 0.056490
0 0.059333 0.708966 0.100205 0.070340
0 0.186186 0.417668 0.046601 0.028133
0 0.156212 0.563547 0.074556 0.044859
0 0.237170 0.408408 0.043905 0.025507
0 0.568640 0.461484 0.066715 0.050521
0 0.047260 0.428981 0.052381 0.032860
0 0.435065 0.538833 0.055195 0.046578
0 0.083422 0.748191 0.101411 0.075922
