0 0.379058 0.392265 0.034873 0.027073
0 0.427987 0.425527 0.028341 0.031306
0 0.088202 0.447106 0.049507 0.024876
0 0.375588 0.480662 0.059517 0.037877
0 0.387341 0.377034 0.037615 0.022131
0 0.160429 0.427407 0.040134 0.022893
0 0.298435 0.512782 0.073691 0.044685
0 0.420558 0.395375 0.024549 0.024435
0 0.439144 0.379934 0.023993 0.023256
0 0.637137 0.408546 0.037840 0.026178
0 0.451760 0.407680 0.026890 0.030634
0 0.420192 0.459755 0.040764 0.033633
0 0.503614 0.414309 0.043609 0.075640
0 0.370089 0.513686 0.061154 0.046733
0 0.213441 0.530910 0.068603 0.040938
0 0.436806 0.494604 0.052510 0.040449
0 0.489874 0.462390 0.036802 0.032119
0 0.277653 0.563170 0.066655 0.043428
0 0.455912 0.525390 0.060671 0.043916
0 0.450275 0.464485 0.037094 0.028570
0 0.255795 0.406762 0.032793 0.026049
0 0.467059 0.434133 0.029610 0.031259
0 0.203918 0.586607 0.073552 0.050058
0 0.358294 0.564307 0.062849 0.055096
0 0.311805 0.391978 0.029107 0.024390
0 0.143664 0.419167 0.040814 0.025109
0 0.080318 0.682603 0.096037 0.083799
