0 0.030916 0.678844 0.061831 0.068379
0 0.128246 0.644533 0.068804 0.061186
0 0.252609 0.488638 0.039885 0.053426
0 0.819538 0.422369 0.028574 0.023869
0 0.816918 0.445023 0.023086 0.029415
0 0.376248 0.423777 0.043849 0.024092
0 0.438247 0.419178 0.041729 0.026283
0 0.490607 0.403133 0.042752 0.020438
0 0.764345 0.439217 0.032917 0.030407
0 0.872370 0.451005 0.031551 0.027614
0 0.852317 0.423643 0.031718 0.026243
0 0.795811 0.493007 0.039785 0.033194
0 0.656696 0.540145 0.060014 0.042887
0 0.041195 0.485804 0.061969 0.038592
0 0.685052 0.408249 0.035069 0.023962
0 0.518144 0.595866 0.080416 0.058122
0 0.755998 0.581250 0.066924 0.048110
0 0.719021 0.543872 0.060614 0.045687
0 0.158004 0.541666 0.049221 0.049086
0 0.144865 0.453211 0.047571 0.031444
0 0.618570 0.398472 0.040698 0.022552
0 0.726489 0.401520 0.034215 0.015620
0 0.153840 0.469308 0.053165 0.037539
0 0.230457 0.435061 0.046592 0.030657
0 0.280654 0.443665 0.047181 0.026428
0 0.120593 0.798977 0.110079 0.086963
