0 0.431598 0.412583 0.025895 0.022638
0 0.392773 0.404207 0.034810 0.021811
0 0.432719 0.395856 0.029831 0.021926
0 0.477868 0.406067 0.025061 0.026207
0 0.416226 0.453448 0.033123 0.029578
0 0.397229 0.477386 0.050755 0.033311
0 0.338243 0.495919 0.054405 0.032421
0 0.268460 0.517230 0.069448 0.034315
0 0.784798 0.372682 0.026291 0.021970
0 0.741801 0.393640 0.034520 0.024232
0 0.738468 0.374787 0.035482 0.018244
0 0.038598 0.454297 0.044577 0.032429
0 0.189516 0.420868 0.054859 0.027561
0 0.648823 0.410295 0.033751 0.027798
0 0.275246 0.402370 0.046882 0.028245
0 0.626132 0.437924 0.041050 0.032487
0 0.497777 0.444916 0.040798 0.035063
0 0.453240 0.492986 0.057742 0.038474
0 0.541966 0.470173 0.044139 0.033025
0 0.342955 0.517096 0.061130 0.036753
0 0.334903 0.395469 0.040668 0.021753
0 0.393113 0.385538 0.038900 0.021143
0 0.400857 0.531769 0.063263 0.042684
0 0.271759 0.554229 0.070960 0.044508
0 0.134517 0.551294 0.075776 0.047923
0 0.452781 0.379147 0.030802 0.019874
0 0.106846 0.430404 0.044947 0.027908
0 0.167318 0.609044 0.094864 0.054367
0 0.107552 0.592080 0.081312 0.045482
0 0.509621 0.370152 0.034508 0.022761
0 0.047849 0.631353 0.094427 0.061148
