0 0.702650 0.515938 0.050551 0.036318
0 0.854194 0.446997 0.030130 0.032500
0 0.902553 0.510759 0.028726 0.033152
0 0.196232 0.448332 0.049257 0.033248
0 0.063270 0.641699 0.078621 0.086662
0 0.461389 0.532792 0.067218 0.041034
0 0.725578 0.552130 0.028613 0.040962
0 0.830814 0.555069 0.068932 0.051101
0 0.803700 0.417492 0.031796 0.031556
0 0.787908 0.459967 0.032497 0.034953
0 0.738662 0.425863 0.041447 0.030677
0 0.830428 0.411026 0.030734 0.024645
0 0.482132 0.412316 0.045846 0.028047
0 0.663389 0.412083 0.044059 0.023382
0 0.560538 0.405407 0.041615 0.027766
