0 0.792413 0.438084 0.028207 0.025400
0 0.834338 0.436033 0.030785 0.027122
0 0.863574 0.449173 0.023097 0.030964
0 0.855934 0.430085 0.027394 0.024722
0 0.274855 0.486709 0.030221 0.044942
0 0.652558 0.512156 0.064095 0.038069
0 0.310485 0.517954 0.057072 0.041464
0 0.251480 0.465742 0.030761 0.033846
0 0.106958 0.663853 0.086874 0.078569
0 0.040000 0.653337 0.067905 0.067021
0 0.842917 0.472268 0.037142 0.028974
0 0.299592 0.443127 0.043773 0.032130
0 0.882951 0.468718 0.025724 0.031875
0 0.792221 0.476649 0.039838 0.030356
0 0.102817 0.565689 0.041579 0.057863
0 0.363624 0.424709 0.042690 0.025539
0 0.821715 0.487632 0.041399 0.028290
0 0.896698 0.559364 0.030047 0.038427
0 0.047148 0.477556 0.057997 0.039381
0 0.434228 0.415343 0.042382 0.022507
0 0.514938 0.411607 0.048578 0.025132
0 0.476230 0.404851 0.042996 0.019881
0 0.572867 0.410226 0.044241 0.023451
0 0.633465 0.408079 0.042377 0.024695
0 0.597302 0.398756 0.039236 0.017198
0 0.549350 0.397800 0.036053 0.021403
0 0.923248 0.508981 0.063515 0.035771
0 0.813864 0.519558 0.059001 0.034554
0 0.824136 0.541986 0.059502 0.031822
0 0.785978 0.503051 0.049675 0.032393
0 0.699409 0.555624 0.066851 0.039566
0 0.928808 0.532678 0.060521 0.043310
0 0.694919 0.409621 0.041854 0.019068
0 0.745653 0.414336 0.042639 0.019068
0 0.371011 0.408827 0.046805 0.019364
0 0.561303 0.557359 0.074903 0.041394
0 0.621500 0.530170 0.070773 0.041840
0 0.796361 0.566828 0.072000 0.044313
0 0.144988 0.457387 0.049949 0.027901
0 0.241122 0.425676 0.047716 0.027821
0 0.801209 0.414587 0.035031 0.018443
0 0.730277 0.399700 0.044704 0.023132
0 0.132724 0.508955 0.039215 0.042531
0 0.861700 0.411666 0.045227 0.027195
0 0.778450 0.397318 0.043422 0.017193
0 0.313988 0.423409 0.038691 0.020341
0 0.737249 0.510778 0.054107 0.038479
0 0.241305 0.449934 0.049509 0.033828
0 0.158318 0.571376 0.054305 0.069038
0 0.165812 0.517674 0.038587 0.049251
