0 0.434592 0.414743 0.025528 0.025907
0 0.396874 0.404875 0.034810 0.021811
0 0.435290 0.398262 0.029831 0.023646
0 0.479998 0.409955 0.029455 0.030863
0 0.409801 0.459455 0.042558 0.034061
0 0.052545 0.441236 0.048895 0.031690
0 0.369693 0.487999 0.058712 0.033311
0 0.139299 0.408373 0.049938 0.027838
0 0.304163 0.505373 0.059723 0.036316
0 0.480805 0.474410 0.053370 0.030618
0 0.627040 0.431329 0.045903 0.038756
0 0.378466 0.511042 0.062007 0.037389
0 0.229867 0.526095 0.069448 0.037101
0 0.472805 0.509414 0.071263 0.041346
0 0.177710 0.424769 0.042437 0.028416
0 0.225133 0.407736 0.042812 0.022834
0 0.358289 0.390689 0.040019 0.023832
0 0.221773 0.550590 0.071614 0.037658
0 0.294450 0.559264 0.073720 0.047954
0 0.280237 0.406101 0.038298 0.023257
0 0.329621 0.386206 0.043144 0.021565
0 0.149166 0.617086 0.088289 0.054801
0 0.111943 0.573285 0.078806 0.051148
