0 0.772940 0.430564 0.034272 0.025400
0 0.805718 0.408480 0.031387 0.023232
0 0.836518 0.405536 0.030480 0.025093
0 0.718370 0.503484 0.064095 0.038069
0 0.835648 0.461522 0.029030 0.027815
0 0.868637 0.444938 0.031626 0.031875
0 0.801274 0.463708 0.024371 0.027415
0 0.820457 0.486627 0.041399 0.028290
0 0.092934 0.486310 0.061750 0.032258
0 0.129239 0.647427 0.078494 0.077522
0 0.139177 0.465252 0.048161 0.024426
0 0.223744 0.449667 0.051716 0.031379
0 0.784206 0.497178 0.049675 0.032393
0 0.294333 0.441362 0.042711 0.029702
0 0.393919 0.423512 0.042639 0.023721
0 0.460694 0.418064 0.037976 0.020574
0 0.568673 0.408736 0.045227 0.027195
0 0.872228 0.473856 0.028670 0.031629
0 0.782380 0.498840 0.048521 0.033009
0 0.795533 0.522233 0.055719 0.034173
0 0.838152 0.509070 0.050778 0.037079
0 0.713812 0.532120 0.056070 0.035225
0 0.654989 0.412289 0.043849 0.021061
0 0.706984 0.411523 0.041729 0.026283
0 0.793260 0.542382 0.077093 0.038057
0 0.090636 0.615661 0.063190 0.059853
0 0.757073 0.411655 0.039224 0.020438
0 0.250926 0.690135 0.091180 0.071683
0 0.200018 0.778064 0.119092 0.085255
0 0.149480 0.854011 0.055138 0.054618
