0 0.792927 0.438382 0.028145 0.025400
0 0.834815 0.436979 0.030785 0.027122
0 0.863574 0.449173 0.023097 0.030964
0 0.856072 0.430279 0.027394 0.024722
0 0.275852 0.483863 0.030444 0.043617
0 0.634900 0.512387 0.064095 0.038069
0 0.263976 0.489150 0.044324 0.039782
0 0.260656 0.455437 0.026842 0.029425
0 0.229764 0.545044 0.051058 0.054645
0 0.122457 0.559852 0.049455 0.052550
0 0.842917 0.472268 0.037142 0.028974
0 0.304051 0.441271 0.043775 0.030693
0 0.882810 0.469070 0.025724 0.031875
0 0.792035 0.477160 0.039838 0.030356
0 0.120890 0.521446 0.041579 0.045436
0 0.379572 0.423867 0.042690 0.025539
0 0.820927 0.487441 0.041399 0.028290
0 0.896163 0.559578 0.030047 0.038427
0 0.161871 0.451605 0.052899 0.039381
0 0.444211 0.414657 0.042382 0.022507
0 0.526077 0.411237 0.048578 0.025132
0 0.496552 0.403273 0.039889 0.019881
0 0.584891 0.409592 0.044241 0.023451
0 0.936440 0.526899 0.060776 0.048323
0 0.888292 0.509202 0.053389 0.036476
0 0.641970 0.408080 0.042377 0.024695
0 0.617931 0.399838 0.039236 0.017198
0 0.567335 0.398651 0.036053 0.021403
0 0.801447 0.529135 0.064779 0.041366
0 0.704929 0.528798 0.066215 0.036590
0 0.722875 0.510979 0.053762 0.029455
0 0.705979 0.558102 0.067166 0.038942
0 0.779785 0.501518 0.059894 0.035459
0 0.578911 0.568752 0.070523 0.041592
0 0.843290 0.556280 0.069878 0.052458
0 0.706044 0.410737 0.041854 0.019068
0 0.768277 0.414144 0.042639 0.019068
0 0.675026 0.394899 0.036364 0.019381
0 0.392040 0.405625 0.046805 0.019364
0 0.065491 0.484566 0.050802 0.040162
0 0.412110 0.566848 0.074903 0.041394
0 0.435541 0.534695 0.070773 0.036991
0 0.717256 0.592161 0.080599 0.051315
0 0.245721 0.429119 0.049949 0.027901
0 0.337641 0.402933 0.044181 0.027821
0 0.830867 0.413968 0.035031 0.018443
0 0.786529 0.399588 0.044704 0.023132
0 0.155844 0.484936 0.049148 0.038761
0 0.446637 0.664649 0.080397 0.061052
0 0.189221 0.524773 0.046805 0.054869
0 0.185795 0.486748 0.047975 0.040681
