0 0.682678 0.520879 0.053952 0.039247
0 0.078719 0.622451 0.068971 0.075972
0 0.702056 0.547834 0.062396 0.041987
0 0.633422 0.390554 0.038816 0.023680
0 0.792599 0.428250 0.039291 0.029952
0 0.364415 0.509622 0.023894 0.040188
0 0.293431 0.478898 0.022671 0.030911
0 0.329149 0.415565 0.038235 0.031968
0 0.859451 0.543327 0.060797 0.041808
0 0.832404 0.487969 0.038439 0.041193
0 0.845380 0.453306 0.030236 0.034281
0 0.745108 0.505103 0.059366 0.035379
0 0.770280 0.457068 0.031253 0.034545
0 0.673795 0.393779 0.035139 0.019888
0 0.859331 0.434818 0.036069 0.030901
0 0.494188 0.410923 0.045846 0.026894
0 0.829398 0.407321 0.031942 0.028847
0 0.728834 0.409137 0.039865 0.027693
0 0.666690 0.412621 0.044059 0.023382
0 0.563455 0.405149 0.041615 0.027766
