0 0.773645 0.448031 0.031151 0.033190
0 0.802370 0.438343 0.024371 0.030227
0 0.206242 0.504400 0.043773 0.043329
0 0.277492 0.468663 0.036123 0.031551
0 0.339648 0.428228 0.051603 0.028864
0 0.834953 0.438200 0.033293 0.031991
0 0.856618 0.470923 0.028575 0.034173
0 0.834612 0.413902 0.024018 0.026148
0 0.815919 0.485348 0.034058 0.033471
0 0.415075 0.423621 0.043849 0.021061
0 0.480179 0.412763 0.041729 0.026283
0 0.866905 0.444324 0.034795 0.034215
0 0.543567 0.411431 0.039224 0.020438
0 0.767569 0.485277 0.039128 0.037620
0 0.146956 0.562117 0.066105 0.068830
0 0.882528 0.496151 0.039892 0.035148
0 0.913617 0.466671 0.051169 0.036951
0 0.777004 0.539657 0.027276 0.038204
0 0.675586 0.554314 0.061099 0.043841
0 0.060792 0.473250 0.054021 0.040612
0 0.162925 0.451355 0.050966 0.031968
0 0.343443 0.665495 0.100769 0.067554
0 0.225646 0.439092 0.045025 0.032982
0 0.728253 0.424535 0.035069 0.023962
0 0.270402 0.779016 0.114659 0.087974
0 0.413253 0.679878 0.090064 0.082828
0 0.265473 0.444159 0.047276 0.032423
