0 0.422589 0.403436 0.026262 0.019370
0 0.373191 0.399645 0.037019 0.021811
0 0.423523 0.391849 0.029831 0.020859
0 0.448904 0.382391 0.026066 0.021258
0 0.425839 0.425585 0.027638 0.025587
0 0.455643 0.418637 0.023485 0.025329
0 0.462655 0.439373 0.033511 0.027831
0 0.430032 0.461808 0.045960 0.032895
0 0.502682 0.406634 0.027912 0.031314
0 0.474287 0.402933 0.024121 0.023617
0 0.382696 0.483399 0.052845 0.034325
0 0.495295 0.436341 0.033962 0.029810
0 0.314684 0.510556 0.060461 0.033704
0 0.150699 0.426422 0.050409 0.033198
0 0.227603 0.416185 0.047465 0.027886
0 0.290523 0.406032 0.041656 0.023811
0 0.810867 0.359669 0.064971 0.045491
0 0.215672 0.532444 0.069771 0.037786
0 0.458949 0.473423 0.042908 0.021851
0 0.522477 0.456998 0.045219 0.031197
0 0.349119 0.396575 0.040443 0.021541
0 0.598514 0.441003 0.041548 0.032050
0 0.135502 0.547209 0.073476 0.045180
0 0.534128 0.436757 0.031284 0.026847
0 0.472171 0.491146 0.054306 0.039191
0 0.522692 0.401880 0.024254 0.025024
0 0.412179 0.522636 0.064824 0.038580
0 0.397178 0.386619 0.034637 0.018177
0 0.050229 0.574447 0.081478 0.053995
0 0.534455 0.492530 0.048098 0.033642
0 0.058347 0.440748 0.054238 0.035635
0 0.306877 0.566989 0.081063 0.045251
0 0.282754 0.540569 0.075914 0.044561
0 0.191972 0.606043 0.088024 0.049066
