0 0.806891 0.453413 0.021942 0.034031
0 0.832935 0.446218 0.029295 0.027382
0 0.749934 0.503158 0.057788 0.038579
0 0.668751 0.522323 0.073183 0.039540
0 0.459196 0.543258 0.073179 0.048614
0 0.518805 0.522782 0.067762 0.038243
0 0.784700 0.418395 0.039031 0.022023
0 0.820643 0.405150 0.040719 0.020383
0 0.366596 0.426340 0.046080 0.036947
0 0.865857 0.406917 0.036781 0.019254
0 0.309682 0.432604 0.046007 0.031778
0 0.288061 0.566836 0.079715 0.044077
0 0.856243 0.418719 0.037018 0.024757
0 0.919119 0.413697 0.039841 0.029299
0 0.553326 0.408704 0.046410 0.026258
0 0.128234 0.531360 0.068703 0.036761
0 0.154147 0.578323 0.065566 0.038261
0 0.077046 0.557661 0.072467 0.037511
0 0.060015 0.590111 0.035236 0.042781
0 0.509831 0.404399 0.045378 0.029229
0 0.701978 0.416774 0.044237 0.030197
0 0.270256 0.453950 0.047715 0.040495
0 0.652980 0.410386 0.044059 0.023382
0 0.439944 0.414444 0.045209 0.027766
