0 0.641955 0.522786 0.054105 0.046484
0 0.082972 0.625341 0.072056 0.072991
0 0.226782 0.486144 0.050728 0.051666
0 0.447067 0.644179 0.088473 0.065632
0 0.636656 0.391390 0.038816 0.023680
0 0.815664 0.442936 0.041465 0.029952
0 0.793358 0.556988 0.073252 0.051815
0 0.799620 0.518301 0.054935 0.044598
0 0.853240 0.487994 0.029951 0.036462
0 0.713807 0.513451 0.061686 0.039361
0 0.764400 0.484140 0.034794 0.036451
0 0.702334 0.402917 0.031281 0.024052
0 0.887490 0.462049 0.033578 0.035714
0 0.185445 0.543121 0.063057 0.064879
0 0.499835 0.410271 0.045846 0.026355
0 0.857264 0.428348 0.037047 0.032384
0 0.828138 0.400016 0.029658 0.027092
0 0.758057 0.405681 0.027616 0.025152
0 0.786134 0.418622 0.040639 0.027693
0 0.668236 0.412874 0.044059 0.023382
0 0.564821 0.405028 0.041615 0.027766
