0 0.423514 0.404511 0.026262 0.019370
0 0.376398 0.400379 0.036654 0.021811
0 0.428459 0.392577 0.029831 0.020859
0 0.461455 0.393039 0.029756 0.022470
0 0.426042 0.426416 0.027638 0.025587
0 0.456896 0.422479 0.023485 0.025329
0 0.460073 0.440820 0.033511 0.027831
0 0.427832 0.464038 0.045960 0.032895
0 0.509615 0.416535 0.027912 0.031314
0 0.480551 0.411094 0.024121 0.023617
0 0.370983 0.490368 0.059368 0.032829
0 0.493739 0.442309 0.033962 0.029810
0 0.296785 0.515962 0.060461 0.035873
0 0.175883 0.422908 0.047358 0.033423
0 0.251530 0.412695 0.048264 0.027693
0 0.318928 0.400192 0.041591 0.024076
0 0.736356 0.387689 0.082919 0.058125
0 0.209620 0.535335 0.070412 0.038703
0 0.664543 0.428097 0.034791 0.022444
0 0.398158 0.500526 0.049021 0.027805
0 0.458411 0.481098 0.044707 0.031815
0 0.382966 0.389719 0.036626 0.016148
0 0.547824 0.448564 0.022340 0.031601
0 0.497677 0.484754 0.052595 0.035928
0 0.132587 0.548952 0.073476 0.045180
0 0.659082 0.409627 0.034984 0.021157
0 0.516321 0.457718 0.042015 0.024956
0 0.398706 0.523494 0.064423 0.043900
0 0.527232 0.403982 0.023194 0.025024
0 0.302598 0.554859 0.074816 0.042198
0 0.434018 0.379860 0.034105 0.017561
0 0.527210 0.498098 0.024846 0.031069
0 0.044837 0.575841 0.081478 0.053995
0 0.380888 0.564360 0.064837 0.042499
0 0.062457 0.438137 0.049662 0.035635
0 0.153446 0.617373 0.096827 0.056188
