0 0.702110 0.516071 0.050643 0.036398
0 0.855178 0.449401 0.030130 0.032500
0 0.884969 0.512477 0.028923 0.033152
0 0.204579 0.446243 0.048403 0.032992
0 0.077258 0.629614 0.074303 0.083124
0 0.441774 0.529120 0.065534 0.041034
0 0.711015 0.552426 0.028613 0.040962
0 0.814468 0.559866 0.068932 0.051101
0 0.804981 0.418649 0.031796 0.031556
0 0.787651 0.461781 0.033267 0.034803
0 0.741847 0.427218 0.039355 0.031036
0 0.830898 0.411307 0.030734 0.024645
0 0.482458 0.412278 0.045846 0.028015
0 0.663478 0.412098 0.044059 0.023382
0 0.560617 0.405400 0.041615 0.027766
