0 0.306030 0.394977 0.042429 0.021811
0 0.409856 0.380277 0.024138 0.027451
0 0.412926 0.413267 0.028024 0.032120
0 0.444028 0.399631 0.031165 0.026112
0 0.096060 0.441982 0.047798 0.028020
0 0.382078 0.481598 0.056158 0.037870
0 0.207789 0.420540 0.049507 0.024876
0 0.286145 0.506983 0.070035 0.038429
0 0.474502 0.395039 0.033875 0.028893
0 0.260811 0.410966 0.040134 0.022893
0 0.200417 0.533055 0.081478 0.051018
0 0.429645 0.444973 0.029736 0.029408
0 0.768390 0.381428 0.028148 0.019423
0 0.488393 0.423598 0.034237 0.029244
0 0.571596 0.436785 0.042233 0.030697
0 0.457566 0.457893 0.041069 0.036908
0 0.328684 0.521400 0.071163 0.027944
0 0.386193 0.561311 0.164869 0.142423
0 0.192675 0.612749 0.080034 0.051766
0 0.090543 0.558065 0.073183 0.049262
0 0.166096 0.667165 0.083365 0.065840
0 0.156346 0.425004 0.048235 0.024107
