0 0.313393 0.394977 0.042429 0.021811
0 0.450349 0.382827 0.021259 0.022247
0 0.419990 0.389767 0.024410 0.027805
0 0.419310 0.421187 0.027659 0.032688
0 0.452983 0.404394 0.031165 0.026112
0 0.031148 0.460780 0.062296 0.028715
0 0.113631 0.436749 0.047725 0.027997
0 0.365130 0.489890 0.063525 0.039580
0 0.211978 0.419756 0.049507 0.024876
0 0.272943 0.510190 0.070551 0.039442
0 0.478705 0.396172 0.033875 0.028893
0 0.265567 0.409773 0.040134 0.022893
0 0.179231 0.538350 0.081478 0.051465
0 0.425180 0.453880 0.034354 0.030004
0 0.741197 0.392095 0.030536 0.020844
0 0.494028 0.429234 0.034237 0.029244
0 0.562709 0.440504 0.042233 0.030697
0 0.448801 0.469752 0.046690 0.036908
0 0.311936 0.538835 0.070116 0.041717
0 0.331231 0.585511 0.184257 0.147605
0 0.156829 0.640354 0.092865 0.067958
0 0.062793 0.566071 0.073183 0.049262
0 0.103632 0.711612 0.088768 0.073149
0 0.170543 0.421380 0.047627 0.022238
