0 0.342520 0.384210 0.037809 0.019370
0 0.358227 0.396769 0.038962 0.021811
0 0.406947 0.389139 0.026260 0.024010
0 0.437660 0.391676 0.023485 0.025329
0 0.468898 0.398291 0.021259 0.022247
0 0.442276 0.420733 0.024410 0.027805
0 0.420075 0.449425 0.035644 0.032688
0 0.475664 0.424361 0.024635 0.030557
0 0.073574 0.450809 0.053606 0.028715
0 0.159982 0.428200 0.047725 0.027997
0 0.287440 0.516835 0.068969 0.039580
0 0.232159 0.416617 0.049507 0.024876
0 0.185748 0.534957 0.073476 0.045180
0 0.477436 0.381927 0.029229 0.019900
0 0.497750 0.405096 0.031248 0.033310
0 0.298441 0.404983 0.040134 0.022893
0 0.093924 0.563265 0.081478 0.053995
0 0.376545 0.485826 0.052679 0.033380
0 0.684214 0.414195 0.037128 0.025241
0 0.596410 0.446593 0.040276 0.029048
0 0.495650 0.455392 0.041122 0.029244
0 0.454182 0.482114 0.056385 0.035465
0 0.367156 0.529915 0.068324 0.053736
0 0.189758 0.605060 0.089855 0.061226
0 0.109176 0.741453 0.183844 0.196043
