0 0.808080 0.456256 0.021942 0.034031
0 0.834322 0.448232 0.029295 0.027382
0 0.742531 0.505259 0.057788 0.038579
0 0.634871 0.522773 0.073183 0.039540
0 0.427573 0.544459 0.073179 0.048614
0 0.480281 0.522032 0.067762 0.038243
0 0.789719 0.418824 0.039031 0.022023
0 0.823551 0.405074 0.040282 0.020017
0 0.375330 0.424179 0.046080 0.036947
0 0.866894 0.406993 0.040324 0.017552
0 0.317513 0.430983 0.046007 0.031778
0 0.254557 0.566986 0.079715 0.044077
0 0.863375 0.419701 0.037018 0.024757
0 0.925819 0.413310 0.039841 0.030074
0 0.561492 0.408000 0.046410 0.026258
0 0.098419 0.534240 0.068703 0.036761
0 0.125712 0.579703 0.065566 0.038261
0 0.049155 0.560116 0.072467 0.037511
0 0.499161 0.580502 0.042295 0.038901
0 0.034918 0.591611 0.035236 0.042781
0 0.519249 0.403849 0.046222 0.027630
0 0.702287 0.416847 0.044237 0.030197
0 0.276580 0.450889 0.047715 0.040495
0 0.653129 0.410410 0.044059 0.023382
0 0.449564 0.413699 0.044353 0.027766
