0 0.806926 0.465832 0.026064 0.030677
0 0.787367 0.404081 0.039194 0.026948
0 0.842040 0.456813 0.026449 0.027382
0 0.707130 0.512061 0.060991 0.040722
0 0.512800 0.524995 0.073183 0.039540
0 0.320227 0.547886 0.073179 0.048614
0 0.337941 0.524494 0.067762 0.038243
0 0.813889 0.416636 0.039031 0.022023
0 0.831089 0.404136 0.040107 0.019871
0 0.404123 0.418416 0.046080 0.036947
0 0.878092 0.407372 0.041741 0.021333
0 0.348470 0.423716 0.044452 0.031778
0 0.156071 0.565638 0.079715 0.044077
0 0.889952 0.419391 0.037018 0.024757
0 0.949675 0.412452 0.039841 0.030384
0 0.589257 0.405607 0.046410 0.026258
0 0.375734 0.582054 0.039031 0.035650
0 0.550558 0.401930 0.048131 0.022637
0 0.703338 0.417093 0.044237 0.030197
0 0.300863 0.438208 0.051784 0.036734
0 0.653634 0.410493 0.044059 0.023382
0 0.481931 0.411046 0.041615 0.027766
