0 0.607231 0.544358 0.056084 0.047087
0 0.190273 0.519051 0.051638 0.049236
0 0.308061 0.430837 0.047935 0.039237
0 0.159213 0.806619 0.122323 0.101203
0 0.806809 0.407861 0.035010 0.026217
0 0.657629 0.394228 0.044205 0.023680
0 0.832768 0.452126 0.039490 0.029952
0 0.425018 0.695744 0.099600 0.074536
0 0.585228 0.574263 0.074516 0.056885
0 0.737598 0.545764 0.066405 0.046258
0 0.831742 0.515824 0.045779 0.044231
0 0.677895 0.525855 0.061686 0.040623
0 0.744616 0.505299 0.045583 0.040077
0 0.754197 0.430889 0.030852 0.030612
0 0.883880 0.490189 0.038184 0.035714
0 0.081525 0.623522 0.114010 0.109953
0 0.251708 0.464137 0.052543 0.047628
0 0.503361 0.410403 0.045846 0.028935
0 0.871950 0.440799 0.037047 0.032384
0 0.842754 0.414352 0.031063 0.028211
0 0.765294 0.414025 0.032069 0.028827
0 0.805977 0.430082 0.036145 0.027693
0 0.669943 0.413128 0.044059 0.023382
0 0.565898 0.404932 0.041615 0.027766
