0 0.429093 0.410775 0.026202 0.019904
0 0.391296 0.403927 0.034810 0.021811
0 0.432365 0.394116 0.029831 0.020859
0 0.476188 0.403190 0.025061 0.024105
0 0.426662 0.431532 0.028337 0.027869
0 0.456069 0.436431 0.028477 0.029728
0 0.424232 0.463559 0.045142 0.030526
0 0.367989 0.487017 0.063808 0.030098
0 0.040650 0.445127 0.058621 0.027561
0 0.117576 0.436666 0.051500 0.029005
0 0.511476 0.419421 0.027912 0.031314
0 0.482112 0.440208 0.027181 0.026659
0 0.193115 0.422360 0.042863 0.024774
0 0.241110 0.411656 0.040236 0.025526
0 0.781764 0.364155 0.029734 0.021836
0 0.283209 0.515990 0.067591 0.039976
0 0.299766 0.406402 0.035185 0.021010
0 0.467041 0.466530 0.047403 0.034096
0 0.356869 0.393774 0.037811 0.023691
0 0.675810 0.402848 0.035906 0.025084
0 0.659374 0.431400 0.039460 0.029973
0 0.435373 0.492571 0.060589 0.036797
0 0.161451 0.554178 0.070934 0.040530
0 0.588230 0.447861 0.037443 0.029195
0 0.419119 0.385036 0.039559 0.024735
0 0.364628 0.520372 0.069310 0.040911
0 0.510392 0.491413 0.060429 0.038832
0 0.395434 0.539256 0.074989 0.044122
0 0.181495 0.411342 0.047402 0.025883
0 0.241537 0.553804 0.071213 0.046164
0 0.272698 0.578104 0.069771 0.047416
0 0.042066 0.588429 0.076577 0.049910
0 0.126479 0.598248 0.081264 0.053278
0 0.169221 0.627409 0.074556 0.050246
0 0.463383 0.374150 0.036367 0.018377
0 0.045405 0.427934 0.051316 0.021006
0 0.152938 0.403807 0.038423 0.028883
