0 0.794207 0.439124 0.027992 0.025400
0 0.836003 0.439329 0.030785 0.027122
0 0.863574 0.449173 0.023097 0.030964
0 0.856415 0.430761 0.027394 0.024722
0 0.278330 0.476791 0.030997 0.040323
0 0.540622 0.513941 0.064095 0.044287
0 0.255940 0.483867 0.040275 0.038726
0 0.262792 0.454671 0.026842 0.029425
0 0.245495 0.525600 0.044909 0.048927
0 0.149009 0.462997 0.050328 0.037572
0 0.160168 0.511315 0.041082 0.042255
0 0.842917 0.472268 0.037142 0.028974
0 0.301467 0.437797 0.043779 0.027122
0 0.882460 0.469946 0.025724 0.031875
0 0.791573 0.478431 0.039838 0.030356
0 0.352641 0.429808 0.051713 0.024757
0 0.138623 0.497324 0.042083 0.037612
0 0.413059 0.420005 0.041550 0.025080
0 0.818969 0.486966 0.041399 0.028290
0 0.800295 0.559943 0.030047 0.038427
0 0.377083 0.402609 0.043597 0.024501
0 0.500454 0.410684 0.042382 0.022507
0 0.615535 0.411533 0.048578 0.025132
0 0.222218 0.440692 0.052318 0.029034
0 0.540408 0.401392 0.038025 0.019881
0 0.928085 0.493626 0.080035 0.054324
0 0.898975 0.525851 0.067234 0.041138
0 0.831620 0.509885 0.053233 0.034114
0 0.760969 0.535618 0.061231 0.041398
0 0.685365 0.411858 0.045933 0.023451
0 0.646737 0.552181 0.068127 0.039762
0 0.734361 0.571815 0.073378 0.055244
0 0.535029 0.546942 0.067730 0.038258
0 0.748729 0.411683 0.042377 0.024695
0 0.765385 0.396340 0.039236 0.019884
0 0.709765 0.399266 0.036053 0.021403
0 0.465556 0.580922 0.080289 0.044406
0 0.359307 0.550318 0.075893 0.041052
0 0.627752 0.516731 0.064599 0.041856
0 0.327254 0.581955 0.072154 0.039387
0 0.696539 0.509368 0.060533 0.035650
0 0.061838 0.473634 0.052827 0.041589
0 0.750553 0.495031 0.044271 0.036191
0 0.127152 0.578782 0.069117 0.041592
0 0.651132 0.601414 0.075441 0.064279
0 0.826643 0.412904 0.041854 0.019068
0 0.899040 0.414532 0.042639 0.019068
0 0.863390 0.396861 0.036364 0.019381
0 0.477608 0.402761 0.046805 0.019364
0 0.498812 0.662650 0.089928 0.055781
0 0.197924 0.515584 0.046391 0.053342
0 0.192075 0.480942 0.048524 0.038703
