0 0.365301 0.391483 0.037116 0.027073
0 0.425431 0.405252 0.024057 0.031306
0 0.413945 0.447216 0.033272 0.031495
0 0.370292 0.487431 0.066639 0.039034
0 0.407919 0.388366 0.038660 0.026770
0 0.427412 0.427608 0.024640 0.031422
0 0.420320 0.364962 0.084312 0.037926
0 0.423942 0.469231 0.039015 0.036602
0 0.300725 0.507069 0.068603 0.034570
0 0.466427 0.419845 0.024916 0.028089
0 0.452214 0.400881 0.026066 0.028897
0 0.284770 0.536344 0.065263 0.038059
0 0.250996 0.571261 0.072664 0.049504
0 0.475735 0.451975 0.031575 0.026229
0 0.505627 0.394774 0.034380 0.028860
0 0.103734 0.441416 0.040705 0.025790
0 0.455888 0.479840 0.059879 0.052021
0 0.138057 0.608485 0.093220 0.053476
0 0.630372 0.437566 0.040142 0.028179
0 0.404818 0.517856 0.056504 0.036794
0 0.352173 0.521391 0.047840 0.032648
0 0.509168 0.496689 0.042087 0.034568
0 0.123552 0.673587 0.094097 0.068484
0 0.188537 0.411705 0.035075 0.025268
0 0.035513 0.572877 0.064035 0.040512
0 0.283957 0.391075 0.035801 0.027908
0 0.327851 0.565561 0.075672 0.052438
0 0.179174 0.697892 0.087664 0.101003
0 0.077703 0.774346 0.095815 0.097228
