0 0.371006 0.391897 0.039085 0.027073
0 0.424710 0.407410 0.024057 0.031306
0 0.410855 0.449434 0.038958 0.031495
0 0.387341 0.377034 0.037615 0.022131
0 0.360030 0.490683 0.066639 0.039034
0 0.413709 0.390289 0.038660 0.026770
0 0.428048 0.430668 0.025529 0.033633
0 0.438020 0.368904 0.082863 0.037926
0 0.418571 0.475271 0.046190 0.036602
0 0.287272 0.506744 0.068603 0.034570
0 0.498373 0.415211 0.027835 0.035217
0 0.489854 0.389902 0.023960 0.026368
0 0.730487 0.393801 0.034753 0.023110
0 0.466337 0.428223 0.029439 0.030025
0 0.064118 0.448970 0.043563 0.034485
0 0.453252 0.406164 0.029597 0.030479
0 0.279390 0.538970 0.065263 0.038059
0 0.639024 0.431182 0.044113 0.028001
0 0.151516 0.430226 0.042969 0.028980
0 0.242214 0.576895 0.072664 0.049504
0 0.456337 0.479705 0.046675 0.036713
0 0.529689 0.417438 0.031984 0.032504
0 0.218684 0.416711 0.040705 0.025790
0 0.401502 0.516104 0.066934 0.056018
0 0.099880 0.610029 0.093220 0.053476
0 0.415084 0.550427 0.058948 0.043436
0 0.300561 0.575510 0.069539 0.052828
0 0.344832 0.526199 0.043762 0.040637
0 0.148839 0.664458 0.091692 0.074735
0 0.089117 0.749416 0.095406 0.081320
