0 0.431166 0.419413 0.026810 0.029947
0 0.285643 0.375473 0.110754 0.044187
0 0.394558 0.398139 0.040337 0.029475
0 0.370057 0.485882 0.060060 0.030449
0 0.385977 0.502178 0.052077 0.038059
0 0.313053 0.535481 0.072664 0.042997
0 0.676651 0.418541 0.044886 0.026888
0 0.420081 0.465141 0.031786 0.030529
0 0.359882 0.543524 0.059714 0.044792
0 0.299034 0.513116 0.052735 0.032987
0 0.127514 0.430475 0.046031 0.027908
0 0.459561 0.476984 0.041109 0.034445
0 0.414591 0.513618 0.046947 0.036688
0 0.217911 0.571996 0.079990 0.049997
0 0.292591 0.577010 0.068080 0.048609
0 0.186186 0.417668 0.046601 0.028133
0 0.215286 0.538141 0.074556 0.041972
0 0.237170 0.408408 0.043905 0.025507
0 0.028709 0.437797 0.052334 0.035472
0 0.629129 0.424620 0.036638 0.031004
0 0.527717 0.479015 0.043411 0.036907
0 0.440102 0.531259 0.057192 0.044541
0 0.101056 0.586920 0.035670 0.047264
0 0.306833 0.616615 0.067166 0.060768
0 0.111241 0.758308 0.093957 0.080358
