0 0.794839 0.439491 0.027916 0.025400
0 0.836590 0.440490 0.030785 0.027122
0 0.863747 0.449477 0.023525 0.031282
0 0.856584 0.430999 0.027394 0.024722
0 0.279555 0.473296 0.031270 0.038694
0 0.450571 0.518973 0.064095 0.048883
0 0.255002 0.482783 0.038125 0.038166
0 0.263848 0.454292 0.026842 0.029425
0 0.248541 0.521731 0.044344 0.048254
0 0.246827 0.441823 0.043077 0.029909
0 0.161013 0.510557 0.041082 0.042255
0 0.842917 0.472268 0.037142 0.028974
0 0.321669 0.436259 0.043780 0.026589
0 0.882287 0.470379 0.025724 0.031875
0 0.791273 0.478589 0.039838 0.030356
0 0.380461 0.424717 0.049359 0.024757
0 0.140269 0.495192 0.042083 0.037612
0 0.457811 0.415739 0.039432 0.024226
0 0.816900 0.488649 0.045281 0.028290
0 0.973180 0.493873 0.048296 0.036299
0 0.747581 0.572652 0.030047 0.038427
0 0.509730 0.409483 0.040780 0.024851
0 0.483385 0.394143 0.042949 0.020579
0 0.948596 0.550273 0.072864 0.041052
0 0.924339 0.517979 0.057435 0.036530
0 0.580127 0.410572 0.042382 0.022507
0 0.685477 0.411777 0.048578 0.025132
0 0.307453 0.421278 0.047844 0.020761
0 0.612325 0.401407 0.036209 0.019881
0 0.742319 0.518225 0.092136 0.060014
0 0.707402 0.551732 0.081261 0.046525
0 0.094606 0.471028 0.060792 0.033375
0 0.617761 0.536552 0.061801 0.038835
0 0.545231 0.555988 0.066193 0.047639
0 0.757490 0.412904 0.047519 0.023451
0 0.434616 0.575955 0.072518 0.039762
0 0.686232 0.588093 0.073378 0.055244
0 0.315400 0.555657 0.069379 0.038258
0 0.817213 0.412395 0.042377 0.024695
0 0.849541 0.399940 0.039236 0.022402
0 0.769287 0.396251 0.043375 0.021088
0 0.231960 0.587657 0.080289 0.040071
0 0.119083 0.555540 0.075893 0.041052
0 0.568151 0.519896 0.064599 0.034307
0 0.073784 0.580631 0.072154 0.039387
0 0.649212 0.507184 0.057823 0.035650
0 0.343625 0.719755 0.106817 0.080498
0 0.615506 0.389100 0.039463 0.018223
0 0.199757 0.513609 0.046171 0.052531
0 0.193477 0.480012 0.048368 0.038079
