0 0.392687 0.398295 0.030577 0.028141
0 0.422793 0.384294 0.027185 0.024004
0 0.055068 0.452051 0.049111 0.028434
0 0.415255 0.461321 0.042786 0.034166
0 0.181327 0.425877 0.049507 0.024876
0 0.316227 0.502255 0.064440 0.039191
0 0.460513 0.387105 0.033875 0.028893
0 0.249396 0.413827 0.040134 0.022893
0 0.240770 0.522340 0.074626 0.047755
0 0.432868 0.424097 0.025832 0.029408
0 0.470314 0.412046 0.034237 0.029244
0 0.581351 0.432710 0.042233 0.030697
0 0.468423 0.436108 0.027805 0.032141
0 0.364734 0.506349 0.059483 0.033885
0 0.464959 0.496341 0.111391 0.107831
0 0.260063 0.576213 0.074014 0.045542
0 0.149418 0.553120 0.073183 0.049262
0 0.370190 0.530069 0.057127 0.039491
0 0.098001 0.678912 0.087871 0.068270
0 0.122315 0.432732 0.049006 0.026474
0 0.078435 0.760431 0.101674 0.086650
