0 0.797559 0.441069 0.027589 0.025400
0 0.837455 0.444589 0.030785 0.027122
0 0.865082 0.451820 0.026822 0.033731
0 0.857313 0.432024 0.027394 0.024722
0 0.287455 0.457308 0.032256 0.032825
0 0.324922 0.500495 0.051132 0.048883
0 0.250964 0.478119 0.028875 0.035755
0 0.354503 0.428357 0.037018 0.024757
0 0.433446 0.416650 0.043300 0.027500
0 0.261645 0.505087 0.041912 0.045358
0 0.803534 0.465398 0.029475 0.030056
0 0.506483 0.410547 0.037277 0.025778
0 0.164650 0.507296 0.041082 0.042255
0 0.829384 0.484306 0.053314 0.030979
0 0.917255 0.519552 0.057331 0.036555
0 0.902702 0.494118 0.057354 0.032213
0 0.395820 0.401559 0.039528 0.019619
0 0.288268 0.417947 0.034421 0.021386
0 0.581841 0.411132 0.040957 0.021360
0 0.835487 0.531037 0.063184 0.044941
0 0.750255 0.518459 0.072486 0.041412
0 0.473358 0.395706 0.036996 0.019881
0 0.683322 0.556414 0.069505 0.045913
0 0.582774 0.540838 0.066265 0.037668
0 0.549511 0.519100 0.062801 0.036191
0 0.664290 0.414320 0.046743 0.024757
0 0.301358 0.428361 0.043152 0.025883
0 0.567053 0.569309 0.077947 0.043138
0 0.234281 0.445921 0.050982 0.031764
0 0.543892 0.403132 0.039868 0.020839
0 0.738524 0.408457 0.045532 0.027352
0 0.801515 0.413792 0.039432 0.024226
0 0.442876 0.566324 0.079709 0.049003
0 0.423073 0.530191 0.071556 0.039669
0 0.274600 0.592176 0.071920 0.041262
0 0.263288 0.552778 0.071526 0.042763
0 0.170908 0.540901 0.066677 0.036299
0 0.188390 0.585806 0.035778 0.043429
0 0.173557 0.447783 0.047511 0.029451
0 0.672439 0.608729 0.031622 0.043753
0 0.867937 0.413431 0.043135 0.019537
0 0.841011 0.398427 0.049235 0.020579
0 0.642239 0.399937 0.041392 0.021621
0 0.052520 0.559275 0.073210 0.043887
0 0.384232 0.416407 0.045929 0.026633
0 0.207640 0.505111 0.045225 0.049042
0 0.199507 0.476010 0.047695 0.035398
