0 0.585012 0.554110 0.057022 0.047372
0 0.242944 0.468142 0.052261 0.038256
0 0.370497 0.415025 0.041884 0.035113
0 0.184652 0.811371 0.121360 0.094012
0 0.459922 0.564420 0.073971 0.063536
0 0.706242 0.557232 0.074885 0.054714
0 0.780986 0.536455 0.059926 0.045520
0 0.648112 0.532454 0.061686 0.048401
0 0.719991 0.516044 0.055456 0.042829
0 0.779902 0.461041 0.032985 0.033151
0 0.846506 0.514885 0.055229 0.046296
0 0.190506 0.536078 0.070426 0.079200
0 0.935001 0.496409 0.056977 0.039983
0 0.318043 0.433886 0.053766 0.035471
0 0.505991 0.410528 0.045846 0.031002
0 0.881581 0.448526 0.037047 0.037450
0 0.854713 0.425170 0.035276 0.031566
0 0.773212 0.422048 0.033793 0.031354
0 0.812390 0.433830 0.039921 0.031459
0 0.673890 0.413625 0.044059 0.023382
0 0.566713 0.404860 0.041615 0.027766
