0 0.790310 0.436864 0.028459 0.025400
0 0.832386 0.432171 0.030785 0.027122
0 0.861286 0.444653 0.023097 0.030964
0 0.855371 0.429292 0.027394 0.024722
0 0.675555 0.509087 0.064095 0.038069
0 0.703218 0.560949 0.076693 0.050149
0 0.075576 0.706046 0.083694 0.074073
0 0.843405 0.462608 0.037142 0.028974
0 0.237144 0.487660 0.036995 0.037605
0 0.883527 0.467279 0.025724 0.031875
0 0.794536 0.473497 0.039838 0.030356
0 0.278855 0.469493 0.032606 0.037435
0 0.826865 0.484895 0.041399 0.028290
0 0.227684 0.449881 0.044462 0.028872
0 0.370127 0.425034 0.048578 0.025132
0 0.293869 0.430322 0.053948 0.028778
0 0.427702 0.415545 0.044604 0.023451
0 0.486943 0.411603 0.042377 0.024695
0 0.795731 0.498958 0.049675 0.032393
0 0.592818 0.409460 0.041854 0.019068
0 0.664732 0.412836 0.042639 0.019068
0 0.058351 0.484624 0.065048 0.031881
0 0.887631 0.510592 0.056353 0.036460
0 0.728702 0.414516 0.035031 0.018443
0 0.803484 0.412780 0.045227 0.027195
0 0.203537 0.481419 0.038695 0.035876
0 0.814615 0.527512 0.050348 0.038706
0 0.742970 0.509944 0.054107 0.038479
0 0.165650 0.524086 0.045643 0.048142
0 0.402625 0.538602 0.066609 0.039457
0 0.508811 0.547327 0.076622 0.037704
0 0.121736 0.464323 0.055062 0.030846
0 0.230110 0.435753 0.044980 0.024536
