0 0.416120 0.415160 0.021655 0.031495
0 0.421965 0.457903 0.043485 0.035139
0 0.422858 0.395500 0.021515 0.022092
0 0.320605 0.372400 0.110754 0.044187
0 0.440347 0.431436 0.025624 0.029702
0 0.343974 0.496185 0.060060 0.033838
0 0.330625 0.522152 0.065263 0.038059
0 0.274833 0.558345 0.072664 0.049504
0 0.490751 0.394402 0.031840 0.042297
0 0.539296 0.481965 0.054587 0.036340
0 0.479922 0.423632 0.024114 0.030800
0 0.404060 0.487870 0.044869 0.032362
0 0.293769 0.580965 0.073953 0.048523
0 0.252116 0.526021 0.052735 0.032987
0 0.127514 0.430475 0.046031 0.027908
0 0.458770 0.476984 0.042690 0.034445
0 0.414591 0.513618 0.046947 0.036688
0 0.178413 0.590307 0.084451 0.056490
0 0.168492 0.647566 0.082962 0.062787
0 0.186186 0.417668 0.046601 0.028133
0 0.160761 0.560520 0.074556 0.043113
0 0.237170 0.408408 0.043905 0.025507
0 0.746294 0.381148 0.038597 0.033181
0 0.039804 0.433142 0.054140 0.033810
0 0.659530 0.416777 0.036112 0.027422
0 0.420574 0.549324 0.066706 0.046963
0 0.101286 0.752883 0.106160 0.090924
