0 0.791031 0.437282 0.028373 0.025400
0 0.833055 0.433495 0.030785 0.027122
0 0.862670 0.447387 0.023097 0.030964
0 0.855564 0.429564 0.027394 0.024722
0 0.131041 0.670434 0.077707 0.072153
0 0.670756 0.509815 0.064095 0.038069
0 0.561488 0.568643 0.076693 0.050149
0 0.176031 0.609759 0.048718 0.061531
0 0.843348 0.470102 0.037142 0.028974
0 0.250764 0.475174 0.043433 0.033573
0 0.883330 0.467772 0.025724 0.031875
0 0.793026 0.475067 0.039838 0.030356
0 0.294149 0.448165 0.043102 0.032216
0 0.824776 0.486423 0.041399 0.028290
0 0.332977 0.426706 0.044462 0.028872
0 0.444428 0.416348 0.048578 0.025132
0 0.368437 0.413345 0.042996 0.019881
0 0.503777 0.409995 0.044247 0.023451
0 0.567245 0.409162 0.042377 0.024695
0 0.542311 0.399547 0.039236 0.017198
0 0.792339 0.500489 0.049675 0.032393
0 0.655792 0.410799 0.041854 0.019068
0 0.722098 0.412917 0.042639 0.019068
0 0.204364 0.451250 0.055249 0.030197
0 0.811534 0.526506 0.064595 0.037818
0 0.916693 0.499809 0.057739 0.034257
0 0.920113 0.528244 0.053710 0.035017
0 0.762125 0.414892 0.035031 0.018443
0 0.029570 0.659739 0.059139 0.068697
0 0.832417 0.413051 0.045227 0.027195
0 0.208202 0.473693 0.038691 0.032009
0 0.746743 0.552652 0.062870 0.045526
0 0.741010 0.510230 0.054107 0.038479
0 0.181361 0.498008 0.040802 0.043629
0 0.112391 0.464792 0.055577 0.035520
0 0.081428 0.547959 0.066609 0.039457
0 0.156320 0.567425 0.076622 0.037704
0 0.259033 0.435321 0.043836 0.022280
0 0.290214 0.418756 0.041501 0.024309
0 0.037887 0.704594 0.075774 0.081297
