0 0.355232 0.386501 0.037116 0.027073
0 0.426050 0.403402 0.024057 0.031306
0 0.415888 0.444922 0.029300 0.031495
0 0.378563 0.484523 0.066639 0.039034
0 0.401915 0.386906 0.038660 0.026770
0 0.427450 0.426588 0.023337 0.028178
0 0.418106 0.364339 0.086919 0.037926
0 0.428063 0.464913 0.039015 0.036602
0 0.310827 0.506511 0.067493 0.034570
0 0.470269 0.411930 0.023329 0.027410
0 0.452589 0.397489 0.020887 0.026217
0 0.289382 0.534094 0.065263 0.038059
0 0.254492 0.570297 0.072664 0.049504
0 0.489997 0.425720 0.027210 0.023420
0 0.477266 0.456787 0.049000 0.047570
0 0.163383 0.608162 0.093220 0.053476
0 0.721333 0.397711 0.034685 0.026094
0 0.435688 0.497415 0.051083 0.037849
0 0.354887 0.519862 0.049550 0.029240
0 0.665841 0.421240 0.036359 0.027853
0 0.142920 0.661320 0.092011 0.062118
0 0.085507 0.435214 0.035075 0.025268
0 0.197689 0.541008 0.064035 0.040512
0 0.172440 0.419522 0.039738 0.027908
0 0.369032 0.539661 0.067772 0.044559
0 0.315862 0.584652 0.060494 0.047431
0 0.058043 0.670906 0.097622 0.058357
0 0.042201 0.728703 0.084403 0.079403
0 0.276852 0.394434 0.037149 0.028133
0 0.161773 0.719323 0.095206 0.075717
0 0.055670 0.806901 0.104387 0.105080
