0 0.647711 0.520980 0.054105 0.045632
0 0.063591 0.643528 0.076628 0.076599
0 0.215405 0.496443 0.051356 0.053917
0 0.479857 0.628370 0.082213 0.062441
0 0.636283 0.391294 0.038816 0.023680
0 0.813331 0.441762 0.041465 0.029952
0 0.656280 0.603485 0.074797 0.060501
0 0.823954 0.550240 0.070112 0.049886
0 0.804374 0.514650 0.053066 0.043994
0 0.853580 0.485355 0.029951 0.036462
0 0.718645 0.511219 0.061686 0.039361
0 0.765546 0.480763 0.034794 0.036451
0 0.695917 0.400748 0.032567 0.022664
0 0.884603 0.459064 0.034112 0.035714
0 0.174004 0.556725 0.066324 0.067432
0 0.499183 0.410346 0.045846 0.026417
0 0.854001 0.425831 0.037047 0.032384
0 0.758057 0.405681 0.027616 0.025152
0 0.783163 0.416592 0.040639 0.027693
0 0.668058 0.412845 0.044059 0.023382
0 0.564663 0.405042 0.041615 0.027766
