0 0.751656 0.417007 0.034272 0.025400
0 0.771021 0.462669 0.033450 0.037093
0 0.803974 0.452403 0.024371 0.027415
0 0.803626 0.415857 0.029349 0.027216
0 0.825838 0.438828 0.024304 0.029964
0 0.101588 0.623621 0.064745 0.066054
0 0.262394 0.458455 0.047337 0.034504
0 0.326455 0.435756 0.039225 0.026226
0 0.394081 0.420039 0.051603 0.028864
0 0.829843 0.404644 0.027889 0.026424
0 0.829774 0.466892 0.033293 0.031991
0 0.854578 0.492773 0.039526 0.034173
0 0.863276 0.442510 0.027843 0.030713
0 0.797113 0.500105 0.045852 0.035210
0 0.471874 0.418374 0.043849 0.021061
0 0.540143 0.410698 0.041729 0.026283
0 0.892414 0.473806 0.034795 0.034215
0 0.611635 0.411345 0.039224 0.020438
0 0.708765 0.514752 0.055345 0.033941
0 0.108021 0.472710 0.057128 0.040457
0 0.212810 0.486553 0.041808 0.052792
0 0.814326 0.533582 0.059051 0.035148
0 0.950997 0.495318 0.053192 0.036951
0 0.645242 0.588474 0.029322 0.035182
0 0.195978 0.440878 0.051819 0.030454
0 0.261426 0.428879 0.050966 0.031968
0 0.075081 0.777966 0.126079 0.095799
