0 0.615712 0.538531 0.054834 0.046706
0 0.168152 0.543310 0.053465 0.054499
0 0.283074 0.441920 0.048245 0.041873
0 0.254011 0.750343 0.109595 0.091383
0 0.806809 0.407861 0.035010 0.026217
0 0.651012 0.393288 0.043095 0.023680
0 0.828348 0.449166 0.039490 0.029952
0 0.491790 0.664444 0.084978 0.067187
0 0.641876 0.575133 0.074516 0.056885
0 0.755399 0.538914 0.066405 0.046258
0 0.843228 0.505267 0.039347 0.040634
0 0.689350 0.523118 0.061686 0.039361
0 0.752278 0.499659 0.043127 0.038509
0 0.736492 0.421285 0.030852 0.030612
0 0.889140 0.480889 0.033400 0.035714
0 0.058082 0.640919 0.116164 0.112998
0 0.235458 0.482059 0.051811 0.051571
0 0.502343 0.410354 0.045846 0.028134
0 0.869329 0.439020 0.037047 0.032384
0 0.837255 0.411239 0.029658 0.027092
0 0.762732 0.412234 0.030690 0.028827
0 0.800324 0.427545 0.038983 0.027693
0 0.669098 0.413014 0.044059 0.023382
0 0.565583 0.404960 0.041615 0.027766
