0 0.425550 0.406875 0.026262 0.019370
0 0.383453 0.401994 0.035853 0.021811
0 0.430579 0.394743 0.029831 0.020859
0 0.472876 0.400343 0.025061 0.024105
0 0.426488 0.428245 0.027638 0.025587
0 0.456705 0.424606 0.025760 0.025154
0 0.448260 0.449680 0.033511 0.027831
0 0.418128 0.468257 0.052780 0.033776
0 0.510408 0.417795 0.027912 0.031314
0 0.482452 0.425072 0.024121 0.023617
0 0.359672 0.485818 0.059961 0.032693
0 0.076658 0.449955 0.040433 0.026615
0 0.481933 0.454088 0.036134 0.029282
0 0.139209 0.430851 0.045503 0.025630
0 0.289532 0.513134 0.060461 0.035873
0 0.280328 0.406552 0.044283 0.030657
0 0.678437 0.402808 0.034857 0.021481
0 0.730323 0.396739 0.038479 0.020534
0 0.787403 0.376020 0.024391 0.018894
0 0.673373 0.421463 0.034567 0.028351
0 0.592904 0.433275 0.046304 0.029621
0 0.069458 0.435016 0.040969 0.021624
0 0.353055 0.395003 0.046458 0.021162
0 0.512563 0.460752 0.036144 0.028204
0 0.429283 0.382779 0.036103 0.023757
0 0.449395 0.519478 0.176622 0.105939
0 0.175193 0.407941 0.024964 0.021881
0 0.176350 0.540381 0.066023 0.047318
0 0.105715 0.423980 0.039998 0.024382
0 0.275214 0.579727 0.080861 0.049324
0 0.119059 0.582345 0.065254 0.045638
0 0.254370 0.543517 0.062153 0.048164
0 0.500869 0.374402 0.036626 0.020883
