0 0.423403 0.404382 0.026262 0.019370
0 0.376013 0.400291 0.036698 0.021811
0 0.427217 0.392263 0.029831 0.020859
0 0.460568 0.392201 0.029756 0.022470
0 0.426018 0.426317 0.027638 0.025587
0 0.456746 0.422018 0.023485 0.025329
0 0.460383 0.440646 0.033511 0.027831
0 0.428096 0.463770 0.045960 0.032895
0 0.508975 0.415400 0.027912 0.031314
0 0.479994 0.410379 0.024121 0.023617
0 0.373688 0.488898 0.057589 0.033237
0 0.493863 0.441619 0.033962 0.029810
0 0.297180 0.516117 0.060461 0.035873
0 0.172375 0.423537 0.047612 0.033198
0 0.247490 0.413269 0.048264 0.027693
0 0.314024 0.401395 0.041656 0.023811
0 0.747156 0.382547 0.076397 0.054337
0 0.209841 0.535070 0.070412 0.037996
0 0.675441 0.421874 0.034356 0.021879
0 0.405799 0.497268 0.047354 0.026181
0 0.465692 0.478249 0.045200 0.031815
0 0.378661 0.390685 0.037239 0.016821
0 0.551667 0.440738 0.022340 0.030788
0 0.511954 0.478720 0.050592 0.034804
0 0.132937 0.548743 0.073476 0.045180
0 0.675245 0.403370 0.032319 0.018315
0 0.519362 0.454624 0.042015 0.024956
0 0.410697 0.518566 0.062756 0.043361
0 0.526633 0.403686 0.023194 0.025024
0 0.318974 0.549120 0.074816 0.042198
0 0.427936 0.381114 0.033901 0.017522
0 0.527210 0.498098 0.024846 0.031069
0 0.045484 0.575674 0.081478 0.053995
0 0.401875 0.554345 0.064837 0.042499
0 0.061366 0.439487 0.051994 0.035635
0 0.179283 0.607998 0.088626 0.049232
0 0.063717 0.594389 0.087578 0.046889
