0 0.431281 0.412354 0.025934 0.022293
0 0.392339 0.404136 0.034810 0.021811
0 0.432447 0.395601 0.029831 0.021744
0 0.477840 0.405644 0.025061 0.025621
0 0.416772 0.452477 0.032842 0.029129
0 0.399345 0.476836 0.050755 0.033311
0 0.339683 0.495682 0.054405 0.032421
0 0.271327 0.517868 0.069448 0.034665
0 0.780949 0.377556 0.029381 0.021156
0 0.786502 0.361170 0.032416 0.018244
0 0.020110 0.461274 0.040219 0.032429
0 0.151668 0.428056 0.054859 0.027561
0 0.696571 0.392458 0.029507 0.023540
0 0.239402 0.408758 0.046882 0.028245
0 0.679452 0.417307 0.037266 0.027966
0 0.510349 0.429476 0.028986 0.035063
0 0.446156 0.484311 0.049091 0.036225
0 0.568874 0.446918 0.039432 0.031913
0 0.367566 0.518723 0.061757 0.037103
0 0.306184 0.401060 0.040668 0.021753
0 0.365061 0.392459 0.038900 0.021143
0 0.495926 0.495033 0.053478 0.042684
0 0.299513 0.561759 0.071672 0.045310
0 0.157855 0.544960 0.075776 0.039983
0 0.417382 0.387932 0.030802 0.019874
0 0.068391 0.437651 0.044947 0.027908
0 0.193269 0.594050 0.085609 0.052415
0 0.191214 0.563964 0.072076 0.045482
0 0.472144 0.375375 0.034508 0.018018
0 0.026340 0.437492 0.047722 0.025147
0 0.164415 0.601250 0.088794 0.055346
0 0.169161 0.407772 0.047716 0.022507
