0 0.425217 0.406488 0.026262 0.019370
0 0.382298 0.401730 0.035984 0.021811
0 0.430282 0.394832 0.029831 0.020859
0 0.472576 0.400086 0.025061 0.024105
0 0.426415 0.427946 0.027638 0.025587
0 0.456746 0.424277 0.025381 0.025183
0 0.448479 0.449465 0.033511 0.027831
0 0.418809 0.467925 0.052780 0.033776
0 0.510311 0.417648 0.027912 0.031314
0 0.482553 0.422187 0.024121 0.023617
0 0.360871 0.485910 0.059961 0.032693
0 0.044421 0.456211 0.040433 0.026615
0 0.482286 0.453465 0.035265 0.029493
0 0.115748 0.435667 0.045503 0.025630
0 0.290719 0.513597 0.060461 0.035873
0 0.258387 0.411910 0.044283 0.030657
0 0.721812 0.392420 0.027601 0.019867
0 0.761816 0.385610 0.030634 0.020534
0 0.706849 0.410147 0.032632 0.026727
0 0.634536 0.416647 0.036743 0.025712
0 0.063703 0.436212 0.040969 0.021624
0 0.331931 0.399050 0.046458 0.021162
0 0.405008 0.385569 0.036103 0.023757
0 0.531071 0.480696 0.163347 0.092648
0 0.192946 0.534916 0.066023 0.041577
0 0.366278 0.552766 0.071766 0.040646
0 0.169933 0.570667 0.065254 0.045638
0 0.287825 0.535087 0.062153 0.048164
0 0.474259 0.376837 0.036626 0.018524
0 0.327974 0.590314 0.031283 0.044113
0 0.107930 0.603900 0.080700 0.057097
0 0.085939 0.563379 0.079469 0.051765
0 0.401359 0.514629 0.053511 0.034634
0 0.396188 0.499818 0.049730 0.034660
0 0.071243 0.798664 0.048788 0.057883
