0 0.100324 0.611720 0.059679 0.064184
0 0.345973 0.529758 0.059680 0.064184
0 0.670052 0.568015 0.074885 0.054714
0 0.747003 0.544923 0.059926 0.050256
0 0.617502 0.546697 0.061686 0.048401
0 0.694214 0.528909 0.060538 0.040125
0 0.760792 0.493645 0.050677 0.040208
0 0.798428 0.528888 0.059926 0.046296
0 0.128396 0.458795 0.060139 0.046296
0 0.253507 0.469147 0.059748 0.062039
0 0.920032 0.528456 0.054466 0.039983
0 0.831158 0.507464 0.059926 0.039983
0 0.407525 0.419106 0.053766 0.031566
0 0.509215 0.410681 0.045846 0.033537
0 0.903831 0.469015 0.037047 0.039983
0 0.866274 0.434318 0.035276 0.031566
0 0.790273 0.441829 0.039103 0.032618
0 0.827523 0.443325 0.041446 0.032618
0 0.678727 0.414234 0.044059 0.023382
0 0.567711 0.404772 0.041615 0.027766
