0 0.429597 0.411139 0.026141 0.020454
0 0.390466 0.403822 0.034810 0.021811
0 0.431400 0.394308 0.029831 0.020859
0 0.476771 0.403691 0.025061 0.024105
0 0.425787 0.439469 0.028367 0.027967
0 0.448760 0.449619 0.032084 0.029933
0 0.405760 0.476498 0.049395 0.030526
0 0.330123 0.497777 0.063808 0.029638
0 0.057191 0.443331 0.058621 0.027561
0 0.137129 0.430763 0.050964 0.028245
0 0.511492 0.421323 0.027912 0.032130
0 0.797539 0.369768 0.026583 0.016751
0 0.484120 0.448216 0.027248 0.026724
0 0.209174 0.419168 0.042863 0.024774
0 0.260016 0.409347 0.039370 0.022685
0 0.770681 0.386431 0.026839 0.016788
0 0.710161 0.394290 0.032494 0.024281
0 0.240594 0.528314 0.073250 0.039976
0 0.310861 0.403940 0.035185 0.021010
0 0.656534 0.413698 0.038940 0.023342
0 0.456076 0.475216 0.048055 0.034978
0 0.364030 0.392476 0.037329 0.022895
0 0.577550 0.442595 0.042639 0.030826
0 0.598406 0.463558 0.044277 0.035588
0 0.395581 0.505986 0.062280 0.036797
0 0.134012 0.557756 0.070934 0.040530
0 0.481416 0.497282 0.050740 0.035274
0 0.447846 0.379619 0.039559 0.024735
0 0.333882 0.529477 0.069310 0.040911
0 0.041612 0.430235 0.046579 0.028890
0 0.376423 0.544443 0.067588 0.041112
0 0.216549 0.595305 0.079086 0.051413
0 0.275283 0.387710 0.037382 0.019529
0 0.184943 0.411181 0.047402 0.025883
0 0.152332 0.583954 0.072910 0.048459
0 0.068575 0.637258 0.084105 0.055692
