0 0.791560 0.437589 0.028309 0.025400
0 0.833546 0.434467 0.030785 0.027122
0 0.863574 0.449173 0.023097 0.030964
0 0.855706 0.429763 0.027394 0.024722
0 0.211571 0.596582 0.056103 0.060957
0 0.667231 0.510351 0.064095 0.038069
0 0.449569 0.562106 0.076693 0.050149
0 0.207786 0.540715 0.035464 0.042540
0 0.842917 0.472268 0.037142 0.028974
0 0.267744 0.457463 0.043772 0.033361
0 0.883185 0.468134 0.025724 0.031875
0 0.792529 0.475802 0.039838 0.030356
0 0.030605 0.658740 0.061210 0.064645
0 0.319774 0.435563 0.042690 0.025539
0 0.823241 0.487546 0.041399 0.028290
0 0.897584 0.559011 0.030047 0.038427
0 0.382436 0.421478 0.042382 0.022826
0 0.486746 0.411816 0.048578 0.025132
0 0.421703 0.408450 0.042996 0.019881
0 0.548396 0.409564 0.044241 0.023451
0 0.608801 0.408608 0.042377 0.024695
0 0.563780 0.397733 0.039236 0.017198
0 0.503615 0.397557 0.036053 0.021403
0 0.789847 0.501614 0.049675 0.032393
0 0.895946 0.505594 0.050027 0.033587
0 0.678522 0.411043 0.041854 0.019068
0 0.737142 0.413235 0.042639 0.019068
0 0.281960 0.429391 0.046805 0.021695
0 0.724224 0.541986 0.067613 0.038827
0 0.819576 0.518313 0.060152 0.036129
0 0.894241 0.541552 0.065988 0.035017
0 0.066127 0.474363 0.061820 0.039812
0 0.776106 0.414892 0.035031 0.018443
0 0.082667 0.593163 0.042986 0.048942
0 0.839456 0.412221 0.045227 0.027195
0 0.218730 0.463556 0.038691 0.031930
0 0.677792 0.573136 0.063302 0.045761
0 0.739570 0.510440 0.054107 0.038479
0 0.184454 0.495582 0.040703 0.043537
0 0.232242 0.429497 0.049834 0.028190
0 0.120529 0.610053 0.050972 0.065201
