0 0.426531 0.408015 0.026262 0.019370
0 0.386852 0.402772 0.035466 0.021811
0 0.431454 0.394481 0.029831 0.020859
0 0.473758 0.401102 0.025061 0.024105
0 0.426703 0.429127 0.027638 0.025587
0 0.456587 0.425574 0.026876 0.025068
0 0.447615 0.450311 0.033511 0.027831
0 0.416122 0.469237 0.052780 0.033776
0 0.510692 0.418228 0.027912 0.031314
0 0.482156 0.433569 0.024121 0.023617
0 0.068444 0.447200 0.045487 0.027378
0 0.359935 0.490841 0.059961 0.032693
0 0.130822 0.435295 0.035185 0.021010
0 0.480894 0.455920 0.038692 0.028660
0 0.201285 0.419306 0.038985 0.025630
0 0.735158 0.379772 0.033269 0.021539
0 0.289030 0.516384 0.060461 0.035873
0 0.347814 0.394051 0.044283 0.030657
0 0.640424 0.412391 0.040459 0.029591
0 0.784208 0.370142 0.028810 0.021064
0 0.059559 0.436672 0.047402 0.020592
0 0.543551 0.452284 0.049417 0.025368
0 0.738233 0.395711 0.028895 0.021826
0 0.281074 0.536392 0.069773 0.036126
0 0.612716 0.442893 0.043217 0.031810
0 0.690360 0.414567 0.029223 0.023101
0 0.560791 0.470047 0.049002 0.036615
0 0.457881 0.484504 0.055220 0.036286
0 0.079980 0.411236 0.060443 0.037250
0 0.132585 0.420889 0.040969 0.021624
0 0.430687 0.380056 0.041211 0.020839
0 0.374863 0.527443 0.060757 0.039868
0 0.493753 0.372194 0.036103 0.023757
0 0.156395 0.598939 0.243282 0.120223
0 0.232285 0.389504 0.041305 0.021881
