0 0.794751 0.439440 0.027926 0.025400
0 0.836508 0.440328 0.030785 0.027122
0 0.863704 0.449401 0.023418 0.031203
0 0.856560 0.430966 0.027394 0.024722
0 0.279384 0.473783 0.031232 0.038922
0 0.464350 0.518703 0.064095 0.048883
0 0.255133 0.482934 0.038425 0.038244
0 0.263700 0.454345 0.026842 0.029425
0 0.248116 0.522271 0.044422 0.048348
0 0.238125 0.443699 0.043077 0.029909
0 0.160895 0.510663 0.041082 0.042255
0 0.842917 0.472268 0.037142 0.028974
0 0.317675 0.437112 0.043780 0.026589
0 0.882311 0.470318 0.025724 0.031875
0 0.791323 0.478619 0.039838 0.030356
0 0.372829 0.425228 0.050928 0.024757
0 0.140039 0.495489 0.042083 0.037612
0 0.449097 0.416260 0.039432 0.024226
0 0.817310 0.488202 0.044311 0.028290
0 0.753954 0.570812 0.030047 0.038427
0 0.509730 0.409483 0.040780 0.024851
0 0.469181 0.393622 0.042949 0.020579
0 0.964109 0.550523 0.071782 0.041052
0 0.946822 0.514082 0.056294 0.036183
0 0.568624 0.411406 0.042382 0.022507
0 0.676343 0.410894 0.048578 0.025132
0 0.293044 0.424090 0.048129 0.021960
0 0.602738 0.401303 0.033069 0.019881
0 0.769313 0.515903 0.089716 0.058876
0 0.735409 0.548382 0.079453 0.045448
0 0.066228 0.477609 0.061390 0.033375
0 0.648931 0.534469 0.061801 0.038835
0 0.575046 0.553441 0.066193 0.047639
0 0.747894 0.412683 0.047519 0.023451
0 0.464883 0.573794 0.072518 0.039762
0 0.691653 0.585623 0.073378 0.055244
0 0.347474 0.554712 0.069379 0.038258
0 0.806510 0.412285 0.042377 0.024695
0 0.838838 0.398285 0.039236 0.022402
0 0.775100 0.399341 0.043375 0.021088
0 0.266632 0.586713 0.080289 0.041155
0 0.150149 0.554543 0.075893 0.041052
0 0.577056 0.518741 0.064599 0.037542
0 0.110774 0.579678 0.072154 0.039387
0 0.657408 0.506721 0.058984 0.035650
0 0.372014 0.710288 0.106817 0.075894
0 0.593703 0.388162 0.039463 0.018223
0 0.199501 0.513884 0.046202 0.052644
0 0.193281 0.480141 0.048389 0.038166
