0 0.342520 0.384210 0.037809 0.019370
0 0.347198 0.395893 0.040943 0.021811
0 0.403709 0.382627 0.024438 0.024010
0 0.435067 0.386714 0.023485 0.025329
0 0.465980 0.393638 0.021259 0.022247
0 0.440369 0.415414 0.024410 0.027805
0 0.420903 0.444339 0.031081 0.032688
0 0.472880 0.417070 0.025056 0.030270
0 0.066464 0.452934 0.053606 0.028715
0 0.153289 0.429325 0.047725 0.027997
0 0.303686 0.511308 0.067979 0.039580
0 0.225049 0.417618 0.049507 0.024876
0 0.201500 0.531780 0.073476 0.045180
0 0.470989 0.378077 0.026521 0.019900
0 0.498352 0.403919 0.031417 0.033025
0 0.288089 0.405609 0.040134 0.022893
0 0.101637 0.559863 0.081478 0.053995
0 0.394027 0.479398 0.051962 0.033380
0 0.708828 0.404673 0.037128 0.025241
0 0.629460 0.434700 0.038576 0.028890
0 0.497099 0.448693 0.037188 0.029244
0 0.476849 0.474850 0.055397 0.034598
0 0.392058 0.516903 0.065420 0.051291
0 0.317079 0.561713 0.066474 0.053955
0 0.224330 0.582557 0.075777 0.049311
0 0.139695 0.715044 0.208621 0.200478
