0 0.418394 0.399706 0.026262 0.019370
0 0.367291 0.398294 0.037690 0.021811
0 0.425886 0.422530 0.027638 0.025587
0 0.452642 0.411199 0.023485 0.025329
0 0.477632 0.426210 0.029575 0.024964
0 0.434082 0.457705 0.045960 0.032895
0 0.458649 0.368798 0.032033 0.022212
0 0.388592 0.478204 0.052845 0.034325
0 0.481620 0.406981 0.027415 0.025368
0 0.463543 0.468548 0.038002 0.034332
0 0.051319 0.450970 0.055027 0.038990
0 0.147076 0.432108 0.046115 0.028522
0 0.234628 0.414248 0.045682 0.025882
0 0.248176 0.521420 0.068969 0.039580
0 0.634908 0.413486 0.036820 0.025520
0 0.695722 0.392229 0.032230 0.023100
0 0.308433 0.402388 0.042602 0.024639
0 0.774206 0.375390 0.030941 0.018318
0 0.158325 0.540249 0.073476 0.045180
0 0.521027 0.410998 0.028946 0.026847
0 0.522134 0.443190 0.030460 0.037922
0 0.473233 0.381606 0.028204 0.023723
0 0.599944 0.452684 0.045848 0.026827
0 0.358030 0.393754 0.035557 0.018995
0 0.073642 0.569142 0.081478 0.053995
0 0.739522 0.393315 0.031982 0.022379
0 0.528464 0.485128 0.055137 0.034565
0 0.322717 0.505985 0.063505 0.029789
0 0.420519 0.527407 0.067491 0.040170
0 0.328494 0.545711 0.062823 0.039380
0 0.389876 0.508533 0.057100 0.040480
0 0.292246 0.533653 0.061325 0.038828
