0 0.792678 0.438237 0.028175 0.025400
0 0.834583 0.436520 0.030785 0.027122
0 0.863574 0.449173 0.023097 0.030964
0 0.856005 0.430185 0.027394 0.024722
0 0.275368 0.485245 0.030335 0.044261
0 0.646942 0.512828 0.064095 0.038069
0 0.284520 0.501104 0.047894 0.040253
0 0.257910 0.458385 0.027940 0.030663
0 0.183386 0.592898 0.067188 0.066683
0 0.087782 0.599154 0.054621 0.056602
0 0.842917 0.472268 0.037142 0.028974
0 0.304555 0.441950 0.043774 0.031391
0 0.882879 0.468899 0.025724 0.031875
0 0.792126 0.476912 0.039838 0.030356
0 0.111357 0.541612 0.041579 0.048916
0 0.372443 0.424174 0.042690 0.025539
0 0.821310 0.487534 0.041399 0.028290
0 0.896423 0.559474 0.030047 0.038427
0 0.108404 0.464219 0.054326 0.039381
0 0.440344 0.414809 0.042382 0.022507
0 0.520667 0.411417 0.048578 0.025132
0 0.487745 0.403434 0.042996 0.019881
0 0.579051 0.409900 0.044241 0.023451
0 0.973860 0.523599 0.052280 0.045791
0 0.949878 0.497144 0.050851 0.036476
0 0.637839 0.408079 0.042377 0.024695
0 0.607911 0.399312 0.039236 0.017198
0 0.559086 0.398359 0.036053 0.021403
0 0.858823 0.522681 0.064779 0.035771
0 0.756614 0.525693 0.059001 0.034554
0 0.763682 0.550090 0.059502 0.031822
0 0.784952 0.503051 0.049675 0.032393
0 0.638825 0.565681 0.070523 0.041592
0 0.888545 0.543811 0.060521 0.043310
0 0.699364 0.409405 0.041854 0.019068
0 0.755948 0.413831 0.042639 0.019068
0 0.675026 0.394899 0.036364 0.019381
0 0.382919 0.406673 0.046805 0.019364
0 0.494157 0.561765 0.074903 0.041394
0 0.535244 0.530414 0.070773 0.041840
0 0.762733 0.578883 0.072000 0.044313
0 0.202676 0.440923 0.049949 0.027901
0 0.290263 0.413802 0.045171 0.027821
0 0.811101 0.414244 0.035031 0.018443
0 0.752407 0.399086 0.044704 0.023132
0 0.146931 0.493849 0.046367 0.039817
0 0.877484 0.412130 0.045227 0.027195
0 0.823000 0.398516 0.045488 0.017193
0 0.334989 0.420997 0.038691 0.023828
0 0.174266 0.544385 0.048905 0.058837
0 0.175831 0.500272 0.044335 0.044046
