0 0.425790 0.382486 0.021681 0.026966
0 0.415018 0.420586 0.021655 0.031495
0 0.416584 0.463808 0.047805 0.036112
0 0.283579 0.393512 0.042997 0.026770
0 0.425404 0.402723 0.021515 0.022092
0 0.332167 0.369700 0.110754 0.044187
0 0.440368 0.437593 0.028329 0.031171
0 0.338690 0.498864 0.060060 0.034570
0 0.465280 0.372071 0.020704 0.021401
0 0.318060 0.525285 0.065263 0.038059
0 0.266241 0.563398 0.072664 0.049504
0 0.496490 0.401643 0.030300 0.044449
0 0.482451 0.508973 0.061192 0.044036
0 0.480766 0.434474 0.026440 0.032568
0 0.396381 0.495029 0.045795 0.032362
0 0.249226 0.596270 0.085518 0.044099
0 0.249620 0.526921 0.052735 0.032987
0 0.127514 0.430475 0.046031 0.027908
0 0.458407 0.476984 0.043416 0.034445
0 0.412903 0.514269 0.046947 0.036688
0 0.171741 0.593737 0.084451 0.056490
0 0.133991 0.670846 0.089332 0.068142
0 0.186186 0.417668 0.046601 0.028133
0 0.157766 0.561587 0.074556 0.043409
0 0.237170 0.408408 0.043905 0.025507
0 0.698494 0.396926 0.047639 0.039969
0 0.041908 0.432379 0.054167 0.033443
0 0.605442 0.445295 0.043150 0.027546
0 0.361023 0.581483 0.070924 0.054792
