0 0.427789 0.409476 0.026262 0.019370
0 0.391213 0.403771 0.034970 0.021811
0 0.432576 0.394146 0.029831 0.020859
0 0.474890 0.402074 0.025061 0.024105
0 0.426979 0.430257 0.027638 0.025587
0 0.456435 0.426817 0.028309 0.024958
0 0.446745 0.451132 0.033511 0.027831
0 0.413548 0.470493 0.052780 0.033776
0 0.511057 0.418784 0.027912 0.031314
0 0.482115 0.437112 0.025464 0.024952
0 0.080477 0.443533 0.048863 0.025066
0 0.161938 0.427686 0.041661 0.028620
0 0.356298 0.491154 0.059961 0.033057
0 0.227210 0.417136 0.035185 0.021010
0 0.477332 0.454606 0.040024 0.020770
0 0.319646 0.400550 0.038985 0.025630
0 0.784704 0.376043 0.031622 0.023087
0 0.581254 0.436262 0.044587 0.028117
0 0.272881 0.518251 0.064382 0.029254
0 0.759582 0.375054 0.022503 0.019901
0 0.405146 0.385400 0.039559 0.024735
0 0.485128 0.477506 0.046883 0.035404
0 0.714021 0.388997 0.031914 0.022452
0 0.647653 0.430706 0.040298 0.029596
0 0.150340 0.415813 0.047402 0.025883
0 0.383851 0.513596 0.063546 0.034991
0 0.584266 0.458718 0.042091 0.024197
0 0.160051 0.565366 0.076875 0.041250
0 0.416637 0.523761 0.056731 0.048608
0 0.542908 0.486708 0.043402 0.032553
0 0.323403 0.568739 0.078567 0.054674
0 0.290912 0.539046 0.074365 0.040980
0 0.194876 0.391095 0.054486 0.037250
0 0.221506 0.405984 0.040969 0.022839
0 0.455447 0.377244 0.041211 0.020839
0 0.281431 0.397649 0.039051 0.025398
0 0.109285 0.415811 0.041411 0.022793
0 0.103384 0.604154 0.077408 0.046400
0 0.052038 0.429094 0.047774 0.026442
0 0.513212 0.369406 0.036103 0.023757
