0 0.435382 0.416141 0.025505 0.026111
0 0.396556 0.406336 0.033660 0.023608
0 0.435810 0.398748 0.029831 0.023994
0 0.481053 0.413409 0.031186 0.030863
0 0.406156 0.465422 0.047135 0.034566
0 0.034408 0.455320 0.044671 0.032730
0 0.135387 0.430034 0.043867 0.026428
0 0.157120 0.404846 0.045577 0.027514
0 0.645066 0.437690 0.023967 0.026695
0 0.203761 0.407794 0.042957 0.028311
0 0.333277 0.499242 0.053780 0.031973
0 0.250162 0.386416 0.042511 0.027838
0 0.261902 0.517812 0.059723 0.036316
0 0.326225 0.523635 0.069516 0.039166
0 0.067984 0.436227 0.035393 0.022552
0 0.063098 0.422393 0.048655 0.023609
0 0.429650 0.510591 0.065921 0.048720
0 0.212717 0.562257 0.077612 0.040770
0 0.143625 0.551691 0.072703 0.047870
0 0.212024 0.598029 0.085426 0.047517
0 0.295492 0.401141 0.042437 0.028416
0 0.348618 0.388358 0.036071 0.022834
0 0.452775 0.376120 0.037769 0.018471
0 0.404810 0.385280 0.036778 0.023257
0 0.444364 0.371052 0.043144 0.021565
