0 0.622596 0.534009 0.054105 0.046484
0 0.147572 0.564716 0.056815 0.060964
0 0.264706 0.451818 0.048636 0.044161
0 0.319258 0.714001 0.109595 0.081102
0 0.796553 0.401095 0.035010 0.026217
0 0.646268 0.392666 0.041669 0.023680
0 0.824836 0.447028 0.039687 0.029952
0 0.686363 0.573543 0.074494 0.056442
0 0.769210 0.533168 0.065321 0.046112
0 0.849074 0.497353 0.034743 0.037562
0 0.697682 0.520893 0.061686 0.039361
0 0.756953 0.495175 0.042294 0.038303
0 0.723264 0.415144 0.030852 0.030002
0 0.890662 0.473396 0.033400 0.035714
0 0.223579 0.497774 0.052167 0.056366
0 0.501579 0.410318 0.045846 0.027534
0 0.866640 0.436895 0.037047 0.032384
0 0.834249 0.409759 0.029658 0.027092
0 0.760920 0.410639 0.029659 0.028460
0 0.796036 0.425388 0.040639 0.027693
0 0.668831 0.412971 0.044059 0.023382
0 0.565347 0.404981 0.041615 0.027766
