0 0.802706 0.445828 0.026166 0.034031
0 0.819712 0.470063 0.039514 0.030486
0 0.973394 0.491713 0.053211 0.031708
0 0.753068 0.514209 0.065096 0.037953
0 0.852947 0.482923 0.046843 0.032500
0 0.713905 0.416223 0.039614 0.026064
0 0.733394 0.403009 0.035655 0.020162
0 0.288824 0.467674 0.032861 0.044104
0 0.815787 0.411599 0.039310 0.026295
0 0.250834 0.465133 0.035473 0.030440
0 0.784356 0.538996 0.074277 0.039123
0 0.779092 0.417510 0.037018 0.024757
0 0.845095 0.414666 0.043044 0.027500
0 0.430613 0.417535 0.047489 0.026258
0 0.554161 0.518654 0.068207 0.036761
0 0.613546 0.557933 0.065173 0.038261
0 0.500022 0.548968 0.071996 0.037260
0 0.941742 0.523836 0.024924 0.031031
0 0.339377 0.560223 0.071903 0.043811
0 0.778650 0.399759 0.033789 0.019797
0 0.177470 0.552193 0.074141 0.039387
0 0.899720 0.413704 0.042148 0.025778
0 0.237218 0.452901 0.043078 0.025340
0 0.272896 0.533519 0.073183 0.039972
0 0.107651 0.576259 0.070994 0.046551
0 0.043566 0.541255 0.070271 0.038261
0 0.416786 0.714714 0.039393 0.048664
0 0.486173 0.586993 0.035236 0.039425
0 0.179383 0.824902 0.123808 0.096153
0 0.469916 0.404369 0.037852 0.025829
0 0.370855 0.419901 0.042652 0.026535
0 0.649323 0.412219 0.043546 0.030197
0 0.220230 0.491084 0.044438 0.046138
0 0.557602 0.406049 0.042940 0.024475
0 0.323025 0.432015 0.046578 0.030749
