0 0.423366 0.404339 0.026262 0.019370
0 0.375885 0.400261 0.036713 0.021811
0 0.427049 0.392244 0.029831 0.020859
0 0.460272 0.391921 0.029756 0.022470
0 0.426010 0.426283 0.027638 0.025587
0 0.456696 0.421864 0.023485 0.025329
0 0.460487 0.440589 0.033511 0.027831
0 0.428184 0.463681 0.045960 0.032895
0 0.508762 0.415022 0.027912 0.031314
0 0.479809 0.410141 0.024121 0.023617
0 0.374590 0.488408 0.056996 0.033373
0 0.493904 0.441388 0.033962 0.029810
0 0.297312 0.516168 0.060461 0.035873
0 0.171390 0.423668 0.047739 0.033198
0 0.246488 0.413399 0.048264 0.027693
0 0.312455 0.401838 0.041656 0.023811
0 0.750290 0.381692 0.075987 0.053959
0 0.209915 0.534982 0.070412 0.037760
0 0.678806 0.420079 0.034356 0.021879
0 0.408347 0.496182 0.046798 0.025640
0 0.468118 0.477299 0.045364 0.031815
0 0.377224 0.391012 0.037546 0.017157
0 0.552164 0.437878 0.022340 0.030381
0 0.516714 0.476708 0.049924 0.034429
0 0.133053 0.548673 0.073476 0.045180
0 0.679893 0.401576 0.032319 0.018315
0 0.520376 0.453593 0.042015 0.024956
0 0.414694 0.516924 0.062200 0.043181
0 0.526434 0.403588 0.023194 0.025024
0 0.324432 0.547207 0.074816 0.042198
0 0.426324 0.381530 0.033901 0.017522
0 0.527210 0.498098 0.024846 0.031069
0 0.045700 0.575618 0.081478 0.053995
0 0.408871 0.551006 0.064837 0.042499
0 0.061003 0.439937 0.052771 0.035635
0 0.186728 0.605396 0.088626 0.048734
0 0.074257 0.591351 0.087578 0.046889
