0 0.790678 0.437077 0.028415 0.025400
0 0.832727 0.432846 0.030785 0.027122
0 0.861992 0.446048 0.023097 0.030964
0 0.855469 0.429431 0.027394 0.024722
0 0.052013 0.721656 0.075716 0.076336
0 0.673107 0.509458 0.064095 0.038069
0 0.635987 0.570052 0.076693 0.050149
0 0.143657 0.653077 0.065922 0.066999
0 0.844210 0.465770 0.037142 0.028974
0 0.243945 0.481155 0.036995 0.037605
0 0.883426 0.467530 0.025724 0.031875
0 0.793766 0.474298 0.039838 0.030356
0 0.285876 0.456759 0.038034 0.033086
0 0.825799 0.485675 0.041399 0.028290
0 0.288485 0.433707 0.044462 0.028872
0 0.405496 0.419067 0.048578 0.025132
0 0.335315 0.420528 0.044951 0.021470
0 0.464626 0.414981 0.044247 0.023451
0 0.528348 0.409489 0.042377 0.024695
0 0.516554 0.397204 0.039236 0.017198
0 0.794000 0.499739 0.049675 0.032393
0 0.632378 0.410975 0.041854 0.019068
0 0.699288 0.413661 0.042639 0.019068
0 0.137707 0.469738 0.065048 0.031881
0 0.847715 0.520024 0.057774 0.036694
0 0.936670 0.518551 0.043922 0.035017
0 0.752805 0.414892 0.035031 0.018443
0 0.827724 0.413604 0.045227 0.027195
0 0.205917 0.477477 0.038693 0.033903
0 0.785874 0.544756 0.052507 0.039881
0 0.741970 0.510090 0.054107 0.038479
0 0.173666 0.510781 0.043173 0.045839
0 0.026620 0.484975 0.053240 0.035520
0 0.252422 0.542237 0.066609 0.039457
0 0.357635 0.556080 0.076622 0.037704
0 0.192067 0.450356 0.049623 0.027876
0 0.255039 0.430599 0.044980 0.028607
