0 0.066745 0.692081 0.076950 0.069848
0 0.241419 0.508651 0.042699 0.057282
0 0.814429 0.417616 0.028574 0.022602
0 0.815181 0.440192 0.023086 0.029415
0 0.357623 0.426920 0.045018 0.024987
0 0.420354 0.419972 0.040545 0.024517
0 0.478562 0.405370 0.042752 0.020438
0 0.751874 0.432252 0.037644 0.027888
0 0.866053 0.444153 0.031551 0.026358
0 0.845000 0.416801 0.030768 0.025224
0 0.802346 0.484430 0.038260 0.032422
0 0.683969 0.530085 0.060014 0.042887
0 0.682826 0.407423 0.035069 0.023962
0 0.568459 0.576942 0.073610 0.053087
0 0.805358 0.562048 0.066541 0.045373
0 0.746786 0.531307 0.056390 0.045687
0 0.136501 0.569104 0.052683 0.055949
0 0.111051 0.459171 0.047571 0.031444
0 0.595298 0.402527 0.040698 0.022552
0 0.726499 0.401497 0.034215 0.015879
0 0.108782 0.481358 0.056259 0.038231
0 0.211440 0.440694 0.044228 0.029770
0 0.251346 0.450826 0.049505 0.026428
0 0.673591 0.593906 0.070281 0.047985
0 0.248975 0.737580 0.097036 0.072659
