0 0.326999 0.395042 0.042429 0.021811
0 0.452909 0.384456 0.021259 0.022247
0 0.429912 0.402716 0.024410 0.027805
0 0.422178 0.432710 0.027659 0.032688
0 0.463437 0.412942 0.030112 0.026829
0 0.046139 0.457654 0.057951 0.028715
0 0.135068 0.432201 0.047725 0.027997
0 0.339928 0.501025 0.063525 0.039580
0 0.216579 0.418931 0.049507 0.024876
0 0.243336 0.518366 0.073476 0.045180
0 0.465641 0.374703 0.026521 0.019900
0 0.486035 0.398570 0.033451 0.029606
0 0.273299 0.407836 0.040134 0.022893
0 0.138427 0.544298 0.081478 0.053995
0 0.411823 0.465281 0.043358 0.033380
0 0.688630 0.413808 0.033510 0.023429
0 0.496225 0.439762 0.034237 0.029244
0 0.525252 0.456666 0.044412 0.030697
0 0.427422 0.488767 0.048106 0.037753
0 0.360423 0.536895 0.059266 0.044106
0 0.271901 0.557709 0.073577 0.043582
0 0.252330 0.639954 0.210283 0.184549
0 0.093409 0.690557 0.092397 0.083046
