0 0.422792 0.403672 0.026262 0.019370
0 0.373897 0.399806 0.036939 0.021811
0 0.424447 0.391953 0.029831 0.020859
0 0.455689 0.387588 0.029756 0.022470
0 0.425884 0.425768 0.027638 0.025587
0 0.455919 0.419482 0.023485 0.025329
0 0.462087 0.439691 0.033511 0.027831
0 0.429548 0.462299 0.045960 0.032895
0 0.505458 0.409159 0.027912 0.031314
0 0.476931 0.406445 0.024121 0.023617
0 0.381991 0.484020 0.052845 0.034325
0 0.494544 0.437820 0.033962 0.029810
0 0.309552 0.512991 0.060461 0.035873
0 0.156118 0.425701 0.049710 0.033198
0 0.232266 0.415449 0.047779 0.027810
0 0.294826 0.405602 0.041656 0.023811
0 0.795687 0.365970 0.068171 0.047777
0 0.211061 0.533612 0.070412 0.034109
0 0.702358 0.407518 0.034356 0.021879
0 0.444695 0.479199 0.042908 0.021851
0 0.505994 0.462680 0.046514 0.031815
0 0.356208 0.395288 0.040148 0.020743
0 0.546478 0.405875 0.017902 0.025669
0 0.579934 0.449446 0.042103 0.032013
0 0.134860 0.547593 0.073476 0.045180
0 0.712426 0.389014 0.032319 0.018315
0 0.532910 0.440258 0.032894 0.026563
0 0.462673 0.495959 0.055604 0.040827
0 0.523343 0.402059 0.023194 0.025024
0 0.392736 0.527203 0.066323 0.039122
0 0.405266 0.385832 0.033901 0.017522
0 0.049042 0.574753 0.081478 0.053995
0 0.508444 0.505811 0.052108 0.036024
0 0.058905 0.440774 0.054263 0.035635
0 0.283855 0.574266 0.082197 0.045251
0 0.234996 0.554250 0.077663 0.044910
0 0.144948 0.620194 0.091950 0.052665
