0 0.424957 0.406187 0.026262 0.019370
0 0.381400 0.401524 0.036086 0.021811
0 0.430051 0.394901 0.029831 0.020859
0 0.472343 0.399886 0.025061 0.024105
0 0.426358 0.427713 0.027638 0.025587
0 0.456777 0.424021 0.025086 0.025206
0 0.448650 0.449299 0.033511 0.027831
0 0.419339 0.467666 0.052780 0.033776
0 0.510236 0.417534 0.027912 0.031314
0 0.482270 0.420498 0.024121 0.023617
0 0.362303 0.486679 0.059961 0.032693
0 0.022699 0.461190 0.037532 0.026615
0 0.482560 0.452981 0.034589 0.029657
0 0.097337 0.439247 0.045503 0.025630
0 0.291642 0.513957 0.060461 0.035873
0 0.249130 0.414227 0.044283 0.030657
0 0.721812 0.392420 0.027601 0.019867
0 0.785532 0.375807 0.030634 0.020534
0 0.730273 0.397544 0.032632 0.026727
0 0.672599 0.402293 0.036743 0.025712
0 0.048021 0.441939 0.040969 0.021624
0 0.321382 0.399565 0.046458 0.021162
0 0.390368 0.384539 0.036103 0.023757
0 0.566649 0.461271 0.120312 0.084606
0 0.201893 0.533707 0.066023 0.033541
0 0.433498 0.531500 0.068220 0.038534
0 0.184774 0.583855 0.065347 0.044398
0 0.321883 0.529616 0.062153 0.048164
0 0.458543 0.378382 0.036626 0.018524
0 0.374232 0.556125 0.031283 0.044113
0 0.179126 0.591167 0.077767 0.049697
0 0.120460 0.557707 0.079469 0.051765
0 0.441574 0.502317 0.048288 0.028258
0 0.423676 0.491151 0.049730 0.034660
0 0.537412 0.425919 0.023902 0.023185
0 0.159469 0.729846 0.048788 0.053344
