0 0.402193 0.405971 0.030577 0.028141
0 0.432479 0.393074 0.030260 0.025633
0 0.074425 0.447296 0.048491 0.028238
0 0.401928 0.470986 0.046478 0.035488
0 0.193823 0.423357 0.049507 0.024876
0 0.301597 0.503880 0.068763 0.038602
0 0.468291 0.392419 0.033875 0.028893
0 0.254786 0.412476 0.040134 0.022893
0 0.223555 0.526405 0.079921 0.050277
0 0.432867 0.433544 0.025832 0.029408
0 0.479450 0.417360 0.034237 0.029244
0 0.577590 0.434414 0.042233 0.030697
0 0.465583 0.444451 0.032988 0.035824
0 0.350606 0.511893 0.068509 0.029294
0 0.429762 0.520368 0.131616 0.117317
0 0.231200 0.589802 0.077085 0.048613
0 0.121917 0.554982 0.073183 0.049262
0 0.333401 0.543872 0.057127 0.042889
0 0.143996 0.727801 0.103546 0.083688
0 0.138364 0.429595 0.049006 0.026474
