0 0.415467 0.405586 0.021655 0.031495
0 0.425226 0.449495 0.038150 0.035139
0 0.417969 0.385758 0.021515 0.022092
0 0.307554 0.375085 0.110754 0.044187
0 0.438816 0.422537 0.025624 0.028787
0 0.350123 0.491545 0.060060 0.031915
0 0.349768 0.516066 0.065263 0.038059
0 0.286174 0.549621 0.072664 0.049504
0 0.483524 0.385033 0.033381 0.038323
0 0.591445 0.457200 0.048866 0.033351
0 0.475162 0.409012 0.024657 0.030800
0 0.412904 0.478258 0.042836 0.032362
0 0.335059 0.556268 0.060009 0.048523
0 0.255199 0.524910 0.052735 0.032987
0 0.127514 0.430475 0.046031 0.027908
0 0.459219 0.476984 0.041792 0.034445
0 0.414591 0.513618 0.046947 0.036688
0 0.189246 0.584705 0.084451 0.056490
0 0.233864 0.610758 0.072642 0.051740
0 0.186186 0.417668 0.046601 0.028133
0 0.167788 0.558769 0.074556 0.043113
0 0.237170 0.408408 0.043905 0.025507
0 0.785759 0.370092 0.038597 0.028074
0 0.037206 0.434084 0.054106 0.034263
0 0.713571 0.398295 0.033982 0.025318
0 0.492959 0.508429 0.055202 0.041253
0 0.331689 0.595193 0.067609 0.051986
0 0.181978 0.694813 0.090341 0.075613
