0 0.397720 0.402358 0.030577 0.028141
0 0.427921 0.388942 0.028813 0.024866
0 0.065316 0.449534 0.048783 0.028330
0 0.408199 0.466438 0.044741 0.034866
0 0.187943 0.424543 0.049507 0.024876
0 0.308482 0.503115 0.066729 0.038879
0 0.464631 0.389918 0.033875 0.028893
0 0.252250 0.413112 0.040134 0.022893
0 0.231656 0.524492 0.077429 0.049090
0 0.432867 0.429098 0.025832 0.029408
0 0.475151 0.414859 0.034237 0.029244
0 0.579360 0.433612 0.042233 0.030697
0 0.466919 0.440525 0.030549 0.034091
0 0.357255 0.509284 0.064261 0.031455
0 0.446325 0.509061 0.122098 0.112853
0 0.244783 0.583407 0.075640 0.047168
0 0.134859 0.554106 0.073183 0.049262
0 0.350714 0.537376 0.057127 0.041290
0 0.070445 0.697008 0.087871 0.068270
0 0.173314 0.703350 0.094254 0.074924
0 0.130811 0.431071 0.049006 0.026474
