0 0.798505 0.443318 0.028581 0.027964
0 0.837015 0.446079 0.030785 0.027122
0 0.865717 0.452934 0.028391 0.034895
0 0.857659 0.432512 0.027394 0.024722
0 0.431954 0.418134 0.040896 0.026064
0 0.311675 0.495793 0.046237 0.048883
0 0.246308 0.476765 0.027575 0.035416
0 0.545243 0.413023 0.037018 0.024757
0 0.627720 0.410792 0.043300 0.027500
0 0.280010 0.474366 0.033602 0.042110
0 0.800904 0.474486 0.036326 0.031800
0 0.741646 0.523685 0.067238 0.029620
0 0.704616 0.411830 0.042585 0.025778
0 0.166380 0.505745 0.041082 0.042255
0 0.871160 0.504187 0.061578 0.039972
0 0.725798 0.548272 0.063790 0.042756
0 0.626294 0.517350 0.070271 0.038261
0 0.617326 0.556308 0.078038 0.039249
0 0.517694 0.542898 0.067167 0.039105
0 0.626065 0.392037 0.039528 0.019619
0 0.559196 0.392057 0.034421 0.021386
0 0.781378 0.415183 0.040957 0.021360
0 0.961305 0.535272 0.024886 0.037297
0 0.438705 0.575543 0.079048 0.046364
0 0.809461 0.563955 0.066294 0.047580
0 0.057122 0.476331 0.057057 0.038236
0 0.277396 0.551900 0.076044 0.041412
0 0.694849 0.391263 0.041096 0.019881
0 0.284755 0.429755 0.052778 0.023987
0 0.168251 0.579392 0.073634 0.045913
0 0.107171 0.555955 0.072279 0.038891
0 0.116026 0.531752 0.070020 0.036191
0 0.848043 0.417993 0.046743 0.024757
0 0.514413 0.404823 0.039214 0.025883
0 0.364896 0.730854 0.046540 0.051163
0 0.592212 0.403420 0.042351 0.026633
0 0.342445 0.428819 0.043329 0.031257
0 0.211391 0.501069 0.044776 0.047383
0 0.202375 0.474107 0.047376 0.034123
