0 0.414160 0.402026 0.021655 0.031495
0 0.426468 0.446292 0.036117 0.035139
0 0.417969 0.385758 0.021515 0.022092
0 0.304576 0.375056 0.110754 0.044187
0 0.436347 0.420325 0.025624 0.026957
0 0.352465 0.489777 0.060060 0.031182
0 0.355290 0.512465 0.065263 0.038059
0 0.289401 0.547478 0.072664 0.049504
0 0.480547 0.380777 0.033381 0.034679
0 0.606873 0.450605 0.047346 0.031624
0 0.471569 0.405278 0.025744 0.030800
0 0.414720 0.476174 0.038768 0.032362
0 0.344093 0.550266 0.060009 0.048523
0 0.256373 0.524487 0.052735 0.032987
0 0.127514 0.430475 0.046031 0.027908
0 0.459390 0.476984 0.041451 0.034445
0 0.414591 0.513618 0.046947 0.036688
0 0.193373 0.582571 0.084451 0.056490
0 0.251181 0.599205 0.072642 0.051740
0 0.186186 0.417668 0.046601 0.028133
0 0.170465 0.558102 0.074556 0.043113
0 0.237170 0.408408 0.043905 0.025507
0 0.785759 0.370092 0.038597 0.028074
0 0.036216 0.434443 0.054094 0.034436
0 0.713571 0.398295 0.033982 0.025318
0 0.515108 0.493971 0.050119 0.038386
0 0.361243 0.579059 0.062711 0.047926
0 0.073886 0.795319 0.106488 0.097374
