0 0.791634 0.437632 0.028300 0.025400
0 0.833614 0.434602 0.030785 0.027122
0 0.863574 0.449173 0.023097 0.030964
0 0.855725 0.429791 0.027394 0.024722
0 0.219922 0.584768 0.051826 0.058525
0 0.666741 0.510425 0.064095 0.038069
0 0.437144 0.559548 0.076693 0.050149
0 0.212369 0.531460 0.035464 0.042540
0 0.842917 0.472268 0.037142 0.028974
0 0.270129 0.454968 0.043772 0.033361
0 0.883165 0.468185 0.025724 0.031875
0 0.792503 0.475875 0.039838 0.030356
0 0.036588 0.649911 0.073177 0.064645
0 0.323163 0.433625 0.042690 0.025539
0 0.823028 0.487701 0.041399 0.028290
0 0.897507 0.559042 0.030047 0.038427
0 0.387814 0.420904 0.042382 0.022560
0 0.490898 0.411870 0.048578 0.025132
0 0.429291 0.408626 0.042996 0.019881
0 0.550898 0.409769 0.044241 0.023451
0 0.611274 0.408545 0.042377 0.024695
0 0.566648 0.397796 0.039236 0.017198
0 0.507520 0.397028 0.036053 0.021403
0 0.952856 0.509843 0.039728 0.028450
0 0.789501 0.501770 0.049675 0.032393
0 0.883942 0.509509 0.050027 0.033587
0 0.680953 0.411094 0.041854 0.019068
0 0.737875 0.413330 0.042639 0.019068
0 0.291335 0.426349 0.046805 0.019753
0 0.712302 0.544309 0.069891 0.039629
0 0.804840 0.520318 0.061697 0.037649
0 0.889148 0.543213 0.065988 0.035017
0 0.084733 0.470811 0.058727 0.039812
0 0.778047 0.414892 0.035031 0.018443
0 0.087352 0.585369 0.042986 0.048942
0 0.840434 0.412106 0.045227 0.027195
0 0.220221 0.462130 0.038691 0.031930
0 0.668402 0.575324 0.063302 0.045761
0 0.739370 0.510469 0.054107 0.038479
0 0.184850 0.495311 0.040703 0.043537
0 0.248368 0.424423 0.049834 0.028190
0 0.035362 0.706943 0.070725 0.091491
0 0.125774 0.601285 0.049650 0.063983
