0 0.385836 0.393759 0.030577 0.027340
0 0.419111 0.378437 0.024325 0.023865
0 0.033480 0.459837 0.053439 0.028468
0 0.423671 0.450987 0.035453 0.033933
0 0.164054 0.429686 0.049507 0.024876
0 0.326071 0.499255 0.063677 0.039295
0 0.448118 0.385679 0.038789 0.028893
0 0.234284 0.416128 0.040134 0.022893
0 0.253158 0.520320 0.073691 0.047310
0 0.433685 0.418034 0.025832 0.029408
0 0.464890 0.407364 0.034237 0.029244
0 0.585332 0.430907 0.042233 0.030697
0 0.467699 0.429099 0.026891 0.031491
0 0.378318 0.498696 0.052567 0.034696
0 0.490511 0.476146 0.096396 0.106157
0 0.288255 0.559591 0.068122 0.048896
0 0.166889 0.548667 0.073183 0.049262
0 0.322948 0.568195 0.057817 0.047605
0 0.401735 0.516074 0.057127 0.038892
0 0.149372 0.643796 0.087871 0.053081
0 0.097561 0.437682 0.049006 0.026474
0 0.153396 0.700667 0.093206 0.075491
