0 0.783688 0.434411 0.030956 0.025400
0 0.828204 0.426712 0.029290 0.020037
0 0.857360 0.436898 0.023097 0.030964
0 0.846569 0.418669 0.027394 0.024722
0 0.689167 0.507019 0.064095 0.038069
0 0.959525 0.508613 0.056738 0.038720
0 0.832889 0.478767 0.037142 0.028974
0 0.090052 0.658327 0.077713 0.070007
0 0.882004 0.463422 0.025724 0.031875
0 0.798818 0.469044 0.039838 0.030356
0 0.203825 0.598909 0.058788 0.065155
0 0.835608 0.448038 0.030927 0.028290
0 0.222313 0.457237 0.050707 0.030191
0 0.221141 0.521808 0.034545 0.050078
0 0.247033 0.439193 0.046388 0.019566
0 0.311630 0.428659 0.042377 0.025301
0 0.805353 0.494615 0.049675 0.032393
0 0.406206 0.419305 0.042089 0.024556
0 0.491338 0.413263 0.042639 0.023721
0 0.554758 0.412626 0.037976 0.020574
0 0.626691 0.408742 0.045227 0.027195
0 0.146316 0.568432 0.048273 0.052812
0 0.865935 0.488773 0.038481 0.031629
0 0.748532 0.509133 0.054107 0.038479
0 0.777735 0.527336 0.055719 0.034173
0 0.823870 0.516528 0.052666 0.037079
0 0.072929 0.613255 0.059184 0.064032
0 0.674238 0.531910 0.058384 0.036287
0 0.685910 0.412951 0.043849 0.018620
0 0.740816 0.410647 0.041729 0.026283
0 0.593011 0.549802 0.077093 0.038057
0 0.784867 0.554334 0.064485 0.041582
0 0.154303 0.516388 0.039450 0.043301
0 0.125368 0.464971 0.053521 0.034099
0 0.802305 0.412094 0.039224 0.020438
