0 0.306596 0.394977 0.042429 0.021811
0 0.410946 0.381982 0.024410 0.027805
0 0.414530 0.414549 0.027659 0.032688
0 0.445892 0.400482 0.031165 0.026112
0 0.031148 0.460780 0.062296 0.028715
0 0.099514 0.441063 0.047725 0.027997
0 0.378665 0.483263 0.058000 0.038298
0 0.209468 0.420206 0.049507 0.024876
0 0.283756 0.507546 0.070035 0.038429
0 0.475342 0.395266 0.033875 0.028893
0 0.261762 0.410727 0.040134 0.022893
0 0.196544 0.534223 0.081478 0.051018
0 0.428954 0.446826 0.030572 0.029408
0 0.766298 0.382248 0.028332 0.019532
0 0.489733 0.424600 0.034237 0.029244
0 0.570549 0.437186 0.042233 0.030697
0 0.456027 0.460247 0.042474 0.036908
0 0.324876 0.523088 0.071163 0.027944
0 0.376493 0.569096 0.184257 0.147605
0 0.185737 0.618103 0.083101 0.055139
0 0.084735 0.559898 0.073183 0.049262
0 0.153604 0.676054 0.084446 0.067302
0 0.159185 0.424280 0.048114 0.023733
