0 0.347121 0.386929 0.037116 0.027073
0 0.426563 0.401015 0.024057 0.030961
0 0.414744 0.440970 0.029300 0.031495
0 0.384407 0.481149 0.066639 0.039034
0 0.394287 0.385789 0.038660 0.026770
0 0.429882 0.421358 0.023192 0.027694
0 0.412392 0.364047 0.090758 0.037926
0 0.429992 0.460089 0.039015 0.036602
0 0.318358 0.504568 0.064553 0.034570
0 0.475164 0.402672 0.023329 0.027410
0 0.450451 0.391421 0.020887 0.024308
0 0.293908 0.531885 0.065263 0.038059
0 0.257434 0.569004 0.072664 0.049504
0 0.497279 0.423846 0.037383 0.045335
0 0.204342 0.604367 0.093220 0.053476
0 0.473184 0.466396 0.036036 0.037849
0 0.357347 0.519988 0.053483 0.032362
0 0.145757 0.661234 0.085518 0.062118
0 0.233174 0.532607 0.052735 0.034950
0 0.127514 0.430475 0.046031 0.027908
0 0.423730 0.506699 0.050830 0.043359
0 0.351810 0.553580 0.049705 0.035477
0 0.085452 0.651085 0.091346 0.065504
0 0.046758 0.726362 0.093517 0.082128
0 0.195865 0.413908 0.043741 0.028133
0 0.150398 0.566213 0.074556 0.050761
0 0.268020 0.400819 0.040500 0.025507
0 0.336923 0.595464 0.090181 0.075928
0 0.095746 0.766575 0.108436 0.087351
