0 0.687896 0.519588 0.053064 0.038482
0 0.792102 0.517566 0.051435 0.036441
0 0.631619 0.390087 0.038816 0.023680
0 0.766951 0.418890 0.039959 0.021421
0 0.544096 0.535048 0.028001 0.041830
0 0.404334 0.511651 0.028138 0.034650
0 0.312611 0.419228 0.041079 0.031968
0 0.196175 0.480781 0.030658 0.040910
0 0.350447 0.525523 0.026805 0.040962
0 0.178653 0.819361 0.131283 0.100163
0 0.839324 0.469380 0.032595 0.039321
0 0.820249 0.432451 0.031146 0.027302
0 0.755131 0.497640 0.049316 0.034052
0 0.768758 0.447204 0.028893 0.033274
0 0.847274 0.424455 0.034968 0.026414
0 0.491038 0.411287 0.045846 0.027195
0 0.824187 0.402713 0.031942 0.026552
0 0.665827 0.412481 0.044059 0.023382
0 0.562692 0.405216 0.041615 0.027766
