0 0.793369 0.438638 0.028092 0.025400
0 0.835225 0.437789 0.030785 0.027122
0 0.863574 0.449173 0.023097 0.030964
0 0.856190 0.430445 0.027394 0.024722
0 0.276707 0.481425 0.030634 0.042481
0 0.603081 0.509921 0.064095 0.038069
0 0.257184 0.485304 0.043125 0.039469
0 0.261392 0.455172 0.026842 0.029425
0 0.241457 0.530728 0.045658 0.049819
0 0.145287 0.531129 0.045436 0.047608
0 0.842917 0.472268 0.037142 0.028974
0 0.303160 0.440073 0.043777 0.029462
0 0.882690 0.469372 0.025724 0.031875
0 0.791876 0.477598 0.039838 0.030356
0 0.348753 0.430172 0.051713 0.024757
0 0.130770 0.507235 0.041821 0.041681
0 0.392154 0.423325 0.042690 0.025539
0 0.820252 0.487277 0.041399 0.028290
0 0.880788 0.561204 0.030047 0.038427
0 0.241739 0.429176 0.049057 0.031001
0 0.451036 0.414388 0.042382 0.022507
0 0.536690 0.409721 0.048578 0.025132
0 0.032397 0.484496 0.056956 0.033994
0 0.512508 0.402056 0.038025 0.019881
0 0.976443 0.500765 0.047114 0.039099
0 0.603346 0.410209 0.044241 0.023451
0 0.903023 0.512089 0.055255 0.037072
0 0.847720 0.543263 0.061307 0.048481
0 0.781776 0.527906 0.060340 0.036476
0 0.668728 0.407837 0.042377 0.024695
0 0.657898 0.398329 0.039236 0.017198
0 0.598380 0.396093 0.036053 0.021403
0 0.697195 0.551903 0.074271 0.041716
0 0.606483 0.538402 0.070265 0.039733
0 0.688417 0.515074 0.064599 0.041856
0 0.594803 0.568959 0.072154 0.039387
0 0.744936 0.508870 0.060533 0.035650
0 0.451985 0.578567 0.075560 0.041592
0 0.763618 0.573756 0.075441 0.053030
0 0.736939 0.411206 0.041854 0.019068
0 0.805254 0.412880 0.042639 0.019068
0 0.733114 0.391753 0.036364 0.019381
0 0.408299 0.405396 0.046805 0.019364
0 0.174487 0.453348 0.046643 0.031520
0 0.243801 0.569103 0.074903 0.041394
0 0.255843 0.535345 0.070773 0.034743
0 0.633134 0.616539 0.080599 0.051315
0 0.318946 0.410413 0.043662 0.022031
0 0.133473 0.457426 0.054028 0.029175
0 0.274633 0.750699 0.104472 0.085371
0 0.195495 0.518202 0.046682 0.054417
0 0.190217 0.482175 0.048731 0.039529
