0 0.788781 0.435977 0.028642 0.025400
0 0.830967 0.429362 0.030785 0.027122
0 0.858349 0.438851 0.023097 0.030964
0 0.854961 0.428716 0.027394 0.024722
0 0.685740 0.507540 0.064095 0.038069
0 0.910341 0.521320 0.065944 0.038720
0 0.838280 0.450858 0.037142 0.028974
0 0.179893 0.563075 0.052917 0.053123
0 0.883946 0.466232 0.025724 0.031875
0 0.797740 0.470166 0.039838 0.030356
0 0.255753 0.525919 0.040428 0.051618
0 0.831299 0.481653 0.041399 0.028290
0 0.275289 0.443324 0.050707 0.030191
0 0.239363 0.484186 0.032494 0.043227
0 0.311082 0.428418 0.046388 0.023451
0 0.379692 0.422348 0.042377 0.025301
0 0.802930 0.495708 0.049675 0.032393
0 0.457003 0.414266 0.041854 0.020802
0 0.529129 0.410348 0.042639 0.023721
0 0.593170 0.412772 0.037093 0.019935
0 0.653788 0.408187 0.045227 0.027195
0 0.183027 0.512810 0.040603 0.043803
0 0.862089 0.495169 0.039324 0.032248
0 0.747131 0.509337 0.054107 0.038479
0 0.094149 0.614149 0.070863 0.065932
0 0.741408 0.530247 0.058442 0.035494
0 0.815045 0.519349 0.058001 0.037082
0 0.115989 0.537696 0.044207 0.047845
0 0.587970 0.535570 0.062240 0.038057
0 0.719199 0.412244 0.043849 0.018620
0 0.773513 0.411249 0.041729 0.026390
0 0.467563 0.548467 0.077093 0.038057
0 0.562270 0.573940 0.076987 0.043131
0 0.176258 0.476967 0.036512 0.034918
0 0.210874 0.447360 0.053521 0.034099
