0 0.795897 0.440105 0.027789 0.025400
0 0.837572 0.442435 0.030785 0.027122
0 0.864266 0.450388 0.024808 0.032235
0 0.856868 0.431398 0.027394 0.024722
0 0.281606 0.467443 0.031728 0.035968
0 0.342990 0.507898 0.061163 0.048883
0 0.253430 0.480968 0.034525 0.037227
0 0.265402 0.452462 0.030913 0.027558
0 0.164433 0.464777 0.052113 0.036609
0 0.253641 0.515254 0.043397 0.047127
0 0.339292 0.426457 0.043077 0.029909
0 0.162429 0.509288 0.041082 0.042255
0 0.842917 0.472268 0.037142 0.028974
0 0.402446 0.419961 0.043780 0.026589
0 0.884096 0.477940 0.038558 0.032294
0 0.789642 0.478396 0.039838 0.030356
0 0.466870 0.415699 0.046743 0.024757
0 0.977958 0.499721 0.044084 0.035278
0 0.142058 0.492260 0.042083 0.037612
0 0.508430 0.404324 0.041155 0.026241
0 0.558715 0.413542 0.039432 0.024226
0 0.887772 0.513252 0.063948 0.036712
0 0.782581 0.497050 0.060971 0.031169
0 0.918528 0.539313 0.052961 0.036741
0 0.806498 0.517589 0.062055 0.041697
0 0.720205 0.521775 0.066244 0.036299
0 0.846677 0.541968 0.029114 0.037727
0 0.724503 0.581098 0.031622 0.043753
0 0.631271 0.410030 0.040780 0.024851
0 0.650952 0.392537 0.042949 0.020579
0 0.377174 0.413055 0.039682 0.032463
0 0.678370 0.571798 0.076214 0.041052
0 0.595717 0.529489 0.062513 0.036511
0 0.562495 0.562944 0.070804 0.041052
0 0.707967 0.413379 0.042382 0.022507
0 0.816609 0.414581 0.048578 0.025132
0 0.578896 0.397994 0.047088 0.023660
0 0.048632 0.487819 0.072264 0.038266
0 0.457318 0.401936 0.047370 0.018762
0 0.760321 0.405546 0.041441 0.019881
0 0.740364 0.383681 0.039245 0.019881
0 0.120887 0.462225 0.052055 0.034186
0 0.360413 0.539701 0.113564 0.062268
0 0.283152 0.582846 0.081261 0.046525
0 0.328057 0.413390 0.041684 0.021339
0 0.236392 0.539174 0.061801 0.033573
0 0.270738 0.439824 0.046412 0.030205
0 0.157685 0.559366 0.066193 0.047639
0 0.878980 0.415799 0.046643 0.020058
0 0.225864 0.438245 0.041783 0.029020
0 0.047847 0.580604 0.062749 0.039762
0 0.503088 0.666468 0.089725 0.078408
0 0.503744 0.519162 0.067352 0.037239
0 0.354365 0.719256 0.109168 0.081468
0 0.849958 0.395485 0.037493 0.022663
0 0.202825 0.510302 0.045803 0.051173
0 0.195824 0.478454 0.048106 0.037036
