0 0.428675 0.410474 0.026254 0.019448
0 0.391984 0.404013 0.034810 0.021811
0 0.433164 0.393956 0.029831 0.020859
0 0.475706 0.402775 0.025061 0.024105
0 0.426807 0.431059 0.028047 0.026924
0 0.456213 0.432509 0.028477 0.027746
0 0.441985 0.453187 0.034866 0.029178
0 0.398702 0.479474 0.058294 0.033776
0 0.020904 0.446589 0.041807 0.027561
0 0.061643 0.450631 0.056673 0.036357
0 0.511320 0.419184 0.027912 0.031314
0 0.482113 0.439057 0.026543 0.026024
0 0.157954 0.427652 0.042863 0.024774
0 0.225444 0.413569 0.040954 0.027880
0 0.322896 0.503611 0.063776 0.039976
0 0.290574 0.408442 0.035185 0.021010
0 0.476000 0.462126 0.041110 0.025572
0 0.352221 0.395264 0.038419 0.024695
0 0.710245 0.407609 0.033610 0.023957
0 0.473647 0.480617 0.056590 0.035070
0 0.196831 0.544644 0.067658 0.040530
0 0.662173 0.411327 0.031793 0.025065
0 0.413143 0.384355 0.039559 0.024735
0 0.386105 0.511701 0.064763 0.041813
0 0.590829 0.442952 0.041614 0.026984
0 0.513699 0.491344 0.053967 0.037724
0 0.178639 0.411476 0.047402 0.025883
0 0.296381 0.540778 0.067185 0.043827
0 0.412184 0.532122 0.060809 0.038678
0 0.065881 0.583473 0.065788 0.041250
0 0.229926 0.579487 0.076687 0.050943
0 0.345694 0.571644 0.060688 0.041236
0 0.071182 0.419683 0.042600 0.028883
0 0.110378 0.632716 0.090739 0.054298
0 0.106282 0.594692 0.080746 0.038000
0 0.498290 0.371669 0.041211 0.020839
