0 0.801992 0.445828 0.027594 0.034031
0 0.826539 0.461879 0.033404 0.028131
0 0.794965 0.503893 0.056860 0.037953
0 0.866575 0.464615 0.032724 0.025351
0 0.687831 0.414884 0.040896 0.026064
0 0.698014 0.400289 0.037626 0.018661
0 0.295931 0.481419 0.036633 0.046481
0 0.792200 0.410730 0.038090 0.026295
0 0.247575 0.470413 0.034642 0.030964
0 0.879275 0.524335 0.067300 0.039123
0 0.760281 0.417007 0.037018 0.024757
0 0.828359 0.415255 0.043300 0.027500
0 0.401435 0.420953 0.049862 0.026258
0 0.624237 0.514436 0.063432 0.035507
0 0.715093 0.548701 0.059725 0.038261
0 0.601933 0.541148 0.066806 0.034499
0 0.436485 0.553739 0.071903 0.043811
0 0.755157 0.398337 0.035183 0.019797
0 0.250875 0.550326 0.074141 0.039387
0 0.878270 0.414873 0.042585 0.025778
0 0.208783 0.467476 0.040055 0.032498
0 0.360761 0.532095 0.073183 0.039972
0 0.189641 0.577242 0.070994 0.046551
0 0.114984 0.538543 0.070271 0.038261
0 0.850524 0.394816 0.039528 0.017255
0 0.783954 0.392044 0.034421 0.018755
0 0.516847 0.668800 0.039393 0.043261
0 0.606030 0.576733 0.031667 0.035650
0 0.310195 0.762204 0.107537 0.091229
0 0.441123 0.405397 0.031597 0.023258
0 0.332782 0.424048 0.035349 0.026535
0 0.620022 0.410096 0.042024 0.030197
0 0.218245 0.494816 0.044438 0.046138
0 0.522952 0.405320 0.042940 0.024475
0 0.298074 0.437967 0.046845 0.031890
