0 0.426882 0.408423 0.026262 0.019370
0 0.388071 0.403051 0.035328 0.021811
0 0.431767 0.394388 0.029831 0.020859
0 0.474074 0.401373 0.025061 0.024105
0 0.426780 0.429443 0.027638 0.025587
0 0.456544 0.425921 0.027276 0.025037
0 0.447383 0.450537 0.033511 0.027831
0 0.415403 0.469588 0.052780 0.033776
0 0.510794 0.418383 0.027912 0.031314
0 0.482116 0.435167 0.024386 0.023880
0 0.021818 0.456677 0.043636 0.028507
0 0.090310 0.443186 0.045487 0.027378
0 0.359881 0.492391 0.059961 0.032693
0 0.152374 0.430718 0.035185 0.021010
0 0.480521 0.456577 0.039609 0.028437
0 0.229723 0.414917 0.038985 0.025630
0 0.694063 0.395845 0.034273 0.022586
0 0.289499 0.518551 0.060461 0.035873
0 0.373408 0.389076 0.041449 0.027103
0 0.596339 0.427268 0.042611 0.030198
0 0.749552 0.385691 0.030067 0.022517
0 0.085785 0.428251 0.047402 0.020592
0 0.490373 0.474628 0.049850 0.032238
0 0.697654 0.413451 0.033027 0.022822
0 0.255375 0.541999 0.068467 0.041653
0 0.570994 0.463099 0.048391 0.033359
0 0.656098 0.431863 0.031848 0.026228
0 0.509982 0.492822 0.055287 0.037482
0 0.414994 0.500587 0.057347 0.036899
0 0.108010 0.405459 0.060443 0.037250
0 0.158058 0.415843 0.040969 0.021624
0 0.443936 0.378132 0.041211 0.020839
0 0.236703 0.402428 0.034481 0.020435
0 0.026100 0.430455 0.046612 0.022793
0 0.315070 0.546405 0.063064 0.040193
0 0.501831 0.371308 0.036103 0.023757
0 0.082966 0.621250 0.165931 0.117226
0 0.156647 0.556969 0.070913 0.031358
