0 0.425180 0.406445 0.026262 0.019370
0 0.382170 0.401700 0.035998 0.021811
0 0.430249 0.394842 0.029831 0.020859
0 0.472543 0.400057 0.025061 0.024105
0 0.426407 0.427913 0.027638 0.025587
0 0.456750 0.424240 0.025338 0.025186
0 0.448504 0.449441 0.033511 0.027831
0 0.418885 0.467888 0.052780 0.033776
0 0.510300 0.417632 0.027912 0.031314
0 0.482512 0.421946 0.024121 0.023617
0 0.361075 0.486020 0.059961 0.032693
0 0.041251 0.457071 0.040433 0.026615
0 0.482325 0.453396 0.035169 0.029517
0 0.113118 0.436178 0.045503 0.025630
0 0.290851 0.513649 0.060461 0.035873
0 0.257065 0.412241 0.044283 0.030657
0 0.721812 0.392420 0.027601 0.019867
0 0.765204 0.384210 0.030634 0.020534
0 0.710195 0.408346 0.032632 0.026727
0 0.639973 0.414597 0.036743 0.025712
0 0.063249 0.436348 0.040969 0.021624
0 0.330424 0.399124 0.046458 0.021162
0 0.402916 0.385422 0.036103 0.023757
0 0.536153 0.477921 0.157199 0.091499
0 0.194224 0.534743 0.066023 0.040429
0 0.375880 0.549728 0.071260 0.040344
0 0.175090 0.570577 0.065254 0.045638
0 0.292690 0.534305 0.062153 0.048164
0 0.472014 0.377058 0.036626 0.018524
0 0.334583 0.585430 0.031283 0.044113
0 0.118058 0.601919 0.079418 0.056016
0 0.090871 0.562569 0.079469 0.051765
0 0.407104 0.512870 0.052765 0.033723
0 0.400115 0.498580 0.049730 0.034660
0 0.083846 0.788833 0.048788 0.057235
