0 0.377568 0.392265 0.037854 0.027073
0 0.426734 0.417300 0.024057 0.031306
0 0.043100 0.456944 0.049507 0.024876
0 0.396466 0.468778 0.047610 0.031495
0 0.387341 0.377034 0.037615 0.022131
0 0.115281 0.439638 0.040134 0.022893
0 0.322154 0.503444 0.073691 0.044685
0 0.667260 0.397677 0.037840 0.026178
0 0.435901 0.395461 0.032986 0.026779
0 0.426009 0.448165 0.035889 0.033633
0 0.486646 0.396202 0.060189 0.066475
0 0.391910 0.498522 0.058479 0.044920
0 0.244825 0.525046 0.068603 0.040938
0 0.473829 0.467518 0.038904 0.038620
0 0.502029 0.441630 0.031665 0.029819
0 0.310077 0.542474 0.060905 0.043738
0 0.548122 0.475655 0.050385 0.035669
0 0.458257 0.456144 0.031671 0.029601
0 0.191320 0.422711 0.039654 0.026049
0 0.461232 0.422392 0.029610 0.031259
0 0.248714 0.556953 0.068940 0.045254
0 0.444145 0.511848 0.054947 0.047727
0 0.265008 0.405510 0.038926 0.027641
0 0.143365 0.418662 0.040814 0.025109
0 0.165345 0.615722 0.090607 0.061815
0 0.301766 0.577947 0.060233 0.045913
0 0.342057 0.591987 0.078516 0.053826
0 0.147343 0.685586 0.110818 0.099112
