0 0.793457 0.438689 0.028082 0.025400
0 0.835307 0.437951 0.030785 0.027122
0 0.863574 0.449173 0.023097 0.030964
0 0.856214 0.430478 0.027394 0.024722
0 0.276877 0.480937 0.030672 0.042254
0 0.596718 0.509428 0.064095 0.038069
0 0.257053 0.485152 0.042825 0.039391
0 0.261540 0.455120 0.026842 0.029425
0 0.241882 0.530188 0.045579 0.049725
0 0.148580 0.526682 0.044431 0.046373
0 0.842917 0.472268 0.037142 0.028974
0 0.302982 0.439833 0.043777 0.029216
0 0.882665 0.469433 0.025724 0.031875
0 0.791844 0.477686 0.039838 0.030356
0 0.348753 0.430172 0.051713 0.024757
0 0.132308 0.505302 0.041881 0.040742
0 0.394670 0.423217 0.042690 0.025539
0 0.820117 0.487245 0.041399 0.028290
0 0.872544 0.561136 0.030047 0.038427
0 0.257260 0.424682 0.048097 0.028905
0 0.452400 0.414334 0.042382 0.022507
0 0.538866 0.409358 0.048578 0.025132
0 0.056350 0.479634 0.057837 0.033994
0 0.515847 0.401693 0.038025 0.019881
0 0.968240 0.504265 0.052954 0.039099
0 0.607445 0.410391 0.044241 0.023451
0 0.880692 0.515048 0.057495 0.037072
0 0.829218 0.546081 0.061307 0.048481
0 0.761362 0.531623 0.060340 0.036476
0 0.675052 0.407777 0.042377 0.024695
0 0.667006 0.397906 0.039236 0.017198
0 0.605413 0.395427 0.036053 0.021403
0 0.677370 0.557703 0.074271 0.041716
0 0.586803 0.540514 0.070265 0.040864
0 0.681764 0.514681 0.064599 0.041856
0 0.572176 0.571637 0.072154 0.039387
0 0.740546 0.508583 0.060533 0.035650
0 0.424878 0.580117 0.077449 0.041592
0 0.747708 0.576997 0.075441 0.053030
0 0.744074 0.411206 0.041854 0.019068
0 0.813401 0.412517 0.042639 0.019068
0 0.747635 0.390967 0.036364 0.019381
0 0.411551 0.405350 0.046805 0.019364
0 0.193214 0.448045 0.046643 0.031520
0 0.207857 0.569948 0.074903 0.041394
0 0.219192 0.535766 0.070773 0.033900
0 0.334161 0.406547 0.042090 0.020563
0 0.154171 0.453007 0.054028 0.029175
0 0.237452 0.769650 0.110245 0.090024
0 0.195751 0.517926 0.046651 0.054303
0 0.190412 0.482045 0.048709 0.039442
