0 0.791134 0.437342 0.028360 0.025400
0 0.833150 0.433684 0.030785 0.027122
0 0.862868 0.447778 0.023097 0.030964
0 0.855591 0.429603 0.027394 0.024722
0 0.149071 0.658259 0.073434 0.069224
0 0.670071 0.509919 0.064095 0.038069
0 0.541595 0.569046 0.076693 0.050149
0 0.184177 0.596606 0.042604 0.061531
0 0.843096 0.471366 0.037142 0.028974
0 0.253913 0.471934 0.043772 0.033361
0 0.883302 0.467842 0.025724 0.031875
0 0.792811 0.475291 0.039838 0.030356
0 0.296679 0.445937 0.044569 0.032216
0 0.824478 0.486641 0.041399 0.028290
0 0.344023 0.425513 0.044462 0.028872
0 0.455626 0.415878 0.048578 0.025132
0 0.377487 0.411435 0.042996 0.019881
0 0.516531 0.409119 0.044244 0.023451
0 0.578264 0.409042 0.042377 0.024695
0 0.547119 0.399067 0.039236 0.017198
0 0.791854 0.500708 0.049675 0.032393
0 0.975361 0.485552 0.049277 0.033587
0 0.662247 0.410799 0.041854 0.019068
0 0.728819 0.412837 0.042639 0.019068
0 0.221225 0.446873 0.052230 0.029414
0 0.795234 0.529346 0.064879 0.037865
0 0.897356 0.503736 0.058299 0.034304
0 0.917400 0.531050 0.056313 0.035017
0 0.764844 0.414892 0.035031 0.018443
0 0.040640 0.644520 0.067416 0.068690
0 0.833786 0.412890 0.045227 0.027195
0 0.210086 0.471825 0.038691 0.031930
0 0.733341 0.557134 0.063302 0.045761
0 0.740730 0.510271 0.054107 0.038479
0 0.182157 0.497151 0.040703 0.043537
0 0.136750 0.457597 0.055449 0.035520
0 0.097603 0.570733 0.076622 0.037704
0 0.275487 0.431336 0.043386 0.021779
0 0.053660 0.680920 0.088201 0.081297
