0 0.790796 0.437146 0.028401 0.025400
0 0.832837 0.433062 0.030785 0.027122
0 0.862218 0.446494 0.023097 0.030964
0 0.855501 0.429475 0.027394 0.024722
0 0.081906 0.702862 0.083811 0.076336
0 0.672323 0.509577 0.064095 0.038069
0 0.611154 0.569583 0.076693 0.050149
0 0.155506 0.639060 0.061082 0.063874
0 0.843923 0.467214 0.037142 0.028974
0 0.246167 0.479115 0.038012 0.036968
0 0.883394 0.467611 0.025724 0.031875
0 0.793519 0.474554 0.039838 0.030356
0 0.288365 0.453258 0.039748 0.032216
0 0.825458 0.485924 0.041399 0.028290
0 0.307728 0.429434 0.044462 0.028872
0 0.418581 0.417939 0.048578 0.025132
0 0.347751 0.417710 0.042996 0.019881
0 0.477136 0.414788 0.044247 0.023451
0 0.542059 0.409437 0.042377 0.024695
0 0.520621 0.397574 0.039236 0.017198
0 0.793447 0.499989 0.049675 0.032393
0 0.641038 0.410799 0.041854 0.019068
0 0.706736 0.413098 0.042639 0.019068
0 0.161574 0.464072 0.063501 0.031615
0 0.835655 0.522185 0.060048 0.037069
0 0.949627 0.493041 0.052697 0.033839
0 0.932604 0.521875 0.046318 0.035017
0 0.755912 0.414892 0.035031 0.018443
0 0.829288 0.413420 0.045227 0.027195
0 0.206679 0.476216 0.038692 0.033272
0 0.772830 0.547388 0.055961 0.041763
0 0.741650 0.510136 0.054107 0.038479
0 0.176231 0.506523 0.042383 0.045103
0 0.049930 0.480217 0.057625 0.035520
0 0.195424 0.544144 0.066609 0.039457
0 0.290530 0.559861 0.076622 0.037704
0 0.214576 0.445664 0.047431 0.026294
0 0.265184 0.427744 0.044430 0.028885
