0 0.801474 0.445871 0.027541 0.032977
0 0.833489 0.453607 0.030785 0.027122
0 0.832540 0.487733 0.048195 0.035330
0 0.866950 0.443732 0.032724 0.028488
0 0.639620 0.413894 0.040896 0.026064
0 0.302828 0.490163 0.043284 0.047818
0 0.244957 0.474083 0.029861 0.033975
0 0.722036 0.417084 0.037018 0.024757
0 0.796158 0.415255 0.043300 0.027500
0 0.355803 0.426587 0.050099 0.027524
0 0.708232 0.508016 0.064554 0.031190
0 0.855644 0.530114 0.055092 0.037561
0 0.743542 0.527344 0.066806 0.034499
0 0.580423 0.543413 0.071903 0.043811
0 0.705078 0.395494 0.037274 0.019797
0 0.365446 0.548256 0.074141 0.039387
0 0.847262 0.416414 0.042585 0.025778
0 0.183950 0.488413 0.041082 0.036261
0 0.492048 0.530890 0.073183 0.039972
0 0.324491 0.571396 0.070994 0.046551
0 0.228232 0.539169 0.070271 0.038261
0 0.150966 0.579107 0.076232 0.044638
0 0.138458 0.551052 0.068075 0.033055
0 0.812338 0.394650 0.039528 0.017255
0 0.740676 0.391547 0.034421 0.018755
0 0.912520 0.414201 0.040957 0.021360
0 0.878237 0.407225 0.032089 0.020642
0 0.646390 0.617760 0.030764 0.042372
0 0.767287 0.553733 0.031667 0.035650
0 0.466480 0.681937 0.090838 0.076016
0 0.561829 0.411017 0.042321 0.026409
0 0.215511 0.496996 0.044438 0.046138
0 0.460102 0.402294 0.042940 0.024475
0 0.257110 0.449346 0.047245 0.033601
