0 0.779059 0.433045 0.033129 0.025400
0 0.824306 0.423823 0.030498 0.021877
0 0.856824 0.435838 0.023097 0.030964
0 0.836389 0.409060 0.027394 0.024722
0 0.691028 0.506737 0.064095 0.038069
0 0.972300 0.505551 0.055399 0.038720
0 0.836276 0.468891 0.037142 0.028974
0 0.880103 0.460895 0.025724 0.031875
0 0.799403 0.468436 0.039838 0.030356
0 0.148526 0.655696 0.079546 0.080339
0 0.835228 0.445851 0.030440 0.028290
0 0.186053 0.467314 0.055815 0.031224
0 0.205650 0.548363 0.044269 0.055882
0 0.215718 0.447504 0.046388 0.019566
0 0.275487 0.435783 0.047047 0.028340
0 0.807690 0.493247 0.049675 0.032393
0 0.371808 0.423340 0.042312 0.027416
0 0.464256 0.416132 0.042639 0.023721
0 0.531790 0.412489 0.037976 0.020574
0 0.617664 0.409971 0.045227 0.027195
0 0.117321 0.605694 0.058280 0.060388
0 0.868174 0.483250 0.038481 0.031629
0 0.756084 0.508048 0.054107 0.038479
0 0.783614 0.524490 0.055719 0.034173
0 0.825773 0.515859 0.050872 0.037079
0 0.034240 0.656756 0.068480 0.070708
0 0.701244 0.531602 0.056070 0.035225
0 0.675283 0.414727 0.043849 0.018620
0 0.731674 0.411331 0.041729 0.026283
0 0.659557 0.549554 0.077093 0.038057
0 0.878538 0.539036 0.059598 0.037604
0 0.138185 0.543432 0.040773 0.047073
0 0.065401 0.478313 0.053521 0.034099
0 0.781736 0.411957 0.039224 0.020438
0 0.141176 0.457224 0.044134 0.032475
