0 0.353103 0.386683 0.037116 0.027073
0 0.426234 0.402854 0.024057 0.031306
0 0.415542 0.443729 0.029300 0.031495
0 0.380327 0.483504 0.066639 0.039034
0 0.399613 0.386569 0.038660 0.026770
0 0.428346 0.425088 0.023337 0.028178
0 0.417450 0.364154 0.087692 0.037926
0 0.428645 0.463457 0.039015 0.036602
0 0.313101 0.505924 0.066606 0.034570
0 0.472076 0.409193 0.023329 0.027410
0 0.451944 0.395657 0.020887 0.025640
0 0.290748 0.533427 0.065263 0.038059
0 0.255527 0.570011 0.072664 0.049504
0 0.496020 0.414639 0.027210 0.023420
0 0.489080 0.443768 0.049000 0.047570
0 0.173422 0.608562 0.093220 0.053476
0 0.452136 0.486334 0.051083 0.037849
0 0.355039 0.520313 0.050918 0.030326
0 0.707919 0.402431 0.033182 0.027062
0 0.143674 0.661537 0.089891 0.062118
0 0.058516 0.441065 0.036958 0.025268
0 0.218021 0.533806 0.052735 0.040512
0 0.151202 0.424650 0.041589 0.027908
0 0.379908 0.532258 0.067772 0.044559
0 0.319801 0.579112 0.060494 0.047431
0 0.062728 0.665305 0.097622 0.058357
0 0.043568 0.728703 0.087137 0.079403
0 0.250190 0.401163 0.040445 0.028133
0 0.086410 0.593492 0.082105 0.060318
0 0.174492 0.709921 0.089175 0.074118
0 0.066444 0.790279 0.114809 0.093444
