0 0.430849 0.412043 0.025987 0.021821
0 0.391747 0.404040 0.034810 0.021811
0 0.432076 0.395254 0.029831 0.021496
0 0.477803 0.405068 0.025061 0.024823
0 0.417517 0.451153 0.032457 0.028517
0 0.406588 0.475070 0.050755 0.033311
0 0.351469 0.491942 0.053452 0.028400
0 0.275238 0.518739 0.069448 0.035143
0 0.119586 0.435461 0.057304 0.027561
0 0.757273 0.372903 0.028093 0.021198
0 0.197944 0.414441 0.046882 0.028245
0 0.740454 0.395377 0.034474 0.022178
0 0.511492 0.426429 0.027912 0.034348
0 0.613768 0.431752 0.041800 0.028008
0 0.700348 0.397993 0.033134 0.023833
0 0.464402 0.470378 0.043718 0.026453
0 0.265174 0.407570 0.040668 0.021753
0 0.321540 0.398665 0.038900 0.021143
0 0.585103 0.457263 0.045991 0.032641
0 0.451053 0.493355 0.056707 0.036977
0 0.170540 0.540557 0.075776 0.039983
0 0.381020 0.390906 0.030802 0.019874
0 0.029735 0.450455 0.048607 0.028659
0 0.390643 0.529429 0.070723 0.042626
0 0.300847 0.532496 0.070023 0.030473
0 0.436454 0.380389 0.034508 0.018018
0 0.479500 0.370955 0.036108 0.026633
0 0.307776 0.558484 0.071135 0.047636
0 0.236964 0.603988 0.082644 0.059522
0 0.125003 0.589580 0.081508 0.050588
0 0.064397 0.576866 0.079087 0.038423
0 0.064617 0.429360 0.047716 0.022507
