0 0.424976 0.406209 0.026262 0.019370
0 0.381465 0.401539 0.036079 0.021811
0 0.430067 0.394896 0.029831 0.020859
0 0.472360 0.399900 0.025061 0.024105
0 0.426362 0.427730 0.027638 0.025587
0 0.456775 0.424039 0.025107 0.025204
0 0.448638 0.449310 0.033511 0.027831
0 0.419302 0.467685 0.052780 0.033776
0 0.510241 0.417542 0.027912 0.031314
0 0.482290 0.420619 0.024121 0.023617
0 0.362201 0.486624 0.059961 0.032693
0 0.024217 0.460908 0.037947 0.026615
0 0.482540 0.453016 0.034638 0.029646
0 0.098652 0.438991 0.045503 0.025630
0 0.291576 0.513931 0.060461 0.035873
0 0.249791 0.414062 0.044283 0.030657
0 0.721812 0.392420 0.027601 0.019867
0 0.783838 0.376507 0.030634 0.020534
0 0.728600 0.398444 0.032632 0.026727
0 0.669880 0.403318 0.036743 0.025712
0 0.050034 0.441189 0.040969 0.021624
0 0.322135 0.399528 0.046458 0.021162
0 0.391413 0.384613 0.036103 0.023757
0 0.564108 0.462658 0.123386 0.085180
0 0.201254 0.533793 0.066023 0.034115
0 0.428696 0.533019 0.068473 0.038685
0 0.185027 0.580612 0.065439 0.043158
0 0.319450 0.530007 0.062153 0.048164
0 0.459666 0.378272 0.036626 0.018524
0 0.370928 0.558567 0.031283 0.044113
0 0.174029 0.592032 0.077737 0.050219
0 0.117994 0.558113 0.079469 0.051765
0 0.438701 0.503197 0.048662 0.028714
0 0.421712 0.491770 0.049730 0.034660
0 0.537654 0.426708 0.024151 0.023043
0 0.153167 0.734762 0.048788 0.053668
