0 0.334155 0.395159 0.042429 0.021811
0 0.457517 0.387386 0.021259 0.022247
0 0.434716 0.409749 0.024410 0.027805
0 0.421786 0.437399 0.027659 0.032688
0 0.466978 0.414490 0.028216 0.028119
0 0.055134 0.455779 0.055344 0.028715
0 0.142989 0.430982 0.047725 0.027997
0 0.328164 0.504424 0.063525 0.039580
0 0.218461 0.418593 0.049507 0.024876
0 0.227236 0.523324 0.073476 0.045180
0 0.465641 0.374703 0.026521 0.019900
0 0.490654 0.400576 0.032689 0.030888
0 0.277514 0.406781 0.040134 0.022893
0 0.123059 0.548673 0.081478 0.053995
0 0.405150 0.470575 0.046584 0.033380
0 0.665248 0.422720 0.036550 0.026706
0 0.497401 0.442107 0.034237 0.029244
0 0.505744 0.464168 0.048334 0.030697
0 0.415560 0.498085 0.050655 0.039273
0 0.344887 0.546561 0.061722 0.046811
0 0.255524 0.565430 0.074993 0.044345
0 0.220831 0.666875 0.225898 0.206716
0 0.061796 0.717808 0.085823 0.082688
