0 0.695093 0.517807 0.051838 0.037427
0 0.849214 0.481920 0.034772 0.032500
0 0.715800 0.401848 0.039959 0.024592
0 0.834183 0.527646 0.026917 0.041870
0 0.638388 0.531267 0.031755 0.034926
0 0.276686 0.428914 0.044988 0.031968
0 0.128323 0.587814 0.061538 0.061368
0 0.192749 0.502277 0.040351 0.055951
0 0.270919 0.466242 0.035216 0.038447
0 0.521227 0.547892 0.028613 0.040962
0 0.825143 0.437331 0.031296 0.031556
0 0.790233 0.405721 0.027511 0.025749
0 0.774897 0.482487 0.041518 0.034052
0 0.762982 0.440059 0.028893 0.033274
0 0.837813 0.416112 0.031581 0.024998
0 0.486694 0.411789 0.045846 0.027611
0 0.818468 0.397662 0.031942 0.023905
0 0.664638 0.412287 0.044059 0.023382
0 0.561641 0.405310 0.041615 0.027766
