0 0.792589 0.438186 0.028186 0.025400
0 0.834502 0.436358 0.030785 0.027122
0 0.863574 0.449173 0.023097 0.030964
0 0.855981 0.430151 0.027394 0.024722
0 0.275197 0.485733 0.030297 0.044488
0 0.648814 0.512604 0.064095 0.038069
0 0.293175 0.506720 0.050953 0.040657
0 0.255766 0.460838 0.028880 0.031724
0 0.157910 0.616550 0.073750 0.070645
0 0.071854 0.617215 0.059049 0.060075
0 0.842917 0.472268 0.037142 0.028974
0 0.303948 0.442255 0.043774 0.031637
0 0.882903 0.468839 0.025724 0.031875
0 0.792157 0.476824 0.039838 0.030356
0 0.108511 0.549638 0.041579 0.051898
0 0.369926 0.424283 0.042690 0.025539
0 0.821445 0.487566 0.041399 0.028290
0 0.896514 0.559438 0.030047 0.038427
0 0.087985 0.468665 0.055550 0.039381
0 0.438979 0.414862 0.042382 0.022507
0 0.518757 0.411480 0.048578 0.025132
0 0.483907 0.403906 0.042996 0.019881
0 0.576990 0.410009 0.044241 0.023451
0 0.969786 0.494813 0.048880 0.036476
0 0.636381 0.408079 0.042377 0.024695
0 0.604375 0.399127 0.039236 0.017198
0 0.556175 0.398256 0.036053 0.021403
0 0.879100 0.519028 0.064779 0.035771
0 0.774668 0.525361 0.059001 0.034554
0 0.783404 0.547765 0.059502 0.031822
0 0.785294 0.503051 0.049675 0.032393
0 0.657435 0.562692 0.070523 0.041592
0 0.902433 0.539161 0.060521 0.043310
0 0.697382 0.409168 0.041854 0.019068
0 0.751787 0.414080 0.042639 0.019068
0 0.379710 0.407143 0.046805 0.019364
0 0.517212 0.560437 0.074903 0.041394
0 0.565243 0.530414 0.070773 0.041840
0 0.774677 0.574898 0.072000 0.044313
0 0.183447 0.446411 0.049949 0.027901
0 0.273883 0.417760 0.046019 0.027821
0 0.807804 0.414359 0.035031 0.018443
0 0.744919 0.399832 0.044704 0.023132
0 0.142196 0.498884 0.043983 0.040721
0 0.872223 0.411975 0.045227 0.027195
0 0.807002 0.398214 0.045488 0.017193
0 0.329137 0.421476 0.038691 0.022013
0 0.168950 0.553382 0.050705 0.062237
0 0.172491 0.506073 0.042419 0.045781
