0 0.798551 0.443693 0.028802 0.028490
0 0.836975 0.446215 0.030785 0.027122
0 0.865774 0.453036 0.028534 0.035001
0 0.857691 0.432556 0.027394 0.024722
0 0.455264 0.416504 0.040896 0.026064
0 0.311934 0.495837 0.046237 0.048883
0 0.245781 0.476675 0.027575 0.035416
0 0.562963 0.413631 0.037018 0.024757
0 0.647821 0.411904 0.043300 0.027500
0 0.280733 0.469466 0.033602 0.040098
0 0.800365 0.476351 0.037731 0.032158
0 0.958860 0.493662 0.054113 0.030308
0 0.703882 0.527362 0.071265 0.029620
0 0.722161 0.412664 0.042585 0.025778
0 0.166537 0.505604 0.041082 0.042255
0 0.830508 0.509069 0.065227 0.039972
0 0.694591 0.552401 0.067992 0.042756
0 0.589652 0.520351 0.070271 0.038261
0 0.572820 0.559709 0.078038 0.039249
0 0.476771 0.548669 0.067159 0.041875
0 0.647328 0.392037 0.039528 0.019619
0 0.576996 0.392474 0.034421 0.019852
0 0.798597 0.415516 0.040957 0.021360
0 0.934085 0.540812 0.024886 0.037297
0 0.384496 0.576543 0.079048 0.046364
0 0.779146 0.573405 0.072157 0.050421
0 0.094648 0.468550 0.055967 0.034138
0 0.235902 0.553101 0.076044 0.041412
0 0.715414 0.390569 0.041096 0.019881
0 0.319244 0.421865 0.050624 0.021933
0 0.123746 0.581593 0.073634 0.045913
0 0.071356 0.555420 0.072279 0.038891
0 0.862819 0.417993 0.046743 0.024757
0 0.536642 0.405352 0.039214 0.025883
0 0.323019 0.747546 0.048558 0.051738
0 0.610981 0.404061 0.042351 0.026633
0 0.368256 0.424450 0.042751 0.028677
0 0.211731 0.500702 0.044735 0.047232
0 0.202636 0.473934 0.047347 0.034007
