0 0.420462 0.401194 0.026262 0.019370
0 0.367547 0.398353 0.037660 0.021811
0 0.425566 0.423817 0.027638 0.025587
0 0.453297 0.411802 0.023485 0.025329
0 0.477487 0.428207 0.029575 0.024964
0 0.433905 0.457883 0.045960 0.032895
0 0.458649 0.368798 0.032033 0.022212
0 0.388336 0.478430 0.052845 0.034325
0 0.483653 0.408631 0.027415 0.025368
0 0.460877 0.471216 0.040616 0.034332
0 0.053724 0.450151 0.054631 0.037336
0 0.152118 0.431205 0.046412 0.028494
0 0.237692 0.413789 0.046257 0.026177
0 0.247360 0.521587 0.068969 0.039580
0 0.624869 0.416988 0.036820 0.025520
0 0.688193 0.394230 0.032230 0.023100
0 0.310236 0.402120 0.043018 0.024788
0 0.767514 0.377390 0.030941 0.018318
0 0.157070 0.540708 0.073476 0.045180
0 0.522843 0.411780 0.028946 0.026847
0 0.521536 0.446165 0.032746 0.039183
0 0.476534 0.383082 0.029286 0.024764
0 0.591683 0.457060 0.045848 0.026827
0 0.359745 0.393513 0.035557 0.018995
0 0.071051 0.569692 0.081478 0.053995
0 0.732098 0.396566 0.031982 0.022379
0 0.517362 0.490337 0.056776 0.035480
0 0.322368 0.505651 0.064202 0.029121
0 0.408615 0.531741 0.068363 0.040501
0 0.318350 0.548692 0.063101 0.039675
0 0.379802 0.511637 0.058634 0.040269
0 0.278060 0.537675 0.062300 0.040287
