0 0.808121 0.457872 0.021861 0.030800
0 0.836339 0.449538 0.029295 0.027382
0 0.736608 0.506940 0.057788 0.038579
0 0.607766 0.523134 0.073183 0.039540
0 0.402276 0.545419 0.073179 0.048614
0 0.449462 0.521432 0.067762 0.038243
0 0.794682 0.418681 0.039031 0.022023
0 0.825564 0.404923 0.040107 0.019871
0 0.382229 0.422672 0.046080 0.036947
0 0.868746 0.407070 0.041741 0.017466
0 0.324343 0.429424 0.045785 0.031778
0 0.227753 0.567106 0.079715 0.044077
0 0.869391 0.420000 0.037018 0.024757
0 0.931323 0.413061 0.039841 0.030384
0 0.568025 0.407437 0.046410 0.026258
0 0.075079 0.537391 0.068703 0.036761
0 0.102999 0.581804 0.065566 0.038261
0 0.468085 0.580722 0.040119 0.036734
0 0.526783 0.403408 0.046898 0.026350
0 0.702535 0.416905 0.044237 0.030197
0 0.281957 0.448110 0.048296 0.039958
0 0.653248 0.410430 0.044059 0.023382
0 0.457260 0.413103 0.043669 0.027766
