0 0.372093 0.391976 0.039460 0.027073
0 0.424572 0.407821 0.024057 0.031306
0 0.409482 0.450435 0.039319 0.031495
0 0.387341 0.377034 0.037615 0.022131
0 0.020786 0.463162 0.041572 0.027589
0 0.355817 0.491512 0.068402 0.040447
0 0.414812 0.390655 0.038660 0.026770
0 0.428149 0.431760 0.025529 0.033633
0 0.444009 0.370211 0.082863 0.037926
0 0.417511 0.477128 0.047060 0.036602
0 0.283608 0.508755 0.068603 0.034570
0 0.500290 0.424172 0.027835 0.035217
0 0.496128 0.397613 0.023960 0.026368
0 0.711766 0.401922 0.037897 0.024848
0 0.466162 0.433016 0.029439 0.030025
0 0.089040 0.443112 0.040436 0.027736
0 0.453822 0.407528 0.029597 0.030479
0 0.277158 0.540367 0.065737 0.038988
0 0.606438 0.443769 0.049594 0.037996
0 0.166047 0.428045 0.042969 0.028980
0 0.239953 0.579120 0.075667 0.049504
0 0.444415 0.491482 0.046675 0.036713
0 0.531432 0.422649 0.031984 0.032504
0 0.233264 0.414863 0.040705 0.025790
0 0.372850 0.532518 0.085831 0.074002
0 0.084402 0.611496 0.093220 0.053476
0 0.364673 0.581464 0.065503 0.051872
0 0.184591 0.701598 0.073987 0.064671
0 0.107529 0.696757 0.100814 0.098728
