0 0.774452 0.444948 0.028635 0.032574
0 0.800307 0.433410 0.024371 0.030227
0 0.196886 0.515694 0.045736 0.046314
0 0.270006 0.478466 0.036123 0.031551
0 0.328419 0.431211 0.051603 0.028864
0 0.831343 0.435527 0.033293 0.031991
0 0.855651 0.466169 0.028575 0.034173
0 0.829867 0.406995 0.024018 0.026148
0 0.818931 0.480338 0.028894 0.033471
0 0.405191 0.424752 0.043849 0.021061
0 0.471928 0.413483 0.041729 0.026283
0 0.862607 0.440624 0.034795 0.034215
0 0.534112 0.411329 0.039224 0.020438
0 0.771523 0.480343 0.039128 0.037620
0 0.127618 0.580556 0.075196 0.074150
0 0.886306 0.491423 0.034054 0.035148
0 0.903997 0.462560 0.045681 0.036951
0 0.793714 0.531885 0.027276 0.035487
0 0.695373 0.545363 0.058953 0.043841
0 0.035244 0.477512 0.050220 0.040612
0 0.149557 0.455618 0.050966 0.031968
0 0.390226 0.649085 0.096319 0.067554
0 0.215487 0.443355 0.045025 0.032982
0 0.720002 0.420342 0.035069 0.023962
0 0.126946 0.754742 0.113776 0.088984
0 0.341785 0.745454 0.109847 0.075820
0 0.463515 0.654090 0.090064 0.082828
0 0.253841 0.450850 0.045596 0.033486
0 0.092130 0.845607 0.134646 0.096123
