0 0.424754 0.405951 0.026262 0.019370
0 0.380695 0.401363 0.036166 0.021811
0 0.429869 0.394955 0.029831 0.020859
0 0.472160 0.399728 0.025061 0.024105
0 0.426314 0.427530 0.027638 0.025587
0 0.456801 0.423820 0.024854 0.025224
0 0.448784 0.449167 0.033511 0.027831
0 0.419756 0.467463 0.052780 0.033776
0 0.510177 0.417444 0.027912 0.031314
0 0.482048 0.419172 0.024121 0.023617
0 0.363429 0.487284 0.059961 0.032693
0 0.018144 0.462034 0.036289 0.026615
0 0.484095 0.452488 0.034059 0.029787
0 0.082353 0.442034 0.045888 0.031315
0 0.292367 0.514240 0.060461 0.035873
0 0.236734 0.415250 0.045923 0.034233
0 0.803451 0.368334 0.029098 0.020534
0 0.731946 0.396643 0.032632 0.026727
0 0.696010 0.394495 0.035008 0.025712
0 0.033515 0.445187 0.041604 0.024131
0 0.312535 0.401754 0.047421 0.024645
0 0.377750 0.388499 0.036103 0.023757
0 0.598520 0.445057 0.115038 0.078387
0 0.204454 0.535772 0.066023 0.039389
0 0.479713 0.516474 0.060447 0.038377
0 0.235577 0.548198 0.063014 0.032120
0 0.348470 0.519278 0.061522 0.041774
0 0.443629 0.379883 0.036626 0.017574
0 0.406398 0.536427 0.031283 0.044113
0 0.232063 0.572729 0.077858 0.048132
0 0.127820 0.552231 0.074475 0.046278
0 0.474946 0.488414 0.047915 0.027803
0 0.440889 0.487927 0.049730 0.034660
0 0.127109 0.617991 0.087385 0.069794
0 0.534756 0.417242 0.021162 0.024741
