0 0.386181 0.393971 0.030577 0.027393
0 0.419243 0.378724 0.024480 0.023855
0 0.034691 0.459374 0.053158 0.028468
0 0.423267 0.451562 0.035898 0.033933
0 0.165058 0.429462 0.049507 0.024876
0 0.325587 0.499436 0.063677 0.039295
0 0.448853 0.385712 0.038462 0.028893
0 0.235228 0.415991 0.040134 0.022893
0 0.252534 0.520407 0.073691 0.047310
0 0.433630 0.418327 0.025832 0.029408
0 0.465144 0.407613 0.034237 0.029244
0 0.585111 0.431007 0.042233 0.030697
0 0.467781 0.429469 0.026891 0.031491
0 0.377578 0.499141 0.052922 0.034696
0 0.489222 0.477210 0.097157 0.106157
0 0.286715 0.560539 0.068479 0.048637
0 0.166048 0.548942 0.073183 0.049262
0 0.320893 0.569420 0.058021 0.047796
0 0.400065 0.516844 0.057127 0.038892
0 0.146559 0.645735 0.087871 0.054094
0 0.099023 0.437389 0.049006 0.026474
0 0.149274 0.704044 0.093770 0.076235
