0 0.793574 0.438758 0.028067 0.025400
0 0.835416 0.438167 0.030785 0.027122
0 0.863574 0.449173 0.023097 0.030964
0 0.856245 0.430523 0.027394 0.024722
0 0.277105 0.480287 0.030723 0.041951
0 0.588793 0.509857 0.064095 0.038805
0 0.256879 0.484951 0.042425 0.039287
0 0.261736 0.455049 0.026842 0.029425
0 0.242449 0.529468 0.045474 0.049600
0 0.152972 0.520754 0.043091 0.044726
0 0.842917 0.472268 0.037142 0.028974
0 0.302744 0.439514 0.043777 0.028887
0 0.882633 0.469513 0.025724 0.031875
0 0.791802 0.477803 0.039838 0.030356
0 0.348753 0.430172 0.051713 0.024757
0 0.134359 0.502726 0.041962 0.039490
0 0.398025 0.423072 0.042690 0.025539
0 0.819937 0.487201 0.041399 0.028290
0 0.861552 0.561046 0.030047 0.038427
0 0.276164 0.420469 0.047937 0.028556
0 0.454220 0.414263 0.042382 0.022507
0 0.549545 0.409620 0.048578 0.025132
0 0.094655 0.473172 0.057984 0.033994
0 0.519764 0.401599 0.038025 0.019881
0 0.939631 0.509633 0.055856 0.039099
0 0.618578 0.410689 0.044241 0.023451
0 0.845228 0.520792 0.059226 0.037072
0 0.811279 0.550989 0.063868 0.049915
0 0.726360 0.533919 0.060340 0.036476
0 0.685526 0.408518 0.042377 0.024695
0 0.681845 0.397084 0.039236 0.017198
0 0.621207 0.395853 0.036053 0.021403
0 0.650614 0.562765 0.078483 0.041716
0 0.554217 0.542584 0.070265 0.041052
0 0.672894 0.514157 0.064599 0.041856
0 0.536783 0.573993 0.072154 0.039387
0 0.734026 0.508090 0.060533 0.035650
0 0.379945 0.581005 0.076251 0.041592
0 0.730204 0.580973 0.075441 0.054179
0 0.756207 0.411528 0.041854 0.019068
0 0.826555 0.412939 0.042639 0.019068
0 0.766606 0.391854 0.036364 0.019381
0 0.419413 0.405525 0.046805 0.019364
0 0.214025 0.444061 0.046643 0.031520
0 0.159885 0.569016 0.074903 0.041394
0 0.169039 0.536909 0.070773 0.033760
0 0.356217 0.402985 0.041828 0.020318
0 0.191400 0.795484 0.118275 0.092335
0 0.196092 0.517559 0.046611 0.054153
0 0.190673 0.481872 0.048680 0.039326
