0 0.792839 0.438331 0.028156 0.025400
0 0.834734 0.436817 0.030785 0.027122
0 0.863574 0.449173 0.023097 0.030964
0 0.856048 0.430246 0.027394 0.024722
0 0.275681 0.484351 0.030405 0.043844
0 0.641264 0.512880 0.064095 0.038069
0 0.270244 0.492391 0.044324 0.039782
0 0.260509 0.455489 0.026842 0.029425
0 0.219770 0.557201 0.056143 0.059094
0 0.112801 0.570790 0.049455 0.052550
0 0.842917 0.472268 0.037142 0.028974
0 0.304229 0.441510 0.043775 0.030940
0 0.882835 0.469010 0.025724 0.031875
0 0.792067 0.477073 0.039838 0.030356
0 0.117163 0.527928 0.041579 0.045436
0 0.377056 0.423976 0.042690 0.025539
0 0.821062 0.487474 0.041399 0.028290
0 0.896255 0.559541 0.030047 0.038427
0 0.144083 0.456062 0.052899 0.039381
0 0.442846 0.414710 0.042382 0.022507
0 0.524168 0.411300 0.048578 0.025132
0 0.493955 0.403039 0.041753 0.019881
0 0.582830 0.409701 0.044241 0.023451
0 0.950473 0.525662 0.057590 0.047373
0 0.909974 0.504817 0.052437 0.036476
0 0.640512 0.408079 0.042377 0.024695
0 0.614394 0.399652 0.039236 0.017198
0 0.564424 0.398548 0.036053 0.021403
0 0.821696 0.526943 0.064779 0.039268
0 0.723182 0.527654 0.063510 0.035827
0 0.726385 0.555243 0.064292 0.036272
0 0.781701 0.502093 0.056062 0.034309
0 0.602330 0.566317 0.070523 0.041592
0 0.859392 0.551895 0.066369 0.049027
0 0.703686 0.410267 0.041854 0.019068
0 0.763885 0.413957 0.042639 0.019068
0 0.675026 0.394899 0.036364 0.019381
0 0.388802 0.405812 0.046805 0.019364
0 0.039912 0.489023 0.047752 0.040162
0 0.443165 0.566848 0.074903 0.041394
0 0.470669 0.534898 0.070773 0.036991
0 0.733754 0.586806 0.080599 0.051315
0 0.233355 0.432360 0.049949 0.027901
0 0.320681 0.406684 0.044181 0.027821
0 0.823102 0.414062 0.035031 0.018443
0 0.773510 0.399213 0.044704 0.023132
0 0.153812 0.486759 0.049148 0.038761
0 0.477859 0.649429 0.076676 0.055946
0 0.183969 0.530242 0.046805 0.054869
0 0.182154 0.490801 0.047132 0.041486
