0 0.794979 0.413901 0.028967 0.022362
0 0.195921 0.551801 0.052213 0.050902
0 0.255226 0.474785 0.035329 0.036712
0 0.337787 0.428248 0.047344 0.026788
0 0.611259 0.411973 0.039800 0.025079
0 0.777067 0.418079 0.028265 0.028202
0 0.783943 0.455376 0.031163 0.029732
0 0.771448 0.482662 0.036306 0.038209
0 0.433188 0.417148 0.048656 0.026760
0 0.726590 0.401294 0.034215 0.018191
0 0.865171 0.460342 0.032757 0.035333
0 0.088641 0.479909 0.059423 0.028331
0 0.143563 0.458529 0.048813 0.030232
0 0.751808 0.517879 0.046756 0.040274
0 0.496727 0.411552 0.043615 0.023257
0 0.271691 0.440299 0.046211 0.024757
