0 0.784906 0.434771 0.030384 0.025400
0 0.829229 0.427472 0.028972 0.019553
0 0.857502 0.437177 0.023097 0.030964
0 0.848652 0.421160 0.027394 0.024722
0 0.688678 0.507094 0.064095 0.038069
0 0.952428 0.510314 0.057482 0.038720
0 0.832566 0.478657 0.037142 0.028974
0 0.114351 0.639030 0.069426 0.065109
0 0.882505 0.464086 0.025724 0.031875
0 0.798664 0.469205 0.039838 0.030356
0 0.214690 0.586222 0.055057 0.063234
0 0.835378 0.447829 0.032851 0.028290
0 0.231971 0.454875 0.050707 0.030191
0 0.224031 0.515727 0.034032 0.048592
0 0.254057 0.436830 0.046388 0.019566
0 0.322752 0.427522 0.042377 0.025301
0 0.805007 0.494771 0.049675 0.032393
0 0.415259 0.418243 0.042030 0.023803
0 0.498465 0.412508 0.042639 0.023721
0 0.560802 0.412662 0.037976 0.020574
0 0.629067 0.408418 0.045227 0.027195
0 0.152901 0.559331 0.046517 0.052290
0 0.865345 0.490227 0.038481 0.031629
0 0.748332 0.509162 0.054107 0.038479
0 0.776188 0.528084 0.055719 0.034173
0 0.823370 0.516704 0.053138 0.037079
0 0.082929 0.601109 0.053116 0.062589
0 0.663902 0.532076 0.059348 0.036730
0 0.688707 0.412484 0.043849 0.018620
0 0.743221 0.410468 0.041729 0.026283
0 0.575421 0.550188 0.077093 0.038057
0 0.757125 0.558382 0.066464 0.041969
0 0.158179 0.509387 0.038716 0.041205
0 0.138172 0.461647 0.053521 0.034099
0 0.807718 0.412130 0.039224 0.020438
