0 0.423810 0.404855 0.026262 0.019370
0 0.377424 0.400614 0.036538 0.021811
0 0.429447 0.393424 0.029831 0.020859
0 0.464448 0.394967 0.028516 0.022902
0 0.426107 0.426682 0.027638 0.025587
0 0.456915 0.422888 0.023780 0.025306
0 0.459247 0.441283 0.033511 0.027831
0 0.422377 0.466254 0.051927 0.033666
0 0.509903 0.417027 0.027912 0.031314
0 0.481020 0.413021 0.024121 0.023617
0 0.368648 0.490088 0.059961 0.032693
0 0.486417 0.446180 0.033962 0.029810
0 0.022667 0.457744 0.045333 0.036289
0 0.295730 0.515551 0.060461 0.035873
0 0.188183 0.419975 0.047358 0.035224
0 0.267821 0.410192 0.048264 0.027693
0 0.333061 0.397651 0.041072 0.026191
0 0.706437 0.400019 0.082919 0.058125
0 0.209029 0.536042 0.070412 0.040587
0 0.635643 0.444768 0.038272 0.026958
0 0.373445 0.514034 0.055020 0.032943
0 0.440693 0.485601 0.053681 0.029423
0 0.394414 0.387215 0.036626 0.016148
0 0.525021 0.465410 0.022340 0.031601
0 0.450823 0.503550 0.059351 0.039797
0 0.131655 0.549510 0.073476 0.045180
0 0.619219 0.428728 0.038914 0.027064
0 0.501475 0.465169 0.048765 0.027983
0 0.350228 0.541841 0.073710 0.052162
0 0.528910 0.405753 0.023194 0.025024
0 0.253527 0.569308 0.077213 0.042198
0 0.456882 0.376499 0.035744 0.017869
0 0.469795 0.524894 0.024846 0.039804
0 0.043111 0.576287 0.081478 0.053995
0 0.309629 0.596743 0.073984 0.049303
0 0.065366 0.434536 0.043442 0.035635
0 0.071966 0.634436 0.100927 0.059417
