0 0.399374 0.391668 0.034680 0.029947
0 0.271737 0.383147 0.110754 0.044187
0 0.336983 0.392700 0.043484 0.029475
0 0.366991 0.485732 0.060060 0.030449
0 0.393307 0.497650 0.050878 0.038059
0 0.330903 0.526366 0.072664 0.042997
0 0.432441 0.420992 0.028872 0.028695
0 0.359882 0.543524 0.059714 0.044792
0 0.305842 0.509965 0.052735 0.032987
0 0.127514 0.430475 0.046031 0.027908
0 0.459561 0.476984 0.041109 0.034445
0 0.414591 0.513618 0.046947 0.036688
0 0.245004 0.564225 0.075347 0.045989
0 0.292591 0.577010 0.068080 0.048609
0 0.186186 0.417668 0.046601 0.028133
0 0.236097 0.528542 0.074556 0.039311
0 0.237170 0.408408 0.043905 0.025507
0 0.666254 0.404612 0.031921 0.025976
0 0.600076 0.438795 0.043904 0.031112
0 0.441723 0.527855 0.052849 0.047444
0 0.342384 0.595637 0.061973 0.053849
0 0.155804 0.636998 0.043378 0.043763
