0 0.372545 0.392009 0.039616 0.027073
0 0.424515 0.407993 0.024057 0.031306
0 0.408747 0.450972 0.039319 0.031495
0 0.387341 0.377034 0.037615 0.022131
0 0.028339 0.460915 0.042195 0.028726
0 0.353591 0.491901 0.069504 0.041330
0 0.415271 0.390808 0.038660 0.026770
0 0.428192 0.432215 0.025529 0.033633
0 0.446505 0.370755 0.082863 0.037926
0 0.417062 0.478008 0.047060 0.036602
0 0.281851 0.510025 0.068603 0.034570
0 0.499809 0.425899 0.027835 0.035217
0 0.497848 0.400410 0.023960 0.026368
0 0.701694 0.405476 0.038682 0.025282
0 0.466032 0.433485 0.029439 0.030025
0 0.097799 0.441674 0.039654 0.026049
0 0.454060 0.408097 0.029597 0.030479
0 0.275977 0.541135 0.066034 0.039568
0 0.591668 0.454085 0.049594 0.037996
0 0.171948 0.426741 0.042969 0.028980
0 0.239138 0.580048 0.077544 0.049504
0 0.436133 0.496375 0.049500 0.038629
0 0.530778 0.427103 0.031984 0.032504
0 0.239332 0.413602 0.040461 0.025790
0 0.363339 0.538772 0.085831 0.074002
0 0.077213 0.612277 0.093220 0.053476
0 0.346829 0.593074 0.065503 0.055105
0 0.172159 0.712465 0.078736 0.069745
0 0.092497 0.706604 0.100814 0.098728
