0 0.433800 0.414172 0.025625 0.025042
0 0.395790 0.404699 0.034810 0.021811
0 0.434610 0.397626 0.029831 0.023191
0 0.478057 0.409006 0.025061 0.030277
0 0.412217 0.459670 0.036211 0.032738
0 0.386770 0.483863 0.054560 0.033311
0 0.323101 0.501178 0.054405 0.032421
0 0.694286 0.403147 0.035859 0.024946
0 0.601058 0.432242 0.041484 0.033463
0 0.242540 0.520067 0.069448 0.032992
0 0.668555 0.421974 0.041757 0.027960
0 0.021590 0.457445 0.043179 0.035341
0 0.060700 0.441342 0.045040 0.029936
0 0.206434 0.415624 0.047006 0.034096
0 0.471499 0.480731 0.054110 0.037658
0 0.567887 0.465206 0.045895 0.039413
0 0.123159 0.436076 0.046589 0.025461
0 0.161449 0.415870 0.050039 0.024490
0 0.474557 0.510519 0.062263 0.040786
0 0.364329 0.507607 0.062375 0.039263
0 0.346290 0.537876 0.067860 0.044165
0 0.278244 0.395310 0.040853 0.026296
0 0.324373 0.395379 0.044227 0.028891
0 0.337161 0.368791 0.047810 0.027423
0 0.259964 0.575110 0.081961 0.052137
0 0.160674 0.566329 0.084029 0.045668
0 0.114531 0.625528 0.075547 0.053296
0 0.369772 0.384282 0.035069 0.022552
0 0.466826 0.375513 0.042142 0.022924
0 0.051958 0.613023 0.080830 0.048628
