0 0.429755 0.411253 0.026121 0.020627
0 0.390249 0.403795 0.034810 0.021811
0 0.431136 0.394375 0.029831 0.020867
0 0.476954 0.403848 0.025061 0.024105
0 0.422961 0.441494 0.029793 0.027967
0 0.446090 0.454877 0.035557 0.031220
0 0.396165 0.480391 0.050337 0.030526
0 0.322364 0.499880 0.063808 0.029638
0 0.062130 0.442684 0.058621 0.027561
0 0.141481 0.429540 0.050964 0.028245
0 0.511492 0.421969 0.027912 0.032410
0 0.783794 0.374412 0.028014 0.019180
0 0.483881 0.449980 0.028713 0.026724
0 0.213443 0.418259 0.042863 0.024774
0 0.265958 0.408621 0.039098 0.021792
0 0.751321 0.394469 0.029950 0.019512
0 0.682656 0.403647 0.034884 0.026370
0 0.232874 0.530233 0.073250 0.039976
0 0.314347 0.403167 0.035185 0.021010
0 0.627526 0.426264 0.041215 0.024747
0 0.449519 0.479417 0.049724 0.034978
0 0.367215 0.392371 0.037329 0.022895
0 0.547212 0.458166 0.044785 0.033248
0 0.574874 0.476388 0.049886 0.036451
0 0.378576 0.511168 0.065063 0.036797
0 0.123626 0.561871 0.070934 0.040530
0 0.443174 0.514743 0.056582 0.038052
0 0.463030 0.376479 0.039559 0.024735
0 0.319525 0.533525 0.070382 0.045622
0 0.080069 0.421667 0.048818 0.025136
0 0.327094 0.559007 0.077039 0.044283
0 0.150259 0.612875 0.086301 0.054593
0 0.286939 0.386901 0.038526 0.020147
0 0.187434 0.411167 0.047402 0.025883
0 0.101960 0.596923 0.076050 0.047944
