0 0.431468 0.412489 0.025911 0.022497
0 0.392595 0.404178 0.034810 0.021811
0 0.432607 0.395752 0.029831 0.021851
0 0.477857 0.405894 0.025061 0.025967
0 0.416449 0.453051 0.033008 0.029394
0 0.398095 0.477161 0.050755 0.033311
0 0.338832 0.495822 0.054405 0.032421
0 0.269633 0.517491 0.069448 0.034458
0 0.790727 0.370544 0.026291 0.021970
0 0.759307 0.387394 0.034520 0.024232
0 0.759644 0.367698 0.035482 0.018244
0 0.024885 0.459023 0.041962 0.032429
0 0.174033 0.423809 0.054859 0.027561
0 0.668356 0.402998 0.032015 0.026056
0 0.260583 0.404983 0.046882 0.028245
0 0.647945 0.429490 0.039502 0.030638
0 0.502920 0.438600 0.035966 0.035063
0 0.484170 0.480976 0.054642 0.038474
0 0.572143 0.451884 0.040223 0.029971
0 0.373559 0.508971 0.059114 0.035626
0 0.323154 0.397756 0.040668 0.021753
0 0.381637 0.388369 0.038900 0.021143
0 0.439749 0.516741 0.059260 0.042684
0 0.305166 0.543533 0.068672 0.041929
0 0.148040 0.547824 0.075776 0.042426
0 0.438300 0.382741 0.030802 0.019874
0 0.091092 0.433838 0.044947 0.027908
0 0.152434 0.605393 0.094864 0.054367
0 0.144680 0.580264 0.081312 0.045482
0 0.496177 0.372159 0.034508 0.019712
0 0.063471 0.428717 0.047998 0.020940
0 0.095535 0.619038 0.092123 0.058775
0 0.217080 0.399726 0.047716 0.022507
