0 0.795883 0.440097 0.027791 0.025400
0 0.837559 0.442408 0.030785 0.027122
0 0.864259 0.450376 0.024790 0.032222
0 0.856864 0.431393 0.027394 0.024722
0 0.281577 0.467524 0.031722 0.036006
0 0.343144 0.507963 0.061252 0.048883
0 0.253452 0.480993 0.034575 0.037240
0 0.265385 0.452514 0.030767 0.027625
0 0.160071 0.465701 0.052475 0.037011
0 0.253570 0.515344 0.043410 0.047142
0 0.338192 0.426659 0.043077 0.029909
0 0.162409 0.509305 0.041082 0.042255
0 0.842917 0.472268 0.037142 0.028974
0 0.401449 0.420166 0.043780 0.026589
0 0.884037 0.477722 0.038169 0.032281
0 0.789682 0.478396 0.039838 0.030356
0 0.465639 0.415860 0.046743 0.024757
0 0.979652 0.498692 0.040696 0.035278
0 0.142054 0.492287 0.042083 0.037612
0 0.506833 0.404366 0.041155 0.026241
0 0.557154 0.413551 0.039432 0.024226
0 0.891113 0.512694 0.063615 0.036611
0 0.783540 0.496883 0.060686 0.031081
0 0.921102 0.538839 0.052597 0.036741
0 0.809867 0.517027 0.062031 0.041342
0 0.723564 0.521377 0.066099 0.036299
0 0.850026 0.541369 0.028986 0.037626
0 0.724567 0.581016 0.031622 0.043753
0 0.629318 0.410022 0.040780 0.024851
0 0.648592 0.392580 0.042949 0.020579
0 0.375486 0.413180 0.039004 0.032463
0 0.683286 0.571434 0.076170 0.041052
0 0.598686 0.529074 0.062223 0.036441
0 0.568508 0.562178 0.070457 0.041052
0 0.706179 0.413275 0.042382 0.022507
0 0.814671 0.414599 0.048578 0.025132
0 0.576434 0.397954 0.047088 0.023669
0 0.048632 0.487819 0.072264 0.038266
0 0.455505 0.402087 0.047370 0.018762
0 0.758152 0.405418 0.041441 0.019881
0 0.738118 0.383442 0.039245 0.019881
0 0.117140 0.463111 0.052172 0.034496
0 0.365939 0.539345 0.113564 0.062268
0 0.289850 0.582616 0.081261 0.046525
0 0.325447 0.413978 0.041984 0.021450
0 0.241935 0.539269 0.061801 0.033761
0 0.269479 0.440129 0.046412 0.030205
0 0.163106 0.559467 0.066193 0.047639
0 0.877206 0.415773 0.046643 0.020058
0 0.222876 0.438889 0.042196 0.029229
0 0.053338 0.580604 0.062749 0.039762
0 0.506742 0.519100 0.067522 0.037239
0 0.359817 0.716998 0.108085 0.080927
0 0.846709 0.395083 0.037493 0.022663
0 0.202782 0.510348 0.045808 0.051192
0 0.195791 0.478476 0.048110 0.037051
