0 0.702290 0.516027 0.050612 0.036371
0 0.854850 0.448599 0.030130 0.032500
0 0.890830 0.511904 0.028857 0.033152
0 0.201797 0.446939 0.048688 0.033077
0 0.072595 0.633642 0.075743 0.084303
0 0.448312 0.530344 0.066095 0.041034
0 0.715870 0.552327 0.028613 0.040962
0 0.819917 0.558267 0.068932 0.051101
0 0.804554 0.418263 0.031796 0.031556
0 0.787737 0.461176 0.033010 0.034853
0 0.740786 0.426766 0.040052 0.030916
0 0.830742 0.411213 0.030734 0.024645
0 0.482350 0.412291 0.045846 0.028026
0 0.663448 0.412093 0.044059 0.023382
0 0.560590 0.405403 0.041615 0.027766
