0 0.693114 0.518297 0.052175 0.037717
0 0.844226 0.491315 0.036900 0.032500
0 0.630064 0.389685 0.038816 0.023680
0 0.727809 0.404655 0.039959 0.024592
0 0.755831 0.534966 0.026917 0.041870
0 0.566140 0.530923 0.033184 0.036168
0 0.292461 0.425260 0.044988 0.031968
0 0.158330 0.553252 0.051430 0.052854
0 0.204771 0.480229 0.037317 0.047414
0 0.254594 0.449024 0.031109 0.038351
0 0.468736 0.543867 0.028613 0.040962
0 0.486807 0.673943 0.088055 0.074907
0 0.833700 0.445583 0.030746 0.031556
0 0.797279 0.409653 0.029843 0.027302
0 0.769640 0.487819 0.043533 0.034052
0 0.764570 0.442024 0.028893 0.033274
0 0.840414 0.418406 0.032513 0.025388
0 0.487889 0.411651 0.045846 0.027496
0 0.820637 0.398723 0.031942 0.023905
0 0.664965 0.412340 0.044059 0.023382
0 0.561930 0.405284 0.041615 0.027766
