0 0.430187 0.411565 0.026068 0.021098
0 0.390840 0.403892 0.034810 0.021811
0 0.431507 0.394722 0.029831 0.021115
0 0.477454 0.404277 0.025061 0.024105
0 0.418352 0.446596 0.032112 0.027967
0 0.430988 0.466345 0.044784 0.033311
0 0.374113 0.490514 0.050337 0.030526
0 0.306295 0.506468 0.063808 0.029638
0 0.080354 0.441883 0.058621 0.027561
0 0.152958 0.426521 0.050964 0.028245
0 0.511492 0.423729 0.027912 0.033175
0 0.726801 0.393756 0.033555 0.023126
0 0.482280 0.453823 0.034211 0.026724
0 0.224304 0.415083 0.042863 0.024774
0 0.276629 0.406773 0.038900 0.021143
0 0.692960 0.412098 0.035005 0.023938
0 0.602478 0.435897 0.043788 0.028928
0 0.210190 0.532146 0.075397 0.036782
0 0.329366 0.399879 0.033378 0.021010
0 0.541180 0.466324 0.049604 0.031087
0 0.420662 0.496788 0.052438 0.034978
0 0.386446 0.388356 0.035006 0.018879
0 0.421666 0.381486 0.036108 0.023638
0 0.465940 0.499552 0.054950 0.039717
0 0.493222 0.513703 0.061923 0.038825
0 0.313865 0.530656 0.068762 0.036797
0 0.103012 0.568495 0.074784 0.040530
0 0.321416 0.563734 0.065467 0.042937
0 0.084111 0.421439 0.038910 0.023343
0 0.504661 0.371837 0.039559 0.027225
0 0.218818 0.564776 0.080405 0.053278
0 0.181991 0.400001 0.039025 0.021381
0 0.153231 0.619691 0.096423 0.055857
