0 0.791384 0.437487 0.028330 0.025400
0 0.833382 0.434143 0.030785 0.027122
0 0.863348 0.448726 0.023097 0.030964
0 0.855658 0.429697 0.027394 0.024722
0 0.188230 0.623562 0.064317 0.065036
0 0.668406 0.510172 0.064095 0.038069
0 0.488923 0.568097 0.076693 0.050149
0 0.198038 0.563591 0.036616 0.048537
0 0.842917 0.472268 0.037142 0.028974
0 0.262021 0.463451 0.043772 0.033361
0 0.883233 0.468014 0.025724 0.031875
0 0.792593 0.475626 0.039838 0.030356
0 0.311640 0.440214 0.042690 0.025539
0 0.823753 0.487171 0.041399 0.028290
0 0.897676 0.558975 0.030047 0.038427
0 0.369528 0.422854 0.042382 0.023464
0 0.476779 0.411688 0.048578 0.025132
0 0.403490 0.408027 0.042996 0.019881
0 0.542393 0.409072 0.044241 0.023451
0 0.602865 0.408759 0.042377 0.024695
0 0.556896 0.397582 0.039236 0.017198
0 0.494243 0.398825 0.036053 0.021403
0 0.790677 0.501239 0.049675 0.032393
0 0.929853 0.496294 0.049802 0.033587
0 0.672690 0.410921 0.041854 0.019068
0 0.735381 0.413008 0.042639 0.019068
0 0.259461 0.436692 0.046805 0.026357
0 0.753322 0.536628 0.064879 0.037865
0 0.852937 0.512731 0.058299 0.034304
0 0.905117 0.537367 0.063420 0.035017
0 0.026871 0.477320 0.050589 0.039812
0 0.771446 0.414892 0.035031 0.018443
0 0.067590 0.613012 0.051864 0.055177
0 0.837110 0.412498 0.045227 0.027195
0 0.215153 0.466977 0.038691 0.031930
0 0.700325 0.567884 0.063302 0.045761
0 0.740050 0.510370 0.054107 0.038479
0 0.183504 0.496231 0.040703 0.043537
0 0.193798 0.440694 0.053203 0.032588
0 0.100438 0.634647 0.062406 0.071283
