0 0.386548 0.388352 0.029231 0.019370
0 0.364533 0.397662 0.038003 0.021811
0 0.421987 0.404624 0.027638 0.025587
0 0.446819 0.402763 0.023485 0.025329
0 0.480004 0.409013 0.021259 0.022247
0 0.444064 0.447700 0.036533 0.029790
0 0.398799 0.472730 0.047207 0.034325
0 0.463986 0.392165 0.027415 0.023048
0 0.484820 0.445497 0.029780 0.034339
0 0.029563 0.456417 0.054880 0.040585
0 0.106654 0.441968 0.053911 0.028715
0 0.189668 0.422145 0.047729 0.023811
0 0.256955 0.519628 0.068969 0.039580
0 0.724021 0.385191 0.031049 0.021885
0 0.269260 0.409471 0.046842 0.023591
0 0.164558 0.538643 0.073476 0.045180
0 0.497273 0.397137 0.030176 0.020594
0 0.513137 0.417064 0.030884 0.033614
0 0.695230 0.409977 0.040192 0.022374
0 0.336067 0.396184 0.040134 0.022893
0 0.082235 0.566802 0.081478 0.053995
0 0.813244 0.366433 0.024578 0.019255
0 0.634793 0.424213 0.037940 0.028290
0 0.329952 0.508076 0.057400 0.035638
0 0.558358 0.468543 0.049506 0.032057
0 0.453755 0.502703 0.053423 0.036304
0 0.455894 0.480099 0.051331 0.029624
0 0.388313 0.504357 0.057129 0.035773
0 0.252753 0.590981 0.079622 0.058554
0 0.163857 0.670646 0.086736 0.069014
