0 0.423588 0.404597 0.026262 0.019370
0 0.376654 0.400438 0.036625 0.021811
0 0.429377 0.392934 0.029831 0.020859
0 0.462136 0.393554 0.029579 0.022532
0 0.426058 0.426483 0.027638 0.025587
0 0.456942 0.422669 0.023527 0.025326
0 0.459867 0.440936 0.033511 0.027831
0 0.426977 0.464431 0.046812 0.033005
0 0.509839 0.416929 0.027912 0.031314
0 0.480777 0.411574 0.024121 0.023617
0 0.369876 0.490747 0.059961 0.032693
0 0.492658 0.443060 0.033962 0.029810
0 0.022667 0.457744 0.045333 0.036289
0 0.296521 0.515860 0.060461 0.035873
0 0.178958 0.422175 0.047358 0.033873
0 0.255603 0.412070 0.048264 0.027693
0 0.322461 0.399556 0.041461 0.024605
0 0.728876 0.390772 0.082919 0.058125
0 0.209472 0.535512 0.070412 0.039174
0 0.657318 0.432264 0.035661 0.023572
0 0.392444 0.503387 0.050354 0.029003
0 0.453800 0.482555 0.045848 0.031473
0 0.385828 0.389093 0.036626 0.016148
0 0.542123 0.452776 0.022340 0.031601
0 0.486905 0.489163 0.054133 0.036802
0 0.132354 0.549091 0.073476 0.045180
0 0.649116 0.414403 0.035967 0.022634
0 0.513331 0.459666 0.042980 0.025389
0 0.388355 0.527523 0.066226 0.045234
0 0.527642 0.404320 0.023194 0.025024
0 0.290909 0.558563 0.075159 0.042198
0 0.439734 0.379020 0.034515 0.017638
0 0.519008 0.501926 0.024846 0.032317
0 0.044406 0.575952 0.081478 0.053995
0 0.364712 0.571848 0.066144 0.043471
0 0.063184 0.437237 0.048107 0.035635
0 0.133923 0.622714 0.100927 0.059417
