0 0.797296 0.417895 0.028967 0.022362
0 0.253604 0.479989 0.039714 0.038978
0 0.305719 0.441689 0.041817 0.027848
0 0.391276 0.414955 0.043244 0.021118
0 0.643431 0.410791 0.039800 0.025079
0 0.831260 0.404002 0.028372 0.025407
0 0.793260 0.435299 0.028265 0.028202
0 0.773592 0.475995 0.039940 0.036948
0 0.740286 0.505429 0.051763 0.043343
0 0.473740 0.412980 0.048656 0.026760
0 0.726559 0.401362 0.034215 0.017412
0 0.859962 0.492469 0.035541 0.038423
0 0.178308 0.459884 0.049940 0.028331
0 0.189986 0.439975 0.041225 0.021942
0 0.667864 0.558867 0.058712 0.042623
0 0.544964 0.406866 0.043615 0.023257
