0 0.796824 0.440643 0.027678 0.025400
0 0.837705 0.443743 0.030785 0.027122
0 0.864721 0.451186 0.025931 0.033069
0 0.857116 0.431747 0.027394 0.024722
0 0.283400 0.462321 0.032129 0.033583
0 0.333253 0.503847 0.055565 0.048883
0 0.252055 0.479380 0.031375 0.036406
0 0.282427 0.445423 0.037018 0.024757
0 0.336682 0.430529 0.044259 0.031253
0 0.258103 0.509586 0.042569 0.046140
0 0.803534 0.465398 0.029475 0.030056
0 0.412760 0.412881 0.052111 0.025778
0 0.163667 0.508177 0.041082 0.042255
0 0.842917 0.472268 0.037142 0.028974
0 0.227413 0.429331 0.045634 0.025073
0 0.069607 0.477026 0.049140 0.034286
0 0.480189 0.415352 0.040957 0.021360
0 0.976757 0.511343 0.046487 0.032863
0 0.950871 0.490593 0.056646 0.034350
0 0.864079 0.527773 0.059572 0.036215
0 0.773743 0.517406 0.059953 0.032408
0 0.737947 0.495457 0.052406 0.032969
0 0.556460 0.414601 0.046743 0.024757
0 0.149957 0.461763 0.049147 0.035560
0 0.783152 0.543044 0.069355 0.043138
0 0.147867 0.488134 0.048974 0.037612
0 0.637106 0.407361 0.041155 0.026241
0 0.690565 0.412327 0.039432 0.024226
0 0.687495 0.546068 0.079709 0.049003
0 0.639008 0.516687 0.071556 0.039669
0 0.615442 0.579753 0.071920 0.041262
0 0.558277 0.544406 0.071526 0.042763
0 0.441278 0.536849 0.066677 0.036299
0 0.541429 0.568522 0.035778 0.038030
0 0.720437 0.586245 0.031622 0.043753
0 0.754528 0.410930 0.040780 0.022953
0 0.726271 0.395720 0.049235 0.020579
0 0.524729 0.400339 0.041392 0.025360
0 0.283405 0.582266 0.076345 0.041052
0 0.303051 0.544990 0.066850 0.036719
0 0.158436 0.576495 0.075293 0.041052
0 0.838079 0.417645 0.042382 0.022507
0 0.907045 0.410982 0.040500 0.025132
0 0.807686 0.393381 0.047088 0.023632
0 0.252372 0.436111 0.056813 0.034510
0 0.601549 0.400476 0.047370 0.022507
0 0.171970 0.808502 0.135776 0.111071
0 0.235519 0.523659 0.072731 0.038351
0 0.205510 0.507408 0.045481 0.049985
0 0.197877 0.477092 0.047877 0.036123
