0 0.771146 0.454589 0.031151 0.033190
0 0.802498 0.443878 0.024371 0.027415
0 0.794915 0.404380 0.029351 0.022919
0 0.819223 0.422433 0.024304 0.029964
0 0.225231 0.485347 0.040970 0.039065
0 0.291369 0.452501 0.036123 0.031551
0 0.360675 0.423712 0.051603 0.028864
0 0.831274 0.451772 0.033293 0.031991
0 0.857000 0.478322 0.030368 0.034173
0 0.844785 0.422068 0.027125 0.029857
0 0.809795 0.492052 0.040726 0.034000
0 0.433938 0.421603 0.043849 0.021061
0 0.497320 0.411621 0.041729 0.026283
0 0.879356 0.452913 0.034795 0.034215
0 0.563137 0.411552 0.039224 0.020438
0 0.756084 0.494549 0.044674 0.037620
0 0.180311 0.529557 0.049725 0.058699
0 0.868243 0.508855 0.046900 0.035148
0 0.928223 0.476979 0.051169 0.036951
0 0.734556 0.554677 0.027991 0.038335
0 0.637612 0.570217 0.064164 0.043841
0 0.104184 0.464497 0.059451 0.040612
0 0.186442 0.444350 0.050966 0.031968
0 0.251034 0.697380 0.112812 0.073467
0 0.243766 0.431819 0.045025 0.032982
0 0.739894 0.427530 0.035069 0.023962
0 0.132681 0.845595 0.128263 0.108993
0 0.312211 0.729763 0.095016 0.085684
