0 0.423674 0.406502 0.028674 0.029947
0 0.279492 0.378867 0.110754 0.044187
0 0.363448 0.395420 0.043484 0.029475
0 0.368515 0.487554 0.060060 0.030449
0 0.390261 0.500018 0.050878 0.038059
0 0.324304 0.530947 0.072664 0.042997
0 0.431407 0.436814 0.028872 0.028695
0 0.359882 0.543524 0.059714 0.044792
0 0.305842 0.509965 0.052735 0.032987
0 0.127514 0.430475 0.046031 0.027908
0 0.459561 0.476984 0.041109 0.034445
0 0.414591 0.513618 0.046947 0.036688
0 0.231920 0.566537 0.076176 0.046704
0 0.292591 0.577010 0.068080 0.048609
0 0.186186 0.417668 0.046601 0.028133
0 0.233408 0.530150 0.074556 0.039311
0 0.237170 0.408408 0.043905 0.025507
0 0.023222 0.441999 0.046443 0.035472
0 0.681440 0.399650 0.035520 0.027023
0 0.583717 0.441970 0.041544 0.028248
0 0.519647 0.484157 0.050607 0.040239
0 0.172292 0.587798 0.035670 0.042904
0 0.376913 0.572971 0.064812 0.058343
