0 0.379710 0.388389 0.036392 0.029947
0 0.266962 0.382743 0.110754 0.044187
0 0.326676 0.393758 0.043484 0.029475
0 0.365993 0.484539 0.060060 0.030449
0 0.395304 0.496099 0.050878 0.038059
0 0.330903 0.526366 0.072664 0.042997
0 0.434881 0.409331 0.028245 0.028472
0 0.359882 0.543524 0.059714 0.044792
0 0.305842 0.509965 0.052735 0.032987
0 0.127514 0.430475 0.046031 0.027908
0 0.459561 0.476984 0.041109 0.034445
0 0.414591 0.513618 0.046947 0.036688
0 0.245004 0.564225 0.075347 0.045989
0 0.292591 0.577010 0.068080 0.048609
0 0.186186 0.417668 0.046601 0.028133
0 0.236097 0.528542 0.074556 0.039311
0 0.237170 0.408408 0.043905 0.025507
0 0.718004 0.386327 0.031921 0.023256
0 0.648355 0.417409 0.037042 0.028521
0 0.460234 0.506724 0.045762 0.042532
0 0.402139 0.561318 0.059012 0.046880
