0 0.777410 0.432809 0.020673 0.030373
0 0.788814 0.417201 0.024371 0.030227
0 0.147424 0.574327 0.055060 0.053502
0 0.229079 0.538831 0.041409 0.046418
0 0.283241 0.448500 0.042543 0.045556
0 0.813411 0.414249 0.024139 0.029501
0 0.843351 0.448227 0.028575 0.033095
0 0.816273 0.462404 0.026681 0.033471
0 0.405394 0.421494 0.043849 0.022926
0 0.460205 0.414708 0.041729 0.026283
0 0.841107 0.416849 0.028603 0.026112
0 0.516637 0.405430 0.041395 0.020438
0 0.780084 0.458762 0.030307 0.034815
0 0.890480 0.473658 0.031551 0.035148
0 0.878136 0.443384 0.037417 0.032360
0 0.755893 0.518493 0.049044 0.039983
0 0.072239 0.476852 0.051563 0.035167
0 0.542580 0.586241 0.069365 0.057281
0 0.158060 0.456901 0.053034 0.034408
0 0.698688 0.412830 0.035069 0.023962
0 0.324998 0.674002 0.092461 0.067271
0 0.212583 0.479201 0.040796 0.036524
0 0.216797 0.432277 0.047571 0.031444
0 0.373956 0.714416 0.103982 0.073627
