0 0.771712 0.429976 0.034272 0.025400
0 0.800560 0.400845 0.031387 0.023232
0 0.826204 0.397314 0.030480 0.025093
0 0.728196 0.500915 0.057336 0.038069
0 0.828035 0.431864 0.029030 0.027815
0 0.862497 0.441415 0.031626 0.031875
0 0.801037 0.463394 0.024371 0.027415
0 0.833080 0.458259 0.026682 0.028290
0 0.057076 0.492963 0.063402 0.032258
0 0.091882 0.676206 0.089944 0.080247
0 0.102370 0.472018 0.051706 0.024426
0 0.207900 0.451753 0.051716 0.031379
0 0.820764 0.482719 0.038636 0.032393
0 0.279758 0.449706 0.043650 0.032303
0 0.380114 0.424810 0.042639 0.023721
0 0.442236 0.418620 0.037976 0.020574
0 0.550216 0.408550 0.045227 0.027195
0 0.873702 0.467102 0.028670 0.031629
0 0.785179 0.497397 0.047207 0.032741
0 0.798510 0.521693 0.055719 0.034173
0 0.843591 0.504434 0.046253 0.035404
0 0.721793 0.529184 0.056070 0.035225
0 0.638238 0.413216 0.043849 0.021061
0 0.695040 0.410967 0.041729 0.026283
0 0.818737 0.538429 0.065117 0.035656
0 0.065205 0.637303 0.076492 0.065891
0 0.752460 0.411579 0.039224 0.020438
0 0.314631 0.663282 0.091180 0.071683
0 0.282590 0.425702 0.045868 0.033572
0 0.149496 0.455986 0.047592 0.031705
0 0.277021 0.742985 0.114521 0.084148
0 0.185228 0.827158 0.055138 0.054618
