0 0.681959 0.521057 0.054075 0.039353
0 0.096717 0.607577 0.065647 0.072111
0 0.686085 0.552433 0.063347 0.042861
0 0.633671 0.390618 0.038816 0.023680
0 0.794872 0.429525 0.041030 0.029952
0 0.343939 0.505055 0.023894 0.040188
0 0.282716 0.473190 0.022671 0.030149
0 0.332544 0.414550 0.038235 0.031968
0 0.841095 0.547554 0.060797 0.042750
0 0.831056 0.490485 0.039900 0.041661
0 0.848862 0.456997 0.030008 0.036026
0 0.744239 0.505944 0.061222 0.035711
0 0.770192 0.458954 0.031843 0.034863
0 0.674888 0.394089 0.035139 0.019888
0 0.861576 0.436731 0.036069 0.031908
0 0.494622 0.410873 0.045846 0.026853
0 0.830530 0.407901 0.031942 0.028847
0 0.734364 0.410009 0.040484 0.027693
0 0.666809 0.412641 0.044059 0.023382
0 0.563560 0.405140 0.041615 0.027766
