0 0.433728 0.414120 0.025634 0.024964
0 0.395691 0.404683 0.034810 0.021811
0 0.434548 0.397568 0.029831 0.023150
0 0.478051 0.408910 0.025061 0.030144
0 0.412437 0.459689 0.035634 0.032618
0 0.387699 0.483250 0.052830 0.033311
0 0.324103 0.500649 0.054405 0.032421
0 0.710593 0.397458 0.035859 0.024946
0 0.616411 0.428063 0.041484 0.032560
0 0.243802 0.519587 0.069448 0.032992
0 0.681312 0.417008 0.039988 0.027960
0 0.045713 0.444229 0.045884 0.030134
0 0.194871 0.415701 0.047006 0.033742
0 0.498435 0.468457 0.052888 0.036702
0 0.584643 0.459491 0.045895 0.038654
0 0.111792 0.440422 0.046589 0.025461
0 0.144862 0.418219 0.050039 0.024490
0 0.495353 0.502403 0.058359 0.037911
0 0.386018 0.500417 0.060735 0.038608
0 0.369902 0.527925 0.066216 0.043761
0 0.265431 0.396198 0.040853 0.026296
0 0.311280 0.397880 0.044227 0.028891
0 0.320588 0.371023 0.047810 0.027423
0 0.286420 0.567945 0.077768 0.052137
0 0.188580 0.563006 0.083396 0.045668
0 0.147752 0.619354 0.073527 0.053296
0 0.358461 0.387471 0.035069 0.022552
0 0.455038 0.377546 0.042142 0.022924
0 0.080095 0.603492 0.080830 0.048628
