0 0.429251 0.410890 0.026183 0.020077
0 0.391035 0.403894 0.034810 0.021811
0 0.432061 0.394176 0.029831 0.020859
0 0.476372 0.403348 0.025061 0.024105
0 0.426432 0.433553 0.028367 0.027967
0 0.453887 0.439702 0.028477 0.029933
0 0.419235 0.468272 0.046257 0.030526
0 0.356280 0.490894 0.063808 0.029638
0 0.046414 0.444743 0.058621 0.027561
0 0.126804 0.434107 0.050964 0.028245
0 0.511492 0.419915 0.027912 0.031518
0 0.482614 0.442299 0.027248 0.026724
0 0.199858 0.421152 0.042863 0.024774
0 0.247052 0.410930 0.039964 0.024633
0 0.786608 0.377486 0.026839 0.016788
0 0.764369 0.371653 0.030301 0.022101
0 0.268167 0.520954 0.069649 0.039976
0 0.303253 0.405629 0.035185 0.021010
0 0.683324 0.402299 0.036519 0.022472
0 0.463605 0.469043 0.048055 0.034978
0 0.358632 0.393208 0.037581 0.023311
0 0.645413 0.414601 0.038849 0.027719
0 0.639548 0.440881 0.041677 0.032493
0 0.422908 0.496950 0.060589 0.036797
0 0.152082 0.555698 0.070934 0.040530
0 0.556310 0.462855 0.040198 0.031253
0 0.426765 0.383735 0.039559 0.024735
0 0.355429 0.523638 0.069310 0.040911
0 0.471931 0.510222 0.063726 0.040532
0 0.341430 0.556459 0.077876 0.047118
0 0.182579 0.411292 0.047402 0.025883
0 0.217983 0.562314 0.071213 0.046164
0 0.213134 0.595886 0.074373 0.048310
0 0.086797 0.605887 0.076260 0.051768
0 0.090385 0.649197 0.075950 0.054169
0 0.081933 0.420057 0.052735 0.021006
