0 0.435798 0.417011 0.025505 0.026111
0 0.396159 0.407315 0.032867 0.024847
0 0.436057 0.398980 0.029831 0.024159
0 0.481262 0.415647 0.031186 0.030863
0 0.394163 0.472642 0.057367 0.034566
0 0.753208 0.380728 0.028029 0.020043
0 0.099074 0.439372 0.046308 0.031352
0 0.026683 0.431316 0.035421 0.025879
0 0.205052 0.414350 0.043867 0.026428
0 0.213913 0.395391 0.044813 0.025818
0 0.591105 0.457716 0.030027 0.034728
0 0.269116 0.397351 0.042957 0.028311
0 0.297450 0.510736 0.053780 0.040108
0 0.315505 0.378280 0.042511 0.027838
0 0.208098 0.530267 0.059723 0.036316
0 0.253113 0.544645 0.075159 0.041884
0 0.132488 0.424480 0.035393 0.022552
0 0.108955 0.412275 0.048655 0.023609
0 0.305348 0.554459 0.080635 0.049731
0 0.115159 0.588000 0.082520 0.054294
0 0.063029 0.572621 0.085722 0.048205
0 0.059823 0.645055 0.104086 0.050235
0 0.356301 0.391467 0.042437 0.028416
0 0.407241 0.378571 0.036071 0.022834
0 0.475212 0.374252 0.037769 0.018471
