0 0.348542 0.386997 0.037116 0.027073
0 0.426573 0.401594 0.024057 0.031208
0 0.414852 0.441342 0.029300 0.031495
0 0.383856 0.481467 0.066639 0.039034
0 0.395007 0.385894 0.038660 0.026770
0 0.429986 0.422012 0.023296 0.028039
0 0.415126 0.363876 0.089603 0.037926
0 0.429810 0.460544 0.039015 0.036602
0 0.317647 0.504752 0.064831 0.034570
0 0.474078 0.404115 0.023329 0.027410
0 0.450653 0.391994 0.020887 0.024488
0 0.293481 0.532093 0.065263 0.038059
0 0.257254 0.569195 0.072664 0.049504
0 0.495097 0.426618 0.037383 0.045335
0 0.201430 0.604792 0.093220 0.053476
0 0.471374 0.470724 0.036036 0.037849
0 0.355903 0.520826 0.053483 0.032362
0 0.145183 0.661971 0.085650 0.062118
0 0.231946 0.532849 0.052735 0.036586
0 0.127514 0.430475 0.046031 0.027908
0 0.419872 0.509148 0.053731 0.044216
0 0.347651 0.556681 0.052245 0.040528
0 0.080276 0.657275 0.091346 0.065504
0 0.046323 0.727050 0.092645 0.081327
0 0.200984 0.413118 0.043741 0.028133
0 0.147261 0.566281 0.074556 0.054087
0 0.274053 0.398511 0.040500 0.025507
0 0.322746 0.605775 0.090301 0.080104
0 0.192331 0.690737 0.066257 0.060006
0 0.092560 0.770209 0.110887 0.089694
