0 0.766567 0.496062 0.047137 0.032653
0 0.816763 0.416017 0.042967 0.027904
0 0.808762 0.508688 0.051469 0.036093
0 0.541730 0.529545 0.065650 0.043840
0 0.121354 0.532237 0.073183 0.039540
0 0.046762 0.560433 0.070417 0.048614
0 0.886113 0.415016 0.039031 0.024144
0 0.868582 0.402383 0.041121 0.023983
0 0.477347 0.403652 0.042825 0.036947
0 0.078177 0.587430 0.039031 0.035650
0 0.538848 0.398450 0.036862 0.023983
0 0.706615 0.417863 0.044237 0.030197
0 0.405016 0.422162 0.046373 0.030894
0 0.655211 0.410750 0.044059 0.023382
0 0.553311 0.406047 0.041615 0.027766
