0 0.793913 0.438954 0.028027 0.025400
0 0.835730 0.438788 0.030785 0.027122
0 0.863574 0.449173 0.023097 0.030964
0 0.856336 0.430650 0.027394 0.024722
0 0.277760 0.478417 0.030870 0.041080
0 0.566241 0.511536 0.064095 0.041226
0 0.256377 0.484371 0.041275 0.038987
0 0.262301 0.454847 0.026842 0.029425
0 0.244078 0.527399 0.045172 0.049240
0 0.071928 0.480654 0.052555 0.040729
0 0.159775 0.511668 0.041082 0.042255
0 0.842917 0.472268 0.037142 0.028974
0 0.302061 0.438595 0.043778 0.027943
0 0.882541 0.469745 0.025724 0.031875
0 0.791679 0.478139 0.039838 0.030356
0 0.348753 0.430172 0.051713 0.024757
0 0.137857 0.498316 0.042083 0.037612
0 0.404697 0.421439 0.042690 0.025539
0 0.819419 0.487075 0.041399 0.028290
0 0.829948 0.560788 0.030047 0.038427
0 0.330179 0.410219 0.043597 0.026698
0 0.477679 0.412460 0.042382 0.022507
0 0.583441 0.410677 0.048578 0.025132
0 0.170481 0.452639 0.055387 0.031721
0 0.530806 0.401488 0.038025 0.019881
0 0.971694 0.514184 0.056611 0.041138
0 0.920699 0.496682 0.050076 0.032375
0 0.854615 0.523437 0.058994 0.039099
0 0.652916 0.411571 0.044241 0.023451
0 0.740934 0.538048 0.063687 0.037072
0 0.762468 0.565574 0.072280 0.054629
0 0.627143 0.541035 0.066237 0.038025
0 0.716474 0.410985 0.042377 0.024695
0 0.725615 0.394617 0.039236 0.017198
0 0.669251 0.397615 0.036053 0.021403
0 0.557416 0.572741 0.080289 0.041716
0 0.457924 0.548231 0.070265 0.041052
0 0.649261 0.515052 0.064599 0.041856
0 0.432882 0.580267 0.072154 0.039387
0 0.714469 0.509269 0.060533 0.035650
0 0.750553 0.495031 0.044271 0.036191
0 0.247149 0.583076 0.071279 0.041592
0 0.681402 0.592261 0.075441 0.057957
0 0.792166 0.412585 0.041854 0.019068
0 0.865314 0.414525 0.042639 0.019068
0 0.820987 0.395203 0.036364 0.019381
0 0.450079 0.404182 0.046805 0.019364
0 0.265966 0.433743 0.046643 0.031520
0 0.418611 0.398349 0.041828 0.020318
0 0.197072 0.516502 0.046493 0.053719
0 0.191423 0.481374 0.048596 0.038992
