0 0.798540 0.443599 0.028746 0.028358
0 0.836985 0.446181 0.030785 0.027122
0 0.865760 0.453010 0.028498 0.034975
0 0.857683 0.432545 0.027394 0.024722
0 0.449366 0.416879 0.040896 0.026064
0 0.311869 0.495826 0.046237 0.048883
0 0.245913 0.476698 0.027575 0.035416
0 0.558508 0.413405 0.037018 0.024757
0 0.642796 0.411626 0.043300 0.027500
0 0.280552 0.470691 0.033602 0.040601
0 0.800500 0.475885 0.037380 0.032069
0 0.968887 0.492036 0.052836 0.030308
0 0.713293 0.526486 0.070114 0.029620
0 0.717774 0.412456 0.042585 0.025778
0 0.166498 0.505639 0.041082 0.042255
0 0.840705 0.507756 0.064184 0.039972
0 0.702461 0.551338 0.066791 0.042756
0 0.598813 0.519601 0.070271 0.038261
0 0.583947 0.558859 0.078038 0.039249
0 0.487002 0.547226 0.067161 0.041183
0 0.642013 0.392037 0.039528 0.019619
0 0.572761 0.392380 0.034421 0.020290
0 0.794292 0.415433 0.040957 0.021360
0 0.940890 0.539427 0.024886 0.037297
0 0.398048 0.576293 0.079048 0.046364
0 0.786781 0.570997 0.070482 0.049609
0 0.085133 0.470392 0.055969 0.035080
0 0.246275 0.552801 0.076044 0.041412
0 0.710273 0.390742 0.041096 0.019881
0 0.310622 0.423837 0.051162 0.022446
0 0.134872 0.581043 0.073634 0.045913
0 0.078493 0.555204 0.072279 0.038891
0 0.086850 0.530627 0.070020 0.036191
0 0.859125 0.417993 0.046743 0.024757
0 0.531121 0.405052 0.039214 0.025883
0 0.334907 0.742239 0.047722 0.051329
0 0.606288 0.403901 0.042351 0.026633
0 0.361803 0.425542 0.042895 0.029322
0 0.211646 0.500794 0.044745 0.047270
0 0.202571 0.473977 0.047354 0.034036
