0 0.440045 0.423244 0.025505 0.026111
0 0.403378 0.408682 0.032589 0.025281
0 0.442403 0.401702 0.032403 0.026863
0 0.456634 0.443371 0.044091 0.031320
0 0.248982 0.527738 0.072108 0.040918
0 0.035245 0.451879 0.045824 0.030418
0 0.102925 0.430227 0.052182 0.024858
0 0.156654 0.429939 0.048089 0.025878
0 0.483433 0.485974 0.052009 0.035592
0 0.340037 0.398630 0.041588 0.025371
0 0.302224 0.389621 0.035590 0.019282
0 0.439321 0.376791 0.036633 0.026428
0 0.435739 0.360053 0.035200 0.023981
0 0.047890 0.578779 0.073065 0.044653
