0 0.801384 0.445792 0.025109 0.030659
0 0.834741 0.448973 0.030785 0.027122
0 0.853624 0.473709 0.041760 0.035852
0 0.863948 0.436307 0.031658 0.027735
0 0.598454 0.412190 0.040896 0.026064
0 0.307316 0.493591 0.046237 0.048883
0 0.243483 0.475971 0.027575 0.035416
0 0.687554 0.415076 0.037018 0.024757
0 0.764332 0.415739 0.043300 0.027500
0 0.325461 0.433531 0.050619 0.030309
0 0.750814 0.501752 0.062022 0.032285
0 0.956120 0.515620 0.048625 0.036022
0 0.838098 0.515562 0.066806 0.034499
0 0.673512 0.533520 0.071903 0.043811
0 0.686619 0.395731 0.037274 0.019797
0 0.457622 0.543609 0.074141 0.039387
0 0.821996 0.415353 0.042585 0.025778
0 0.174366 0.496704 0.041082 0.037460
0 0.585262 0.529350 0.073183 0.039972
0 0.425180 0.569088 0.070994 0.046551
0 0.314861 0.535029 0.070271 0.038261
0 0.250745 0.579016 0.076232 0.044638
0 0.214107 0.554305 0.068075 0.039010
0 0.773615 0.394072 0.039528 0.017255
0 0.700456 0.386909 0.034421 0.018755
0 0.888328 0.415757 0.040957 0.021360
0 0.849818 0.404570 0.025228 0.019785
0 0.728274 0.589487 0.028908 0.039505
0 0.869559 0.536439 0.031667 0.035650
0 0.069094 0.571725 0.079048 0.046364
0 0.517811 0.412573 0.042534 0.027710
0 0.213947 0.498314 0.044469 0.046251
0 0.411299 0.399933 0.042940 0.024475
0 0.228092 0.457353 0.047245 0.033601
