0 0.434289 0.414525 0.025565 0.025577
0 0.396460 0.404808 0.034810 0.021811
0 0.435031 0.398019 0.029831 0.023472
0 0.478780 0.409620 0.026659 0.030863
0 0.410724 0.459537 0.040135 0.033556
0 0.377717 0.486014 0.058712 0.033311
0 0.081657 0.418075 0.053632 0.033487
0 0.314395 0.503927 0.056684 0.034090
0 0.565728 0.444853 0.045808 0.027592
0 0.701768 0.398519 0.039126 0.026686
0 0.470289 0.482341 0.052598 0.035706
0 0.235235 0.523228 0.069448 0.032992
0 0.565944 0.469293 0.054276 0.034402
0 0.118692 0.435794 0.049196 0.030638
0 0.165186 0.418658 0.042812 0.024058
0 0.297876 0.399472 0.040019 0.023832
0 0.311642 0.525798 0.065328 0.037658
0 0.416175 0.521073 0.066969 0.044846
0 0.220047 0.416511 0.042399 0.025461
0 0.263565 0.397516 0.043144 0.021565
0 0.297696 0.572793 0.078747 0.050605
0 0.213149 0.549448 0.065408 0.046789
0 0.155440 0.590722 0.080106 0.048213
0 0.371694 0.382719 0.035609 0.022758
0 0.417012 0.382044 0.042163 0.022562
0 0.452573 0.355348 0.050194 0.029931
