0 0.692754 0.518386 0.052236 0.037770
0 0.843319 0.493023 0.037287 0.032500
0 0.630064 0.389685 0.038816 0.023680
0 0.729993 0.405165 0.039959 0.024592
0 0.740182 0.536811 0.026917 0.041870
0 0.553491 0.530517 0.033184 0.036168
0 0.295329 0.424595 0.044988 0.031968
0 0.163786 0.546968 0.049592 0.051306
0 0.206735 0.476404 0.036833 0.045803
0 0.252013 0.445937 0.030462 0.038351
0 0.459542 0.542596 0.028613 0.040962
0 0.471978 0.677867 0.097105 0.079007
0 0.835256 0.447084 0.030645 0.031556
0 0.799186 0.410305 0.030495 0.027302
0 0.768684 0.488789 0.043900 0.034052
0 0.764859 0.442381 0.028893 0.033274
0 0.840888 0.418823 0.032682 0.025458
0 0.488106 0.411626 0.045846 0.027476
0 0.821032 0.398916 0.031942 0.023905
0 0.665024 0.412350 0.044059 0.023382
0 0.561983 0.405279 0.041615 0.027766
