0 0.806043 0.471034 0.029150 0.031763
0 0.787367 0.404081 0.039194 0.026948
0 0.845453 0.461629 0.024380 0.027382
0 0.687846 0.515174 0.063320 0.042281
0 0.453590 0.526217 0.073183 0.039540
0 0.269754 0.549331 0.073179 0.048614
0 0.268041 0.526940 0.067762 0.038243
0 0.825709 0.415377 0.039031 0.022023
0 0.834489 0.403652 0.040107 0.019871
0 0.415786 0.415239 0.046080 0.036947
0 0.883844 0.407558 0.041741 0.023713
0 0.363971 0.421774 0.044452 0.031778
0 0.113685 0.564526 0.079715 0.044077
0 0.902606 0.419016 0.037018 0.024757
0 0.960969 0.412076 0.039841 0.030384
0 0.602323 0.404480 0.046410 0.026258
0 0.319870 0.582943 0.039031 0.035650
0 0.559929 0.400680 0.041784 0.023636
0 0.703833 0.417210 0.044237 0.030197
0 0.315478 0.433619 0.051784 0.036734
0 0.653872 0.410531 0.044059 0.023382
0 0.494605 0.408896 0.041615 0.027766
