0 0.414487 0.402916 0.021655 0.031495
0 0.426158 0.447093 0.036626 0.035139
0 0.417969 0.385758 0.021515 0.022092
0 0.305321 0.375064 0.110754 0.044187
0 0.436964 0.420878 0.025624 0.027415
0 0.351879 0.490219 0.060060 0.031365
0 0.353910 0.513365 0.065263 0.038059
0 0.288594 0.548014 0.072664 0.049504
0 0.481291 0.381841 0.033381 0.035590
0 0.603016 0.452254 0.047726 0.032056
0 0.472467 0.406211 0.025472 0.030800
0 0.414266 0.476695 0.039785 0.032362
0 0.341835 0.551767 0.060009 0.048523
0 0.256080 0.524593 0.052735 0.032987
0 0.127514 0.430475 0.046031 0.027908
0 0.459347 0.476984 0.041536 0.034445
0 0.414591 0.513618 0.046947 0.036688
0 0.192342 0.583105 0.084451 0.056490
0 0.246852 0.602093 0.072642 0.051740
0 0.186186 0.417668 0.046601 0.028133
0 0.169796 0.558269 0.074556 0.043113
0 0.237170 0.408408 0.043905 0.025507
0 0.785759 0.370092 0.038597 0.028074
0 0.036463 0.434353 0.054097 0.034392
0 0.713571 0.398295 0.033982 0.025318
0 0.509571 0.497586 0.051390 0.039103
0 0.353854 0.583093 0.063936 0.048941
0 0.066544 0.803871 0.103600 0.102027
