0 0.306030 0.394977 0.042429 0.021811
0 0.408948 0.376205 0.023050 0.026036
0 0.408390 0.410388 0.029483 0.029846
0 0.439056 0.397360 0.031165 0.026112
0 0.086951 0.444220 0.048089 0.028112
0 0.391181 0.477159 0.051247 0.036731
0 0.201908 0.421726 0.049507 0.024876
0 0.292516 0.505483 0.070035 0.038429
0 0.472260 0.394435 0.033875 0.028893
0 0.258274 0.411601 0.040134 0.022893
0 0.210745 0.529938 0.081478 0.051018
0 0.431486 0.440030 0.027505 0.029408
0 0.768390 0.381428 0.028148 0.019423
0 0.484818 0.420927 0.034237 0.029244
0 0.574389 0.435716 0.042233 0.030697
0 0.461670 0.451614 0.037322 0.036908
0 0.338836 0.516899 0.071163 0.027944
0 0.405766 0.541164 0.141522 0.128674
0 0.210006 0.601489 0.077989 0.049516
0 0.104122 0.556186 0.073183 0.049262
0 0.095683 0.763436 0.113589 0.094565
0 0.148774 0.426937 0.048560 0.025104
