0 0.343594 0.384311 0.037600 0.019370
0 0.361968 0.397075 0.038295 0.021811
0 0.408682 0.392050 0.027012 0.024064
0 0.438938 0.393867 0.023485 0.025329
0 0.471046 0.398588 0.021259 0.022247
0 0.443060 0.424015 0.024410 0.027805
0 0.417161 0.452104 0.035644 0.032688
0 0.477167 0.426002 0.024635 0.030557
0 0.016203 0.462458 0.032407 0.040217
0 0.076730 0.449923 0.053606 0.028715
0 0.162866 0.427739 0.047596 0.027842
0 0.278813 0.517371 0.068969 0.039580
0 0.769562 0.371995 0.025280 0.018522
0 0.235363 0.416097 0.049242 0.024841
0 0.179539 0.535972 0.073476 0.045180
0 0.479968 0.383513 0.030313 0.019900
0 0.500065 0.407208 0.031248 0.033310
0 0.302725 0.404566 0.040134 0.022893
0 0.091310 0.564047 0.081478 0.053995
0 0.689722 0.397828 0.030909 0.020118
0 0.370495 0.489309 0.052679 0.033380
0 0.671470 0.419395 0.037607 0.025242
0 0.582130 0.451868 0.041125 0.029127
0 0.491169 0.458607 0.041122 0.029244
0 0.447684 0.485329 0.056385 0.035465
0 0.356437 0.535021 0.068324 0.053736
0 0.171086 0.617075 0.092678 0.063411
0 0.100599 0.751299 0.174532 0.196160
