0 0.789943 0.436651 0.028503 0.025400
0 0.832045 0.431496 0.030785 0.027122
0 0.860580 0.443258 0.023097 0.030964
0 0.855272 0.429154 0.027394 0.024722
0 0.678003 0.508715 0.064095 0.038069
0 0.767856 0.549204 0.076693 0.050149
0 0.842173 0.459784 0.037142 0.028974
0 0.227668 0.498771 0.038421 0.040526
0 0.883628 0.467027 0.025724 0.031875
0 0.795306 0.472696 0.039838 0.030356
0 0.273474 0.480836 0.032075 0.041069
0 0.827931 0.484116 0.041399 0.028290
0 0.150580 0.470541 0.056495 0.033098
0 0.336139 0.431611 0.048578 0.025132
0 0.272920 0.439272 0.049668 0.029667
0 0.390283 0.419773 0.046388 0.023451
0 0.452169 0.413717 0.042377 0.024695
0 0.797462 0.498177 0.049675 0.032393
0 0.553281 0.409883 0.041854 0.019068
0 0.619749 0.410595 0.042639 0.023721
0 0.928102 0.500491 0.056353 0.036460
0 0.701000 0.414047 0.035031 0.018443
0 0.774407 0.411605 0.045227 0.027195
0 0.201156 0.485361 0.038697 0.037849
0 0.840352 0.508014 0.050348 0.038706
0 0.743971 0.509798 0.054107 0.038479
0 0.157635 0.537391 0.048113 0.050444
0 0.545849 0.535548 0.066609 0.039457
0 0.645355 0.539339 0.076622 0.037704
0 0.047257 0.478359 0.057312 0.033378
0 0.205667 0.453320 0.044980 0.029744
0 0.200001 0.541440 0.062240 0.038057
0 0.841146 0.414958 0.043849 0.018620
0 0.893485 0.414754 0.041729 0.026640
