0 0.692034 0.518564 0.052359 0.037875
0 0.838387 0.496558 0.038775 0.032816
0 0.630188 0.389718 0.038816 0.023680
0 0.734958 0.406732 0.039959 0.024339
0 0.709868 0.538994 0.027667 0.042097
0 0.528542 0.529176 0.033184 0.036168
0 0.299381 0.423432 0.044574 0.031968
0 0.171882 0.534867 0.045530 0.049757
0 0.209808 0.469339 0.035374 0.044192
0 0.441153 0.540054 0.028613 0.040962
0 0.437779 0.690476 0.108232 0.083107
0 0.837013 0.450248 0.030709 0.032177
0 0.802626 0.412675 0.031146 0.027302
0 0.766721 0.490389 0.044670 0.034052
0 0.765437 0.443096 0.028893 0.033274
0 0.841834 0.419658 0.033021 0.025600
0 0.488540 0.411576 0.045846 0.027434
0 0.821820 0.399301 0.031942 0.023905
0 0.665143 0.412369 0.044059 0.023382
0 0.562088 0.405270 0.041615 0.027766
