0 0.427474 0.409111 0.026262 0.019370
0 0.390123 0.403521 0.035094 0.021811
0 0.432296 0.394230 0.029831 0.020859
0 0.474607 0.401831 0.025061 0.024105
0 0.426910 0.429975 0.027638 0.025587
0 0.456473 0.426506 0.027951 0.024985
0 0.446994 0.450919 0.033511 0.027831
0 0.414191 0.470179 0.052780 0.033776
0 0.510966 0.418645 0.027912 0.031314
0 0.482115 0.436437 0.025090 0.024580
0 0.057743 0.449509 0.050426 0.026213
0 0.133208 0.433902 0.042440 0.027378
0 0.357674 0.491419 0.059961 0.032693
0 0.203805 0.420758 0.035185 0.021010
0 0.478842 0.455918 0.040266 0.024711
0 0.290261 0.403769 0.038985 0.025630
0 0.619972 0.421390 0.041934 0.025814
0 0.284061 0.519914 0.061969 0.033099
0 0.402454 0.385849 0.039559 0.024735
0 0.523669 0.459797 0.044847 0.033248
0 0.751820 0.376063 0.029256 0.020672
0 0.683292 0.414744 0.037084 0.027393
0 0.126437 0.419288 0.047402 0.024119
0 0.413283 0.500869 0.053754 0.036399
0 0.624314 0.443322 0.039037 0.023573
0 0.198821 0.554398 0.074434 0.037913
0 0.478475 0.502410 0.054876 0.039613
0 0.583898 0.466085 0.039984 0.029855
0 0.395412 0.542581 0.066313 0.046322
0 0.337381 0.523230 0.072448 0.040663
0 0.165944 0.393383 0.054486 0.037250
0 0.206422 0.407674 0.040969 0.021624
0 0.451453 0.377552 0.041211 0.020839
0 0.266313 0.399477 0.039051 0.025398
0 0.080943 0.420265 0.042801 0.022793
0 0.189686 0.583477 0.073929 0.044992
0 0.021504 0.436591 0.043008 0.027938
0 0.506100 0.370696 0.036103 0.023757
0 0.074755 0.578140 0.073879 0.048297
