0 0.589132 0.552494 0.057022 0.047372
0 0.234116 0.475505 0.052142 0.040347
0 0.360566 0.416730 0.043206 0.035601
0 0.227332 0.790180 0.115938 0.089908
0 0.478681 0.566785 0.074516 0.062795
0 0.710628 0.555618 0.073270 0.053103
0 0.789289 0.533575 0.058040 0.045396
0 0.652765 0.531365 0.061686 0.047352
0 0.723938 0.514497 0.054309 0.042901
0 0.778025 0.456063 0.032318 0.032357
0 0.855217 0.511444 0.055033 0.046296
0 0.176164 0.548445 0.078485 0.084343
0 0.952322 0.493725 0.054915 0.039983
0 0.306015 0.437797 0.053533 0.038182
0 0.505567 0.410508 0.045846 0.030669
0 0.879371 0.446589 0.037047 0.035867
0 0.853313 0.423320 0.035276 0.031566
0 0.771738 0.420240 0.033793 0.030565
0 0.811610 0.433313 0.038967 0.030735
0 0.673253 0.413545 0.044059 0.023382
0 0.566582 0.404872 0.041615 0.027766
