0 0.373904 0.392107 0.040085 0.027073
0 0.424343 0.408506 0.024057 0.031306
0 0.406541 0.452584 0.039319 0.031495
0 0.387341 0.377034 0.037615 0.022131
0 0.050999 0.454173 0.044066 0.032136
0 0.346914 0.493067 0.072810 0.043979
0 0.416759 0.391204 0.038660 0.026770
0 0.428319 0.433581 0.025529 0.033633
0 0.454539 0.374899 0.079330 0.045124
0 0.415714 0.480645 0.047060 0.036602
0 0.276582 0.513835 0.068603 0.034570
0 0.498250 0.431324 0.027936 0.035293
0 0.502670 0.408762 0.023960 0.026368
0 0.672524 0.413111 0.038838 0.029822
0 0.465356 0.437091 0.029439 0.030025
0 0.117118 0.438548 0.039654 0.026049
0 0.455042 0.410470 0.029600 0.030656
0 0.272433 0.543442 0.066924 0.041308
0 0.545565 0.468625 0.046867 0.036824
0 0.189688 0.422722 0.042969 0.028980
0 0.236690 0.582832 0.083174 0.049504
0 0.411289 0.511055 0.057973 0.044380
0 0.528818 0.440466 0.031984 0.032504
0 0.258236 0.409248 0.039240 0.025790
0 0.335224 0.558703 0.085831 0.074002
0 0.055645 0.614622 0.093220 0.053476
0 0.108227 0.767065 0.100898 0.093424
0 0.049151 0.734894 0.098302 0.097288
