0 0.792129 0.409788 0.028967 0.022362
0 0.189210 0.546498 0.043055 0.051807
0 0.286368 0.451436 0.046324 0.033184
0 0.599178 0.411787 0.039800 0.025079
0 0.767824 0.413092 0.028265 0.027496
0 0.787929 0.434577 0.031163 0.029732
0 0.787631 0.457178 0.028888 0.036775
0 0.364472 0.423046 0.048656 0.026760
0 0.726631 0.401203 0.034215 0.019230
0 0.855440 0.434189 0.025996 0.027827
0 0.056946 0.477227 0.054323 0.035797
0 0.817513 0.470028 0.030459 0.034092
0 0.437085 0.417340 0.043615 0.023257
0 0.249248 0.474545 0.036892 0.040423
0 0.547977 0.407125 0.037167 0.024103
0 0.491091 0.408148 0.044594 0.030445
