0 0.789958 0.436659 0.028501 0.025400
0 0.832059 0.431523 0.030785 0.027122
0 0.860608 0.443314 0.023097 0.030964
0 0.855276 0.429159 0.027394 0.024722
0 0.677905 0.508730 0.064095 0.038069
0 0.765270 0.549673 0.076693 0.050149
0 0.842222 0.459897 0.037142 0.028974
0 0.228108 0.498223 0.038332 0.040343
0 0.883624 0.467037 0.025724 0.031875
0 0.795275 0.472728 0.039838 0.030356
0 0.273652 0.480414 0.031986 0.040940
0 0.827888 0.484147 0.041399 0.028290
0 0.153479 0.469991 0.055292 0.032675
0 0.337499 0.431348 0.048578 0.025132
0 0.273455 0.438825 0.050096 0.029578
0 0.391780 0.419604 0.046317 0.023451
0 0.453560 0.413633 0.042377 0.024695
0 0.797392 0.498208 0.049675 0.032393
0 0.554837 0.409841 0.041854 0.019068
0 0.621623 0.410690 0.042639 0.023489
0 0.926483 0.500895 0.056353 0.036460
0 0.702108 0.414065 0.035031 0.018443
0 0.775571 0.411652 0.045227 0.027195
0 0.201252 0.485203 0.038697 0.037770
0 0.839322 0.508794 0.050348 0.038706
0 0.743931 0.509804 0.054107 0.038479
0 0.157955 0.536858 0.048014 0.050352
0 0.540120 0.535671 0.066609 0.039457
0 0.639893 0.539659 0.076622 0.037704
0 0.050307 0.477830 0.057312 0.033378
0 0.206905 0.452347 0.044980 0.029744
0 0.192610 0.541947 0.062240 0.038057
