0 0.790325 0.436873 0.028457 0.025400
0 0.832400 0.432198 0.030785 0.027122
0 0.861314 0.444709 0.023097 0.030964
0 0.855375 0.429298 0.027394 0.024722
0 0.675457 0.509101 0.064095 0.038069
0 0.700633 0.561419 0.076693 0.050149
0 0.078610 0.703836 0.082957 0.073817
0 0.843454 0.462721 0.037142 0.028974
0 0.237416 0.487400 0.036995 0.037605
0 0.883523 0.467289 0.025724 0.031875
0 0.794505 0.473529 0.039838 0.030356
0 0.279136 0.468983 0.032823 0.037261
0 0.826822 0.484927 0.041399 0.028290
0 0.231104 0.448565 0.044462 0.028872
0 0.371487 0.424770 0.048578 0.025132
0 0.294909 0.430023 0.053948 0.028778
0 0.429198 0.415376 0.044533 0.023451
0 0.488334 0.411519 0.042377 0.024695
0 0.795662 0.498989 0.049675 0.032393
0 0.594501 0.409544 0.041854 0.019068
0 0.666231 0.412904 0.042639 0.019068
0 0.061588 0.484684 0.065048 0.031881
0 0.886012 0.510996 0.056353 0.036460
0 0.729810 0.414535 0.035031 0.018443
0 0.804647 0.412827 0.045227 0.027195
0 0.203632 0.481261 0.038695 0.035797
0 0.813586 0.528292 0.050348 0.038706
0 0.742930 0.509950 0.054107 0.038479
0 0.165971 0.523554 0.045544 0.048050
0 0.396896 0.538725 0.066609 0.039457
0 0.503349 0.547646 0.076622 0.037704
0 0.124302 0.463672 0.055835 0.031268
0 0.230037 0.435868 0.044980 0.023957
