0 0.793986 0.438996 0.028018 0.025400
0 0.835798 0.438923 0.030785 0.027122
0 0.863574 0.449173 0.023097 0.030964
0 0.856356 0.430678 0.027394 0.024722
0 0.277903 0.478010 0.030901 0.040891
0 0.561338 0.511901 0.064095 0.041752
0 0.256267 0.484245 0.041025 0.038922
0 0.262424 0.454803 0.026842 0.029425
0 0.244432 0.526949 0.045106 0.049162
0 0.092303 0.476528 0.051804 0.040729
0 0.159873 0.511579 0.041082 0.042255
0 0.842917 0.472268 0.037142 0.028974
0 0.301913 0.438396 0.043778 0.027738
0 0.882521 0.469795 0.025724 0.031875
0 0.791653 0.478212 0.039838 0.030356
0 0.348753 0.430172 0.051713 0.024757
0 0.138048 0.498068 0.042083 0.037612
0 0.406050 0.421045 0.042690 0.025539
0 0.819307 0.487048 0.041399 0.028290
0 0.822965 0.560214 0.030047 0.038427
0 0.341943 0.408484 0.043597 0.025853
0 0.483372 0.412016 0.042382 0.022507
0 0.590973 0.410903 0.048578 0.025132
0 0.184400 0.449498 0.054207 0.030687
0 0.533207 0.401464 0.038025 0.019881
0 0.967498 0.485280 0.064251 0.054324
0 0.959538 0.515894 0.064523 0.041138
0 0.900844 0.499473 0.050076 0.032375
0 0.834190 0.526768 0.059403 0.039099
0 0.660542 0.411732 0.044347 0.023451
0 0.717921 0.541560 0.064717 0.037610
0 0.753467 0.567836 0.073378 0.055244
0 0.605119 0.542603 0.067122 0.038258
0 0.723535 0.411431 0.042377 0.024695
0 0.735237 0.394322 0.039236 0.017366
0 0.679616 0.398005 0.036053 0.021403
0 0.536060 0.575145 0.080289 0.042254
0 0.435090 0.549354 0.071873 0.041052
0 0.644185 0.515325 0.064599 0.041856
0 0.408896 0.581600 0.072154 0.039387
0 0.710191 0.509610 0.060533 0.035650
0 0.750553 0.495031 0.044271 0.036191
0 0.218280 0.583526 0.070198 0.041592
0 0.672100 0.594591 0.075441 0.059615
0 0.800184 0.412778 0.041854 0.019068
0 0.873741 0.414784 0.042639 0.019068
0 0.832504 0.395852 0.036364 0.019381
0 0.456961 0.403827 0.046805 0.019364
0 0.197285 0.516273 0.046467 0.053625
0 0.191586 0.481266 0.048578 0.038920
