0 0.794476 0.413176 0.028967 0.022362
0 0.176157 0.571591 0.058516 0.054816
0 0.246922 0.483921 0.037394 0.038737
0 0.329111 0.431293 0.047344 0.026788
0 0.609786 0.412032 0.039800 0.025079
0 0.775290 0.417210 0.028265 0.028202
0 0.784646 0.451706 0.031163 0.029732
0 0.774539 0.478559 0.034856 0.037956
0 0.423930 0.418525 0.048656 0.026760
0 0.726596 0.401280 0.034215 0.018347
0 0.863807 0.456187 0.031564 0.034008
0 0.067422 0.483099 0.059423 0.028331
0 0.134833 0.460849 0.048813 0.030232
0 0.763192 0.510557 0.044147 0.039267
0 0.487342 0.413097 0.043615 0.023257
0 0.264997 0.444924 0.045648 0.026558
