0 0.421571 0.402253 0.026262 0.019370
0 0.369664 0.398837 0.037420 0.021811
0 0.395214 0.380461 0.029831 0.020859
0 0.425616 0.424670 0.027638 0.025587
0 0.454264 0.414411 0.023485 0.025329
0 0.465495 0.437781 0.033511 0.027831
0 0.432453 0.459355 0.045960 0.032895
0 0.478406 0.383130 0.030201 0.024213
0 0.441955 0.380384 0.025129 0.022165
0 0.386221 0.480293 0.052845 0.034325
0 0.494351 0.420919 0.029539 0.026809
0 0.427122 0.494708 0.057062 0.035017
0 0.078910 0.445628 0.049536 0.033198
0 0.192070 0.424715 0.045895 0.028266
0 0.262351 0.410081 0.045890 0.025988
0 0.240622 0.522962 0.068969 0.039580
0 0.548578 0.441864 0.044673 0.023790
0 0.619662 0.420311 0.037042 0.026504
0 0.325038 0.400602 0.043081 0.024264
0 0.701528 0.401392 0.036613 0.023006
0 0.144860 0.544315 0.073476 0.045180
0 0.533524 0.421852 0.025691 0.026847
0 0.511182 0.466859 0.042988 0.039774
0 0.510153 0.397597 0.029557 0.025024
0 0.520742 0.489946 0.057922 0.035533
0 0.373058 0.391205 0.035557 0.018995
0 0.056160 0.572913 0.081478 0.053995
0 0.657376 0.427791 0.036738 0.026242
0 0.041401 0.442824 0.048751 0.027957
0 0.422186 0.528629 0.072350 0.042493
0 0.315649 0.508529 0.071442 0.031861
0 0.321667 0.561376 0.078081 0.043273
0 0.233247 0.576098 0.073078 0.044814
0 0.279762 0.536448 0.069784 0.039059
0 0.159396 0.577934 0.076578 0.049973
