0 0.776757 0.436139 0.021446 0.030813
0 0.791225 0.420404 0.024371 0.030227
0 0.160793 0.557748 0.051101 0.050745
0 0.240081 0.522450 0.039867 0.042082
0 0.295014 0.443830 0.045186 0.040687
0 0.817833 0.419551 0.026219 0.030067
0 0.847267 0.453241 0.028575 0.034173
0 0.827834 0.404035 0.024018 0.026148
0 0.816806 0.466754 0.026681 0.033471
0 0.404099 0.422585 0.043849 0.022382
0 0.462593 0.414441 0.041729 0.026283
0 0.846304 0.422836 0.030011 0.027954
0 0.520552 0.407137 0.040762 0.020438
0 0.778676 0.464348 0.032311 0.035452
0 0.040736 0.650867 0.081471 0.088614
0 0.891114 0.478506 0.031551 0.035148
0 0.884382 0.448140 0.038761 0.033403
0 0.800875 0.528554 0.027276 0.034323
0 0.741655 0.524927 0.051203 0.041136
0 0.099270 0.470638 0.050966 0.031968
0 0.499011 0.600640 0.081935 0.057825
0 0.176334 0.448734 0.045025 0.032982
0 0.703873 0.414497 0.035069 0.023962
0 0.274124 0.693540 0.095883 0.070818
0 0.509098 0.667135 0.086926 0.070611
0 0.220603 0.469966 0.040796 0.036524
0 0.229720 0.429613 0.047571 0.031444
0 0.308233 0.742031 0.110962 0.078775
