0 0.414259 0.396732 0.026262 0.019370
0 0.366778 0.398176 0.037748 0.021811
0 0.426524 0.419958 0.027638 0.025587
0 0.451330 0.409993 0.023485 0.025329
0 0.478210 0.422424 0.028327 0.024556
0 0.434434 0.457348 0.045960 0.032895
0 0.389105 0.477752 0.052845 0.034325
0 0.478227 0.403992 0.027415 0.025368
0 0.468710 0.463812 0.034733 0.034332
0 0.047556 0.452953 0.055713 0.042128
0 0.138739 0.433829 0.045522 0.028577
0 0.226663 0.415957 0.044531 0.025290
0 0.249810 0.521087 0.068969 0.039580
0 0.653753 0.407731 0.035643 0.024066
0 0.705133 0.389729 0.032230 0.023100
0 0.303273 0.403044 0.041771 0.024339
0 0.788146 0.371743 0.029900 0.018318
0 0.160261 0.539595 0.073476 0.045180
0 0.516924 0.408799 0.028946 0.026847
0 0.522484 0.437187 0.027604 0.036345
0 0.467566 0.378460 0.026452 0.022355
0 0.616394 0.444758 0.044346 0.025887
0 0.354601 0.394237 0.035557 0.018995
0 0.077302 0.568324 0.081478 0.053995
0 0.754423 0.387168 0.031242 0.022067
0 0.550499 0.472939 0.049637 0.032944
0 0.323414 0.506654 0.062109 0.031126
0 0.446353 0.517334 0.065565 0.039008
0 0.349094 0.538936 0.062475 0.039012
0 0.406887 0.502574 0.055181 0.039837
0 0.316332 0.526140 0.060105 0.037004
0 0.078420 0.694471 0.104176 0.078141
