0 0.789634 0.436472 0.028540 0.025400
0 0.831758 0.430929 0.030785 0.027122
0 0.859987 0.442087 0.023097 0.030964
0 0.855190 0.429037 0.027394 0.024722
0 0.680060 0.508402 0.064095 0.038069
0 0.810882 0.537992 0.074207 0.038720
0 0.841138 0.457411 0.037142 0.028974
0 0.218445 0.510280 0.040293 0.044360
0 0.883712 0.466816 0.025724 0.031875
0 0.795953 0.472024 0.039838 0.030356
0 0.269729 0.489709 0.033942 0.043784
0 0.828826 0.483461 0.041399 0.028290
0 0.072441 0.486371 0.056495 0.033098
0 0.319938 0.435384 0.049932 0.028351
0 0.261690 0.448664 0.040680 0.031533
0 0.373405 0.422397 0.046388 0.023451
0 0.437822 0.414525 0.042377 0.024695
0 0.798915 0.497521 0.049675 0.032393
0 0.523575 0.411094 0.041854 0.019068
0 0.586837 0.410595 0.042639 0.023721
0 0.963891 0.492797 0.056353 0.032901
0 0.665387 0.413441 0.035031 0.018443
0 0.736432 0.410798 0.045227 0.027195
0 0.199157 0.488672 0.038699 0.039506
0 0.856332 0.497416 0.042587 0.034641
0 0.744811 0.509675 0.054107 0.038479
0 0.150901 0.548567 0.050187 0.052379
0 0.608459 0.537461 0.066609 0.039457
0 0.702910 0.535583 0.071763 0.037704
0 0.177908 0.469138 0.046253 0.032810
0 0.337617 0.541420 0.062240 0.038057
0 0.807558 0.414958 0.043849 0.018620
0 0.861923 0.414552 0.041729 0.026640
0 0.158338 0.553056 0.077093 0.038057
0 0.236778 0.437926 0.043144 0.030022
