0 0.374357 0.392140 0.040241 0.027073
0 0.424286 0.408678 0.024057 0.031306
0 0.406078 0.453332 0.039319 0.031495
0 0.387341 0.377034 0.037615 0.022131
0 0.058553 0.451925 0.044689 0.033273
0 0.344799 0.493579 0.073691 0.044685
0 0.417761 0.391048 0.038660 0.026770
0 0.428361 0.434036 0.025529 0.033633
0 0.457308 0.376699 0.077564 0.048723
0 0.414943 0.481640 0.047287 0.036770
0 0.274779 0.515045 0.068603 0.034783
0 0.497196 0.434263 0.028442 0.035671
0 0.502701 0.411367 0.023960 0.026368
0 0.336193 0.527060 0.052279 0.032958
0 0.662585 0.417896 0.039613 0.030129
0 0.465084 0.438660 0.029439 0.030025
0 0.122101 0.437278 0.039654 0.026049
0 0.455414 0.411373 0.029601 0.030745
0 0.271252 0.544210 0.067220 0.041889
0 0.528311 0.443359 0.034231 0.030969
0 0.195601 0.421383 0.042969 0.028980
0 0.026734 0.434620 0.049768 0.025855
0 0.235232 0.583837 0.084675 0.049504
0 0.403012 0.516083 0.060233 0.045913
0 0.532353 0.487947 0.050875 0.037661
0 0.264537 0.407796 0.038834 0.025790
0 0.326724 0.569610 0.085831 0.074002
0 0.051538 0.614622 0.093220 0.053476
0 0.175110 0.645690 0.062092 0.072398
0 0.078638 0.786511 0.100898 0.093424
