0 0.376121 0.392265 0.040747 0.027073
0 0.424146 0.409563 0.024057 0.031306
0 0.026364 0.463699 0.052728 0.029832
0 0.408110 0.459666 0.039563 0.031495
0 0.387341 0.377034 0.037615 0.022131
0 0.081311 0.446847 0.040134 0.022893
0 0.338106 0.497580 0.073691 0.044685
0 0.419625 0.390288 0.037459 0.026779
0 0.428448 0.436131 0.025834 0.033633
0 0.468384 0.383909 0.070539 0.062520
0 0.406703 0.487459 0.051826 0.040136
0 0.266832 0.518924 0.068603 0.039028
0 0.492980 0.446018 0.030468 0.037183
0 0.502826 0.421786 0.023960 0.026368
0 0.327827 0.534186 0.052279 0.040713
0 0.622830 0.437038 0.042715 0.031355
0 0.463994 0.444936 0.029439 0.030025
0 0.142302 0.432258 0.039654 0.026049
0 0.456903 0.414984 0.029607 0.031100
0 0.266526 0.547285 0.068407 0.044209
0 0.507439 0.468758 0.037626 0.035596
0 0.219454 0.416031 0.042969 0.028980
0 0.057859 0.428687 0.049452 0.025739
0 0.219128 0.589088 0.084675 0.049504
0 0.369967 0.538340 0.060233 0.045913
0 0.461968 0.520790 0.061722 0.046312
0 0.289570 0.401795 0.036968 0.025703
0 0.193303 0.698347 0.062231 0.072780
0 0.120467 0.673117 0.094394 0.077379
