0 0.427659 0.409326 0.026262 0.019370
0 0.390764 0.403668 0.035021 0.021811
0 0.432461 0.394180 0.029831 0.020859
0 0.474774 0.401974 0.025061 0.024105
0 0.426951 0.430141 0.027638 0.025587
0 0.456451 0.426689 0.028161 0.024969
0 0.446872 0.451038 0.033511 0.027831
0 0.413813 0.470364 0.052780 0.033776
0 0.511020 0.418726 0.027912 0.031314
0 0.482115 0.436834 0.025310 0.024799
0 0.071690 0.445530 0.048863 0.025066
0 0.150465 0.430218 0.042116 0.027895
0 0.356984 0.491115 0.059961 0.032693
0 0.218234 0.419006 0.035185 0.021010
0 0.477895 0.455002 0.040115 0.022201
0 0.308248 0.401394 0.038985 0.025630
0 0.597081 0.430122 0.043592 0.027105
0 0.278078 0.518767 0.063478 0.030325
0 0.404038 0.385585 0.039559 0.024735
0 0.501096 0.470242 0.045741 0.034468
0 0.729809 0.383577 0.030604 0.021785
0 0.662380 0.423971 0.038738 0.028770
0 0.139548 0.416657 0.047402 0.025883
0 0.395787 0.509288 0.058205 0.037007
0 0.601134 0.452127 0.040762 0.023799
0 0.177175 0.560647 0.076875 0.041250
0 0.443012 0.515270 0.055921 0.045408
0 0.560498 0.478018 0.041766 0.031306
0 0.353005 0.558137 0.072779 0.050403
0 0.310620 0.531415 0.074365 0.040980
0 0.182269 0.391396 0.054486 0.037250
0 0.216367 0.406301 0.040969 0.022131
0 0.453802 0.377371 0.041211 0.020839
0 0.276323 0.398655 0.039051 0.025398
0 0.097938 0.417741 0.041411 0.022793
0 0.141702 0.595227 0.077408 0.045929
0 0.038098 0.432739 0.047925 0.027315
0 0.509452 0.370103 0.036103 0.023757
0 0.050472 0.584760 0.074332 0.051433
