0 0.434505 0.414681 0.025538 0.025812
0 0.396756 0.404856 0.034810 0.021811
0 0.435216 0.398193 0.029831 0.023597
0 0.479650 0.409860 0.028656 0.030863
0 0.410065 0.459478 0.041866 0.033917
0 0.033399 0.446442 0.044321 0.031690
0 0.373064 0.486477 0.058712 0.033311
0 0.124055 0.411487 0.051785 0.030663
0 0.309024 0.504457 0.059533 0.036177
0 0.505091 0.466352 0.051242 0.027592
0 0.650219 0.421046 0.043430 0.036314
0 0.404548 0.503712 0.056279 0.037389
0 0.233042 0.524539 0.069448 0.032992
0 0.503937 0.497596 0.066219 0.039233
0 0.161084 0.427639 0.045816 0.029527
0 0.208863 0.410856 0.042812 0.023446
0 0.340586 0.392891 0.040019 0.023832
0 0.246191 0.544544 0.068615 0.037658
0 0.332637 0.549230 0.071183 0.047373
0 0.263151 0.409343 0.040349 0.024359
0 0.310486 0.389142 0.043144 0.021565
0 0.195415 0.603505 0.085581 0.054801
0 0.142838 0.565820 0.073985 0.050796
0 0.064510 0.613944 0.082104 0.051250
