0 0.793839 0.438911 0.028036 0.025400
0 0.835662 0.438653 0.030785 0.027122
0 0.863574 0.449173 0.023097 0.030964
0 0.856316 0.430622 0.027394 0.024722
0 0.277618 0.478823 0.030838 0.041269
0 0.571144 0.511171 0.064095 0.040699
0 0.256486 0.484497 0.041525 0.039052
0 0.262178 0.454891 0.026842 0.029425
0 0.243724 0.527849 0.045237 0.049318
0 0.051554 0.484780 0.053307 0.040729
0 0.159677 0.511756 0.041082 0.042255
0 0.842917 0.472268 0.037142 0.028974
0 0.302210 0.438795 0.043778 0.028149
0 0.882561 0.469694 0.025724 0.031875
0 0.791706 0.478066 0.039838 0.030356
0 0.348753 0.430172 0.051713 0.024757
0 0.137666 0.498564 0.042083 0.037612
0 0.403343 0.421834 0.042690 0.025539
0 0.819532 0.487103 0.041399 0.028290
0 0.836819 0.560844 0.030047 0.038427
0 0.318415 0.411953 0.043597 0.027542
0 0.471985 0.412904 0.042382 0.022507
0 0.576072 0.410447 0.048578 0.025132
0 0.156562 0.455779 0.056568 0.032754
0 0.528406 0.401512 0.038025 0.019881
0 0.938767 0.494431 0.049802 0.032375
0 0.873097 0.520436 0.058312 0.039099
0 0.645451 0.411379 0.044241 0.023451
0 0.763606 0.534297 0.062717 0.037072
0 0.773079 0.562403 0.070452 0.053604
0 0.648666 0.539471 0.064763 0.037638
0 0.709746 0.410448 0.042377 0.024695
0 0.716100 0.395153 0.039236 0.017198
0 0.658807 0.397232 0.036053 0.021403
0 0.578203 0.570686 0.080289 0.041716
0 0.478857 0.547004 0.070265 0.041052
0 0.654338 0.514779 0.064599 0.041856
0 0.455469 0.578903 0.072154 0.039387
0 0.718747 0.508928 0.060533 0.035650
0 0.750553 0.495031 0.044271 0.036191
0 0.276017 0.582626 0.072360 0.041592
0 0.692011 0.589807 0.075441 0.057136
0 0.784349 0.412356 0.041854 0.019068
0 0.856888 0.414180 0.042639 0.019068
0 0.809165 0.394475 0.036364 0.019381
0 0.443197 0.404537 0.046805 0.019364
0 0.255210 0.437119 0.046643 0.031520
0 0.405104 0.399195 0.041828 0.020318
0 0.087784 0.855244 0.128371 0.094528
0 0.196859 0.516732 0.046519 0.053813
0 0.191260 0.481483 0.048615 0.039065
