0 0.421515 0.402189 0.026262 0.019370
0 0.369471 0.398793 0.037442 0.021811
0 0.391898 0.379071 0.029831 0.020859
0 0.425604 0.424621 0.027638 0.025587
0 0.454188 0.414181 0.023485 0.025329
0 0.465650 0.437694 0.033511 0.027831
0 0.432585 0.459221 0.045960 0.032895
0 0.476539 0.381220 0.030659 0.022793
0 0.441955 0.380384 0.025129 0.022165
0 0.386413 0.480124 0.052845 0.034325
0 0.493928 0.419578 0.029008 0.026448
0 0.432061 0.492336 0.056383 0.034846
0 0.075064 0.446783 0.049436 0.033198
0 0.189340 0.425263 0.046051 0.028287
0 0.260209 0.410406 0.046736 0.026424
0 0.241235 0.522837 0.068969 0.039580
0 0.554389 0.439932 0.044885 0.024023
0 0.625810 0.417793 0.037042 0.026504
0 0.323705 0.400629 0.043611 0.024592
0 0.707749 0.399424 0.036613 0.023006
0 0.146266 0.544015 0.073476 0.045180
0 0.533165 0.421266 0.025691 0.026847
0 0.513178 0.465359 0.041998 0.040494
0 0.507997 0.396771 0.029557 0.025024
0 0.527339 0.487471 0.056541 0.034923
0 0.371980 0.391465 0.035557 0.018995
0 0.056483 0.572830 0.081478 0.053995
0 0.664262 0.424521 0.036424 0.026128
0 0.040305 0.442964 0.048387 0.027445
0 0.431408 0.525893 0.070608 0.041942
0 0.316871 0.507371 0.070548 0.030299
0 0.327781 0.559654 0.076796 0.043014
0 0.241210 0.573160 0.070950 0.043916
0 0.291549 0.534320 0.069011 0.039085
0 0.170442 0.573149 0.074289 0.049467
