0 0.421959 0.402705 0.026262 0.019370
0 0.371011 0.399145 0.037267 0.021811
0 0.417321 0.389903 0.029831 0.020859
0 0.425701 0.425020 0.027638 0.025587
0 0.454790 0.416025 0.023485 0.025329
0 0.464411 0.438389 0.033511 0.027831
0 0.431529 0.460292 0.045960 0.032895
0 0.490382 0.395401 0.027912 0.031314
0 0.448161 0.383467 0.024524 0.022165
0 0.384875 0.481479 0.052845 0.034325
0 0.497315 0.430303 0.033254 0.029330
0 0.385351 0.510782 0.060461 0.035873
0 0.110647 0.436020 0.050240 0.033198
0 0.207539 0.420654 0.046494 0.028121
0 0.275772 0.408048 0.041656 0.023811
0 0.841355 0.349350 0.055593 0.042390
0 0.234307 0.525100 0.068969 0.040228
0 0.507898 0.455391 0.043190 0.022161
0 0.577848 0.437739 0.039035 0.027930
0 0.333899 0.399919 0.040489 0.022555
0 0.657669 0.415739 0.037977 0.025504
0 0.137483 0.546025 0.073476 0.045180
0 0.535187 0.426519 0.029047 0.026847
0 0.497211 0.477361 0.049913 0.034739
0 0.521195 0.401752 0.028762 0.025024
0 0.474207 0.506861 0.064824 0.038580
0 0.380602 0.389381 0.035557 0.018995
0 0.053895 0.573499 0.081478 0.053995
0 0.608284 0.451958 0.040216 0.028120
0 0.049072 0.441844 0.051301 0.031540
0 0.368485 0.545874 0.081063 0.045251
0 0.310895 0.518100 0.075914 0.039672
0 0.278995 0.574844 0.084506 0.044568
0 0.174819 0.596299 0.083723 0.049304
0 0.197378 0.553732 0.075186 0.039893
0 0.078412 0.608425 0.084729 0.053074
