0 0.792296 0.410030 0.028967 0.022362
0 0.050583 0.673815 0.077010 0.070798
0 0.206110 0.527558 0.039699 0.049338
0 0.295082 0.446092 0.046777 0.030341
0 0.603150 0.412222 0.039800 0.025079
0 0.767588 0.413443 0.028265 0.028202
0 0.787695 0.435800 0.031163 0.029732
0 0.787934 0.460780 0.028574 0.036859
0 0.381847 0.422415 0.048656 0.026760
0 0.726623 0.401221 0.034215 0.019022
0 0.857896 0.438181 0.026394 0.028268
0 0.080861 0.473517 0.053711 0.035179
0 0.812518 0.478828 0.032843 0.034903
0 0.450948 0.417002 0.043615 0.023257
0 0.246086 0.465510 0.037782 0.038534
0 0.555219 0.406584 0.037167 0.024103
0 0.502181 0.407878 0.044594 0.030445
