0 0.377787 0.392265 0.037416 0.027073
0 0.427127 0.418472 0.024057 0.031306
0 0.049732 0.455497 0.049507 0.024876
0 0.394702 0.470159 0.048829 0.031495
0 0.387341 0.377034 0.037615 0.022131
0 0.121920 0.437840 0.040134 0.022893
0 0.319458 0.504290 0.073691 0.044685
0 0.667260 0.397677 0.037840 0.026178
0 0.439186 0.397884 0.031079 0.026779
0 0.425639 0.449989 0.037412 0.033633
0 0.489413 0.398064 0.058621 0.067075
0 0.389423 0.500499 0.059315 0.045486
0 0.240985 0.525958 0.068603 0.040938
0 0.468420 0.471208 0.041230 0.038620
0 0.501851 0.444788 0.033270 0.030537
0 0.307164 0.543532 0.062701 0.043641
0 0.536285 0.481906 0.051691 0.036452
0 0.457083 0.457370 0.032469 0.029449
0 0.200252 0.420627 0.039654 0.026049
0 0.461995 0.423597 0.029610 0.031259
0 0.245446 0.558679 0.068940 0.045254
0 0.432236 0.519034 0.057416 0.050030
0 0.271890 0.403520 0.037482 0.027163
0 0.149061 0.417328 0.040814 0.025109
0 0.155650 0.620778 0.091843 0.064379
0 0.290656 0.584112 0.060233 0.045913
0 0.324821 0.603707 0.080534 0.054734
0 0.127672 0.700329 0.117597 0.104290
