0 0.417877 0.399335 0.026262 0.019370
0 0.367227 0.398279 0.037697 0.021811
0 0.425965 0.422209 0.027638 0.025587
0 0.452478 0.411048 0.023485 0.025329
0 0.477668 0.425711 0.029575 0.024964
0 0.434126 0.457660 0.045960 0.032895
0 0.458649 0.368798 0.032033 0.022212
0 0.388657 0.478147 0.052845 0.034325
0 0.481111 0.406569 0.027415 0.025368
0 0.464210 0.467881 0.037348 0.034332
0 0.050506 0.451252 0.055707 0.039700
0 0.145816 0.432334 0.046041 0.028528
0 0.233862 0.414363 0.045538 0.025808
0 0.248380 0.521378 0.068969 0.039580
0 0.637418 0.412611 0.036820 0.025520
0 0.697604 0.391729 0.032230 0.023100
0 0.307982 0.402455 0.042498 0.024601
0 0.775879 0.374890 0.030941 0.018318
0 0.158638 0.540135 0.073476 0.045180
0 0.520573 0.410802 0.028946 0.026847
0 0.522284 0.442446 0.029889 0.037607
0 0.472408 0.381236 0.027933 0.023463
0 0.602010 0.451590 0.045848 0.026827
0 0.357601 0.393814 0.035557 0.018995
0 0.074289 0.569004 0.081478 0.053995
0 0.741378 0.392503 0.031982 0.022379
0 0.531240 0.483825 0.054727 0.034336
0 0.322804 0.506069 0.063330 0.029956
0 0.423495 0.526324 0.067273 0.040088
0 0.331029 0.544965 0.062754 0.039306
0 0.392394 0.507757 0.056716 0.040532
0 0.295793 0.532648 0.061081 0.038463
