0 0.425291 0.406574 0.026262 0.019370
0 0.382555 0.401788 0.035955 0.021811
0 0.430348 0.394812 0.029831 0.020859
0 0.472643 0.400143 0.025061 0.024105
0 0.426431 0.428013 0.027638 0.025587
0 0.456737 0.424350 0.025465 0.025177
0 0.448431 0.449513 0.033511 0.027831
0 0.418658 0.467999 0.052780 0.033776
0 0.510332 0.417681 0.027912 0.031314
0 0.482530 0.422828 0.024121 0.023617
0 0.360461 0.485690 0.059961 0.032693
0 0.050760 0.454492 0.040433 0.026615
0 0.482207 0.453604 0.035458 0.029446
0 0.121008 0.434644 0.045503 0.025630
0 0.290455 0.513494 0.060461 0.035873
0 0.263263 0.410719 0.044283 0.030657
0 0.712923 0.394400 0.027601 0.019867
0 0.753796 0.388006 0.032381 0.020534
0 0.797208 0.372109 0.022754 0.016737
0 0.699268 0.412543 0.032632 0.026727
0 0.625457 0.420164 0.039650 0.027015
0 0.064613 0.435940 0.040969 0.021624
0 0.336625 0.398151 0.046458 0.021162
0 0.410402 0.384949 0.036103 0.023757
0 0.504288 0.489456 0.148704 0.094370
0 0.190390 0.535262 0.066023 0.043874
0 0.347072 0.558842 0.072779 0.041249
0 0.159618 0.570847 0.065254 0.045638
0 0.278094 0.536650 0.062153 0.048164
0 0.480173 0.376296 0.036626 0.019048
0 0.314758 0.600083 0.031283 0.044113
0 0.087674 0.607863 0.083265 0.059260
0 0.076076 0.564999 0.079469 0.051765
0 0.389868 0.518146 0.055003 0.036455
0 0.388335 0.502294 0.049730 0.034660
