0 0.776296 0.437901 0.022884 0.031166
0 0.793154 0.422967 0.024371 0.030227
0 0.168432 0.548275 0.048839 0.049169
0 0.246367 0.513090 0.038986 0.039604
0 0.301742 0.441162 0.046696 0.037905
0 0.820648 0.423041 0.027883 0.030520
0 0.849142 0.455803 0.028575 0.034173
0 0.827834 0.404035 0.024018 0.026148
0 0.817609 0.469445 0.026681 0.033471
0 0.403359 0.423209 0.043849 0.022071
0 0.463957 0.414288 0.041729 0.026283
0 0.849706 0.426648 0.031136 0.029427
0 0.522789 0.408113 0.040400 0.020438
0 0.777391 0.467614 0.033915 0.035962
0 0.059287 0.636126 0.083361 0.084434
0 0.890363 0.481068 0.031551 0.035148
0 0.888027 0.451119 0.039836 0.034238
0 0.800875 0.528554 0.027276 0.034323
0 0.732760 0.528833 0.052810 0.041772
0 0.109754 0.467534 0.050966 0.031968
0 0.479896 0.608730 0.094412 0.057825
0 0.184522 0.447898 0.045025 0.032982
0 0.706836 0.415449 0.035069 0.023962
0 0.245053 0.704704 0.097838 0.072845
0 0.484439 0.677834 0.089539 0.070611
0 0.227251 0.466143 0.041756 0.035916
0 0.237104 0.428090 0.047571 0.031444
0 0.270676 0.757811 0.114950 0.081716
