0 0.798656 0.444538 0.029299 0.029673
0 0.836885 0.446519 0.030785 0.027122
0 0.864217 0.457121 0.030850 0.034493
0 0.857762 0.432656 0.027394 0.024722
0 0.501605 0.414321 0.040896 0.026064
0 0.312515 0.495937 0.046237 0.048883
0 0.244594 0.476473 0.027575 0.035416
0 0.606776 0.415034 0.037018 0.024757
0 0.689937 0.413482 0.043300 0.027500
0 0.286925 0.455258 0.043040 0.034878
0 0.791579 0.482991 0.038258 0.032292
0 0.857084 0.509604 0.056028 0.030308
0 0.619840 0.533519 0.074141 0.029620
0 0.763626 0.413706 0.042585 0.025778
0 0.166891 0.505286 0.041082 0.042255
0 0.747191 0.518833 0.067833 0.039972
0 0.611849 0.558573 0.070994 0.044901
0 0.496790 0.525585 0.070271 0.038261
0 0.466617 0.568555 0.077017 0.042295
0 0.380882 0.549738 0.067676 0.043837
0 0.691553 0.392297 0.039528 0.019619
0 0.614816 0.389844 0.034421 0.018755
0 0.833302 0.415724 0.040957 0.021360
0 0.867861 0.549372 0.024886 0.037297
0 0.265334 0.577473 0.079048 0.046364
0 0.708993 0.591942 0.076345 0.052449
0 0.167334 0.452184 0.052136 0.030881
0 0.057434 0.477980 0.052991 0.033884
0 0.148943 0.553546 0.076044 0.041412
0 0.757025 0.391697 0.041096 0.019881
0 0.389330 0.412150 0.044861 0.020631
0 0.199011 0.808910 0.060069 0.058604
0 0.657076 0.402333 0.042351 0.026633
0 0.419044 0.417410 0.042534 0.027710
0 0.212499 0.499875 0.044643 0.046893
0 0.313044 0.384104 0.032276 0.023709
0 0.203223 0.473544 0.047281 0.033746
