0 0.370644 0.391871 0.038960 0.027073
0 0.424755 0.407273 0.024057 0.031306
0 0.411051 0.449293 0.038597 0.031495
0 0.387341 0.377034 0.037615 0.022131
0 0.360681 0.490477 0.066639 0.039034
0 0.413341 0.390167 0.038660 0.026770
0 0.428014 0.430304 0.025529 0.033633
0 0.436024 0.368468 0.082863 0.037926
0 0.418911 0.474821 0.045320 0.036602
0 0.288126 0.506764 0.068603 0.034570
0 0.497734 0.412224 0.027835 0.035217
0 0.487763 0.387332 0.023960 0.026368
0 0.730487 0.393801 0.034753 0.023110
0 0.466395 0.426625 0.029439 0.030025
0 0.054782 0.450951 0.043563 0.034485
0 0.453062 0.405710 0.029597 0.030479
0 0.279732 0.538803 0.065263 0.038059
0 0.650046 0.425781 0.044113 0.028001
0 0.146397 0.430406 0.042969 0.028980
0 0.243170 0.576156 0.072664 0.049504
0 0.458324 0.476680 0.046675 0.036713
0 0.529108 0.415702 0.031984 0.032504
0 0.213540 0.417161 0.040705 0.025790
0 0.407017 0.512504 0.066079 0.055533
0 0.103856 0.609813 0.093220 0.053476
0 0.430082 0.540488 0.058948 0.043436
0 0.311042 0.570973 0.069539 0.052828
0 0.346906 0.525334 0.046481 0.040637
0 0.161562 0.657885 0.088231 0.073113
0 0.105985 0.735729 0.093303 0.078433
