0 0.696892 0.517362 0.051531 0.037163
0 0.853749 0.473379 0.032838 0.032500
0 0.704883 0.399297 0.039959 0.024592
0 0.898896 0.518967 0.026917 0.035111
0 0.705461 0.530600 0.029713 0.033152
0 0.262345 0.432237 0.044988 0.031968
0 0.088497 0.625986 0.070727 0.069109
0 0.170697 0.531535 0.046530 0.060775
0 0.305140 0.484090 0.043949 0.039405
0 0.569944 0.550010 0.028613 0.040962
0 0.649326 0.608982 0.080230 0.064171
0 0.817364 0.429829 0.031796 0.031556
0 0.785617 0.401964 0.026039 0.023531
0 0.779676 0.477639 0.039685 0.034052
0 0.761538 0.438273 0.028893 0.033274
0 0.835447 0.414026 0.030734 0.024645
0 0.485608 0.411915 0.045846 0.027714
0 0.816496 0.396697 0.031942 0.023905
0 0.664340 0.412238 0.044059 0.023382
0 0.561379 0.405333 0.041615 0.027766
