0 0.436836 0.418739 0.025505 0.026111
0 0.398277 0.407947 0.032589 0.025281
0 0.438135 0.399901 0.030649 0.025059
0 0.479830 0.420146 0.031186 0.030863
0 0.362130 0.490844 0.057367 0.034566
0 0.033604 0.459708 0.048591 0.031146
0 0.687965 0.406142 0.041092 0.028654
0 0.194691 0.419390 0.041588 0.025371
0 0.135807 0.416568 0.035590 0.019282
0 0.298601 0.399332 0.038347 0.026428
0 0.302720 0.380458 0.038659 0.020316
0 0.495306 0.503281 0.030027 0.034728
0 0.356235 0.381952 0.040917 0.025626
0 0.215817 0.536235 0.067767 0.044653
0 0.399824 0.364155 0.042511 0.027838
0 0.119609 0.549506 0.071612 0.036316
0 0.133391 0.580323 0.087903 0.045456
0 0.109929 0.616223 0.094209 0.062920
