0 0.427178 0.408767 0.026262 0.019370
0 0.389097 0.403286 0.035211 0.021811
0 0.432031 0.394309 0.029831 0.020859
0 0.474341 0.401602 0.025061 0.024105
0 0.426845 0.429709 0.027638 0.025587
0 0.456509 0.426214 0.027614 0.025011
0 0.447188 0.450728 0.033511 0.027831
0 0.414797 0.469883 0.052780 0.033776
0 0.510880 0.418514 0.027912 0.031314
0 0.482116 0.435802 0.024738 0.024230
0 0.035551 0.455284 0.053247 0.028507
0 0.108454 0.439328 0.043746 0.027378
0 0.358777 0.491905 0.059961 0.032693
0 0.177127 0.424270 0.035185 0.021010
0 0.480207 0.457130 0.040382 0.028249
0 0.258062 0.410958 0.038985 0.025630
0 0.656596 0.407419 0.039280 0.023748
0 0.289895 0.520376 0.060461 0.035873
0 0.393402 0.386337 0.039559 0.024735
0 0.559785 0.443084 0.043416 0.031296
0 0.784836 0.364792 0.027233 0.019004
0 0.716751 0.399980 0.034439 0.025191
0 0.107322 0.423679 0.047402 0.020592
0 0.448262 0.486611 0.053320 0.032238
0 0.661402 0.429234 0.036275 0.023211
0 0.230104 0.549640 0.068467 0.041653
0 0.527795 0.482203 0.052296 0.033359
0 0.621337 0.446993 0.037131 0.027534
0 0.457482 0.514869 0.061528 0.044413
0 0.375711 0.512050 0.067362 0.039681
0 0.136151 0.400076 0.058060 0.037250
0 0.183229 0.411306 0.040969 0.021624
0 0.447695 0.377842 0.041211 0.020839
0 0.246353 0.400861 0.037092 0.023271
0 0.052809 0.422783 0.045582 0.022793
0 0.258725 0.566114 0.066537 0.042792
0 0.503966 0.371002 0.036103 0.023757
0 0.065369 0.603860 0.051794 0.041262
0 0.115361 0.571790 0.070913 0.046433
