0 0.421349 0.401996 0.026262 0.019370
0 0.368894 0.398661 0.037507 0.021811
0 0.381949 0.374903 0.029831 0.020859
0 0.425568 0.424471 0.027638 0.025587
0 0.453963 0.413489 0.023485 0.025329
0 0.466115 0.437433 0.033511 0.027831
0 0.432981 0.458820 0.045960 0.032895
0 0.469064 0.379291 0.032033 0.018533
0 0.386990 0.479616 0.052845 0.034325
0 0.492657 0.415556 0.027415 0.025368
0 0.446879 0.485220 0.054343 0.034332
0 0.067991 0.448325 0.049134 0.033198
0 0.178585 0.426464 0.047968 0.028349
0 0.253782 0.411382 0.049277 0.027730
0 0.243072 0.522462 0.068969 0.039580
0 0.571824 0.434134 0.045521 0.024720
0 0.644255 0.410239 0.037042 0.026504
0 0.319705 0.400713 0.045199 0.025574
0 0.726412 0.393520 0.036613 0.023006
0 0.150482 0.543115 0.073476 0.045180
0 0.530979 0.418908 0.027031 0.026847
0 0.519166 0.460858 0.039030 0.042652
0 0.531823 0.419964 0.029557 0.025024
0 0.547128 0.480044 0.052400 0.033095
0 0.368746 0.392247 0.035557 0.018995
0 0.057454 0.572579 0.081478 0.053995
0 0.684922 0.414712 0.035480 0.025785
0 0.037017 0.443384 0.047294 0.025910
0 0.459075 0.517685 0.065381 0.040287
0 0.320536 0.503896 0.067865 0.025612
0 0.346120 0.554490 0.072940 0.042237
0 0.265099 0.564345 0.064563 0.041221
0 0.326913 0.527934 0.066692 0.039165
0 0.203581 0.558792 0.067422 0.047948
