0 0.621628 0.534570 0.054105 0.046484
0 0.150802 0.561685 0.056053 0.060363
0 0.266602 0.450101 0.048531 0.043786
0 0.312008 0.718039 0.109595 0.082244
0 0.796553 0.401095 0.035010 0.026217
0 0.646795 0.392735 0.041827 0.023680
0 0.825303 0.447234 0.039588 0.029952
0 0.680986 0.574338 0.074505 0.056664
0 0.767609 0.533927 0.065863 0.046185
0 0.848848 0.497824 0.035010 0.037623
0 0.696875 0.521265 0.061686 0.039361
0 0.756560 0.495726 0.042711 0.038406
0 0.724308 0.415783 0.030852 0.030307
0 0.890785 0.473971 0.033400 0.035714
0 0.225486 0.495507 0.051623 0.055941
0 0.501664 0.410322 0.045846 0.027601
0 0.867101 0.437323 0.037047 0.032384
0 0.834249 0.409759 0.029658 0.027092
0 0.761079 0.410914 0.029772 0.028644
0 0.796531 0.425726 0.040639 0.027693
0 0.668860 0.412975 0.044059 0.023382
0 0.565373 0.404979 0.041615 0.027766
