0 0.430475 0.411772 0.026033 0.021413
0 0.391235 0.403956 0.034810 0.021811
0 0.431754 0.394953 0.029831 0.021280
0 0.477771 0.404568 0.025061 0.024132
0 0.418162 0.450006 0.032124 0.027987
0 0.417803 0.472388 0.050755 0.033311
0 0.362292 0.488489 0.052568 0.024666
0 0.289647 0.513145 0.063620 0.038119
0 0.090725 0.437243 0.058621 0.027561
0 0.170316 0.422449 0.048660 0.028245
0 0.789245 0.376245 0.029284 0.016775
0 0.511492 0.424903 0.027912 0.033685
0 0.679824 0.410465 0.038891 0.024781
0 0.769113 0.371687 0.024130 0.022650
0 0.478086 0.458323 0.042294 0.026632
0 0.236649 0.412267 0.042753 0.024623
0 0.292051 0.402729 0.038900 0.021143
0 0.649887 0.429701 0.041531 0.026431
0 0.540982 0.458388 0.048575 0.032086
0 0.191547 0.535573 0.075776 0.037996
0 0.346344 0.396931 0.032881 0.020953
0 0.021482 0.450642 0.042964 0.028659
0 0.476850 0.494415 0.054632 0.037606
0 0.384767 0.501780 0.070866 0.022043
0 0.411189 0.384021 0.034508 0.018018
0 0.447454 0.376054 0.036108 0.023788
0 0.400287 0.516868 0.058457 0.026405
0 0.407170 0.550746 0.072802 0.048616
0 0.245619 0.554907 0.070460 0.049550
0 0.093556 0.569323 0.079087 0.040530
0 0.214833 0.599548 0.071833 0.048322
0 0.117486 0.594931 0.088010 0.056460
0 0.251651 0.386934 0.037363 0.021381
