0 0.695813 0.517629 0.051715 0.037321
0 0.851028 0.478503 0.033999 0.032500
0 0.711433 0.400828 0.039959 0.024592
0 0.860712 0.525073 0.026917 0.040905
0 0.665217 0.531000 0.030938 0.034217
0 0.270949 0.430243 0.044988 0.031968
0 0.112393 0.603082 0.065213 0.064464
0 0.183929 0.513980 0.042822 0.057881
0 0.284607 0.473381 0.038709 0.038830
0 0.540714 0.548739 0.028613 0.040962
0 0.822031 0.434330 0.031496 0.031556
0 0.788387 0.404218 0.026922 0.024862
0 0.776809 0.480548 0.040785 0.034052
0 0.762404 0.439345 0.028893 0.033274
0 0.836866 0.415278 0.031242 0.024857
0 0.486259 0.411839 0.045846 0.027652
0 0.817679 0.397276 0.031942 0.023905
0 0.664519 0.412267 0.044059 0.023382
0 0.561536 0.405319 0.041615 0.027766
