0 0.795001 0.439585 0.027896 0.025400
0 0.836740 0.440787 0.030785 0.027122
0 0.863826 0.449616 0.023721 0.031428
0 0.856627 0.431060 0.027394 0.024722
0 0.279868 0.472401 0.031340 0.038278
0 0.418323 0.514061 0.064095 0.048883
0 0.254762 0.482505 0.037575 0.038023
0 0.264118 0.454195 0.026842 0.029425
0 0.249320 0.520742 0.044199 0.048082
0 0.262584 0.438487 0.043077 0.029909
0 0.161230 0.510363 0.041082 0.042255
0 0.842917 0.472268 0.037142 0.028974
0 0.329639 0.434577 0.043780 0.026589
0 0.882243 0.470489 0.025724 0.031875
0 0.791182 0.478535 0.039838 0.030356
0 0.394304 0.423707 0.046743 0.024757
0 0.140690 0.494647 0.042083 0.037612
0 0.420149 0.408754 0.035560 0.026728
0 0.473537 0.414835 0.039432 0.024226
0 0.816147 0.489467 0.047060 0.028290
0 0.934588 0.498494 0.053509 0.036299
0 0.734800 0.575564 0.030747 0.040794
0 0.511698 0.409492 0.040780 0.024851
0 0.509335 0.394975 0.042949 0.020579
0 0.920155 0.549817 0.074848 0.041052
0 0.737469 0.501926 0.048142 0.037079
0 0.877848 0.523705 0.061680 0.040356
0 0.601011 0.409209 0.042382 0.022507
0 0.702766 0.413153 0.048578 0.025132
0 0.333496 0.416232 0.047370 0.018762
0 0.630369 0.401671 0.041441 0.019881
0 0.690362 0.520311 0.100638 0.061871
0 0.652008 0.557672 0.081261 0.046525
0 0.143012 0.462098 0.060302 0.032945
0 0.561146 0.537198 0.061801 0.038835
0 0.488539 0.560163 0.066193 0.047639
0 0.774759 0.413730 0.047344 0.022772
0 0.378130 0.574727 0.072518 0.039762
0 0.675724 0.592641 0.073378 0.055244
0 0.249259 0.556640 0.069379 0.038258
0 0.836361 0.412561 0.042377 0.024695
0 0.869255 0.402266 0.039236 0.022402
0 0.766580 0.391878 0.043375 0.021088
0 0.165718 0.584217 0.078028 0.051367
0 0.060747 0.555786 0.075893 0.041052
0 0.552334 0.519362 0.064599 0.031521
0 0.268349 0.746153 0.118125 0.085175
0 0.654365 0.389905 0.039331 0.018519
0 0.200225 0.513103 0.046115 0.052323
0 0.193835 0.479774 0.048328 0.037920
