0 0.376209 0.392265 0.040572 0.027073
0 0.424303 0.410032 0.024057 0.031306
0 0.026364 0.463699 0.052728 0.029832
0 0.407404 0.460218 0.040051 0.031495
0 0.387341 0.377034 0.037615 0.022131
0 0.083249 0.446404 0.040134 0.022893
0 0.337437 0.497980 0.073691 0.044685
0 0.419718 0.389963 0.030459 0.026779
0 0.428300 0.436860 0.026443 0.033633
0 0.469491 0.384654 0.069912 0.062760
0 0.405879 0.488041 0.052280 0.040472
0 0.266037 0.519312 0.068603 0.039452
0 0.492558 0.447193 0.030670 0.037335
0 0.502838 0.422828 0.023960 0.026368
0 0.326991 0.534898 0.052279 0.041489
0 0.618854 0.438952 0.043026 0.031477
0 0.463886 0.445563 0.029439 0.030025
0 0.144829 0.431867 0.039654 0.026049
0 0.457051 0.415345 0.029608 0.031135
0 0.266054 0.547593 0.068525 0.044442
0 0.505333 0.471286 0.038676 0.035411
0 0.222221 0.415511 0.042969 0.028980
0 0.062597 0.428074 0.048820 0.025506
0 0.217518 0.589613 0.084675 0.049504
0 0.366663 0.540565 0.060233 0.045913
0 0.455074 0.524282 0.062502 0.047416
0 0.291749 0.400823 0.036328 0.025529
0 0.187578 0.703392 0.071573 0.076029
0 0.113935 0.677393 0.094734 0.077649
