0 0.425568 0.406897 0.026262 0.019370
0 0.383517 0.402009 0.035845 0.021811
0 0.430596 0.394738 0.029831 0.020859
0 0.472892 0.400358 0.025061 0.024105
0 0.426492 0.428262 0.027638 0.025587
0 0.456703 0.424624 0.025781 0.025152
0 0.448248 0.449692 0.033511 0.027831
0 0.418090 0.468276 0.052780 0.033776
0 0.510413 0.417803 0.027912 0.031314
0 0.482446 0.425233 0.024121 0.023617
0 0.359677 0.485913 0.059961 0.032693
0 0.077747 0.449195 0.040433 0.026615
0 0.481913 0.454122 0.036182 0.029270
0 0.140419 0.430489 0.045503 0.025630
0 0.289466 0.513109 0.060461 0.035873
0 0.281547 0.406254 0.044283 0.030657
0 0.675793 0.403487 0.035764 0.021683
0 0.728569 0.397596 0.038752 0.020534
0 0.785769 0.376672 0.024664 0.019253
0 0.671557 0.422129 0.034808 0.028554
0 0.590505 0.434288 0.046444 0.029621
0 0.070517 0.434962 0.040969 0.021624
0 0.354229 0.394778 0.046458 0.021162
0 0.510341 0.462238 0.037120 0.029014
0 0.430631 0.382624 0.036103 0.023757
0 0.444407 0.520884 0.176622 0.105939
0 0.177508 0.406421 0.024964 0.021881
0 0.175074 0.540957 0.066023 0.047318
0 0.106970 0.423582 0.039998 0.024382
0 0.269870 0.581140 0.081092 0.049798
0 0.115880 0.583121 0.065254 0.045638
0 0.252885 0.543717 0.062153 0.048164
0 0.502347 0.374267 0.036626 0.021014
