0 0.792129 0.409788 0.028967 0.022362
0 0.032554 0.688559 0.065107 0.071981
0 0.198229 0.536239 0.040723 0.050763
0 0.290725 0.448764 0.046551 0.031762
0 0.601164 0.412004 0.039800 0.025079
0 0.767272 0.413133 0.028265 0.027966
0 0.787929 0.434577 0.031163 0.029732
0 0.788520 0.458667 0.028357 0.036775
0 0.373159 0.422731 0.048656 0.026760
0 0.726627 0.401212 0.034215 0.019126
0 0.856774 0.435927 0.025996 0.027827
0 0.069604 0.475487 0.054323 0.035797
0 0.816713 0.474268 0.031469 0.034409
0 0.444016 0.417171 0.043615 0.023257
0 0.246998 0.469622 0.036637 0.040120
0 0.551598 0.406854 0.037167 0.024103
0 0.496636 0.408013 0.044594 0.030445
