0 0.353502 0.386649 0.037116 0.027073
0 0.426199 0.402957 0.024057 0.031306
0 0.415607 0.443952 0.029300 0.031495
0 0.379996 0.483695 0.066639 0.039034
0 0.400044 0.386632 0.038660 0.026770
0 0.428178 0.425369 0.023337 0.028178
0 0.417573 0.364189 0.087547 0.037926
0 0.428536 0.463730 0.039015 0.036602
0 0.312674 0.506034 0.066772 0.034570
0 0.471737 0.409706 0.023329 0.027410
0 0.452065 0.396001 0.020887 0.025748
0 0.290492 0.533552 0.065263 0.038059
0 0.255333 0.570065 0.072664 0.049504
0 0.494891 0.416717 0.027210 0.023420
0 0.486865 0.446209 0.049000 0.047570
0 0.171540 0.608487 0.093220 0.053476
0 0.721333 0.397711 0.034685 0.026094
0 0.449052 0.488412 0.051083 0.037849
0 0.355010 0.520229 0.050662 0.030123
0 0.700029 0.405957 0.033778 0.027210
0 0.143533 0.661496 0.090289 0.062118
0 0.063767 0.439985 0.036393 0.025268
0 0.214208 0.535156 0.054854 0.040512
0 0.154163 0.423922 0.041033 0.027908
0 0.377869 0.533646 0.067772 0.044559
0 0.319062 0.580151 0.060494 0.047431
0 0.061849 0.666355 0.097622 0.058357
0 0.043312 0.728703 0.086624 0.079403
0 0.255343 0.399982 0.039456 0.028133
0 0.079408 0.597543 0.082105 0.060318
0 0.172108 0.711684 0.090306 0.074418
0 0.064424 0.793396 0.112855 0.095626
