0 0.368380 0.391706 0.038179 0.027073
0 0.425042 0.406417 0.024057 0.031306
0 0.412277 0.448413 0.036340 0.031495
0 0.387341 0.377034 0.037615 0.022131
0 0.364754 0.489186 0.066639 0.039034
0 0.411044 0.389404 0.038660 0.026770
0 0.427802 0.428028 0.025529 0.033633
0 0.423547 0.365745 0.082863 0.037926
0 0.421040 0.472004 0.039885 0.036602
0 0.293465 0.506893 0.068603 0.034570
0 0.487584 0.399610 0.023692 0.027920
0 0.466425 0.423413 0.027614 0.029244
0 0.451873 0.402868 0.029597 0.030479
0 0.281867 0.537761 0.065263 0.038059
0 0.707277 0.403623 0.038251 0.023701
0 0.087669 0.443239 0.046580 0.031942
0 0.248795 0.571869 0.072664 0.049504
0 0.471016 0.463467 0.039927 0.034039
0 0.516673 0.404874 0.026767 0.028860
0 0.177387 0.424858 0.040705 0.025790
0 0.441485 0.490004 0.060734 0.052505
0 0.123336 0.608928 0.093220 0.053476
0 0.520951 0.493347 0.049984 0.037316
0 0.363258 0.536487 0.065363 0.047444
0 0.349650 0.523485 0.047840 0.037413
0 0.374344 0.576644 0.059741 0.050798
0 0.049242 0.718958 0.089983 0.079307
0 0.182849 0.680635 0.064313 0.063463
0 0.080759 0.781884 0.133310 0.132339
