0 0.774567 0.444508 0.028275 0.032486
0 0.800012 0.432705 0.024371 0.030227
0 0.195549 0.517308 0.046016 0.046741
0 0.268937 0.479867 0.036123 0.031551
0 0.326815 0.431638 0.051603 0.028864
0 0.830827 0.435145 0.033293 0.031991
0 0.855513 0.465490 0.028575 0.034173
0 0.829189 0.406008 0.024018 0.026148
0 0.819361 0.479622 0.028157 0.033471
0 0.403779 0.424914 0.043849 0.021061
0 0.470749 0.413585 0.041729 0.026283
0 0.861993 0.440095 0.034795 0.034215
0 0.532762 0.411314 0.039224 0.020438
0 0.772088 0.479639 0.039128 0.037620
0 0.124855 0.583190 0.076495 0.074909
0 0.886846 0.490748 0.033220 0.035148
0 0.902623 0.461973 0.044897 0.036951
0 0.796101 0.530775 0.027276 0.035099
0 0.698200 0.544085 0.058646 0.043841
0 0.031595 0.478121 0.049677 0.040612
0 0.147647 0.456227 0.050966 0.031968
0 0.396909 0.646741 0.095684 0.067554
0 0.214035 0.443964 0.045025 0.032982
0 0.718823 0.419743 0.035069 0.023962
0 0.134366 0.751502 0.112611 0.087808
0 0.351982 0.740659 0.109159 0.074083
0 0.470695 0.650407 0.090064 0.082828
0 0.252179 0.451805 0.045356 0.033638
0 0.103879 0.839606 0.133337 0.095168
