0 0.798609 0.444162 0.029078 0.029147
0 0.836925 0.446384 0.030785 0.027122
0 0.865059 0.454962 0.029643 0.034785
0 0.857730 0.432612 0.027394 0.024722
0 0.481608 0.415185 0.040896 0.026064
0 0.312257 0.495893 0.046237 0.048883
0 0.245121 0.476563 0.027575 0.035416
0 0.586847 0.414625 0.037018 0.024757
0 0.671750 0.412938 0.043300 0.027500
0 0.283392 0.462117 0.037232 0.037317
0 0.796157 0.479823 0.038258 0.032292
0 0.903509 0.502291 0.056028 0.030308
0 0.657079 0.531076 0.074141 0.029620
0 0.744857 0.413386 0.042585 0.025778
0 0.166734 0.505427 0.041082 0.042255
0 0.782775 0.514845 0.067833 0.039972
0 0.650660 0.556410 0.070994 0.043581
0 0.539843 0.523518 0.070271 0.038261
0 0.514855 0.564420 0.077646 0.040421
0 0.423775 0.549082 0.067356 0.043269
0 0.672516 0.392137 0.039528 0.019619
0 0.598058 0.391607 0.034421 0.018755
0 0.818568 0.415724 0.040957 0.021360
0 0.895383 0.545716 0.024886 0.037297
0 0.317815 0.577285 0.079048 0.046364
0 0.740419 0.584239 0.076345 0.052449
0 0.137243 0.459421 0.054491 0.031436
0 0.025239 0.484507 0.050478 0.033884
0 0.186497 0.553734 0.076044 0.041412
0 0.739328 0.390736 0.041096 0.019881
0 0.359219 0.415689 0.046347 0.020790
0 0.069673 0.582293 0.073634 0.045913
0 0.564688 0.403964 0.039214 0.025883
0 0.254126 0.781637 0.054953 0.055553
0 0.636246 0.403383 0.042351 0.026633
0 0.397120 0.420291 0.042534 0.027710
0 0.212158 0.500243 0.044684 0.047043
0 0.202962 0.473717 0.047310 0.033862
