0 0.432332 0.413112 0.025805 0.023440
0 0.393778 0.404371 0.034810 0.021811
0 0.433349 0.396446 0.029831 0.022348
0 0.477931 0.407047 0.025061 0.027564
0 0.414959 0.455698 0.033776 0.030618
0 0.395571 0.478961 0.050755 0.033311
0 0.334905 0.496470 0.054405 0.032421
0 0.261812 0.515750 0.069448 0.033502
0 0.757402 0.392008 0.030649 0.020881
0 0.736354 0.377636 0.024012 0.026255
0 0.673406 0.413243 0.035266 0.026087
0 0.074252 0.445093 0.053282 0.032205
0 0.033286 0.425360 0.066572 0.038840
0 0.619918 0.437815 0.045833 0.035113
0 0.601018 0.423079 0.044693 0.029757
0 0.578612 0.459056 0.030640 0.034099
0 0.152185 0.428275 0.040844 0.027124
0 0.271592 0.406347 0.050341 0.024985
0 0.520123 0.465948 0.049474 0.035465
0 0.354354 0.390817 0.043937 0.025669
0 0.479025 0.497886 0.054555 0.039399
0 0.381663 0.506167 0.070373 0.044281
0 0.253239 0.558112 0.077516 0.045758
0 0.321038 0.564018 0.077316 0.049618
0 0.156489 0.563517 0.073604 0.042285
0 0.427853 0.381997 0.040668 0.019874
0 0.478679 0.375583 0.038900 0.021143
0 0.142726 0.624612 0.102224 0.053782
0 0.094245 0.602689 0.088852 0.046514
0 0.168126 0.405441 0.039214 0.030009
