0 0.424014 0.405091 0.026262 0.019370
0 0.378130 0.400775 0.036458 0.021811
0 0.429510 0.393872 0.029831 0.020859
0 0.466567 0.396261 0.027541 0.023241
0 0.426152 0.426865 0.027638 0.025587
0 0.456891 0.423089 0.024011 0.025288
0 0.457204 0.442806 0.033511 0.027831
0 0.421270 0.466724 0.052780 0.033776
0 0.509962 0.417117 0.027912 0.031314
0 0.481241 0.414348 0.024121 0.023617
0 0.367523 0.489483 0.059961 0.032693
0 0.485308 0.447781 0.033962 0.029810
0 0.034389 0.456155 0.045805 0.036289
0 0.295004 0.515268 0.060461 0.035873
0 0.196639 0.417959 0.047358 0.036462
0 0.765957 0.368630 0.029940 0.021224
0 0.279020 0.408471 0.048264 0.027693
0 0.342778 0.395904 0.040716 0.027645
0 0.685785 0.407887 0.087334 0.061814
0 0.208622 0.536528 0.070412 0.041883
0 0.611905 0.457186 0.041106 0.029125
0 0.346139 0.521548 0.055797 0.033599
0 0.425219 0.491703 0.055681 0.031869
0 0.402285 0.385494 0.036626 0.016148
0 0.499750 0.479828 0.022340 0.031601
0 0.411428 0.517083 0.062084 0.041467
0 0.131013 0.549893 0.073476 0.045180
0 0.590120 0.441840 0.039405 0.027803
0 0.491329 0.469534 0.049730 0.028416
0 0.309909 0.555566 0.080550 0.053308
0 0.530071 0.407067 0.023194 0.025024
0 0.216801 0.579406 0.080259 0.045434
0 0.472601 0.374188 0.036870 0.018080
0 0.423476 0.551847 0.024846 0.041052
0 0.041925 0.576594 0.081478 0.053995
