0 0.776009 0.432032 0.034272 0.025400
0 0.820830 0.421186 0.031387 0.023232
0 0.850214 0.426148 0.030480 0.030739
0 0.693398 0.506412 0.064095 0.038069
0 0.837422 0.468871 0.036830 0.028930
0 0.878314 0.458491 0.025951 0.031875
0 0.800095 0.466718 0.034286 0.029300
0 0.073448 0.706190 0.086082 0.086178
0 0.834182 0.443451 0.026544 0.022281
0 0.155294 0.475057 0.060924 0.032258
0 0.178782 0.583656 0.057153 0.063535
0 0.188087 0.453707 0.046388 0.020466
0 0.253421 0.442439 0.051716 0.031379
0 0.811567 0.489902 0.047890 0.032026
0 0.343519 0.427944 0.042430 0.028921
0 0.440383 0.418657 0.042639 0.023721
0 0.509799 0.413432 0.037976 0.020574
0 0.605746 0.410280 0.045227 0.027195
0 0.083001 0.640536 0.063136 0.063492
0 0.869705 0.479691 0.034959 0.031629
0 0.770766 0.505694 0.053861 0.038201
0 0.788091 0.523584 0.055719 0.034173
0 0.830281 0.513399 0.050778 0.037079
0 0.705957 0.531796 0.056070 0.035225
0 0.667898 0.414986 0.043849 0.019072
0 0.723845 0.411690 0.041729 0.026283
0 0.711488 0.550579 0.077093 0.038057
0 0.934732 0.527339 0.058564 0.031507
0 0.120911 0.569785 0.048043 0.051218
0 0.768604 0.411847 0.039224 0.020438
0 0.103874 0.467728 0.044134 0.032475
0 0.077179 0.769890 0.118865 0.093873
