0 0.634211 0.527275 0.054105 0.046484
0 0.108812 0.601091 0.065960 0.068180
0 0.241952 0.472414 0.049891 0.048664
0 0.400525 0.669192 0.102555 0.069853
0 0.639943 0.391837 0.039767 0.023680
0 0.819240 0.444561 0.040872 0.029952
0 0.750894 0.564006 0.074364 0.053786
0 0.788427 0.524068 0.058812 0.045237
0 0.851776 0.491700 0.031549 0.036829
0 0.707357 0.516428 0.061686 0.039361
0 0.761663 0.488569 0.037294 0.037068
0 0.710737 0.407475 0.030852 0.026344
0 0.889189 0.466495 0.033400 0.035714
0 0.200698 0.524982 0.058701 0.061474
0 0.500561 0.410270 0.045846 0.026734
0 0.861115 0.431756 0.037047 0.032384
0 0.834249 0.409759 0.029658 0.027092
0 0.759011 0.407334 0.028297 0.026254
0 0.790095 0.421328 0.040639 0.027693
0 0.668474 0.412912 0.044059 0.023382
0 0.565031 0.405009 0.041615 0.027766
