0 0.433167 0.413715 0.025703 0.024351
0 0.394922 0.404557 0.034810 0.021811
0 0.434066 0.397117 0.029831 0.022827
0 0.478003 0.408161 0.025061 0.029107
0 0.413520 0.458257 0.034519 0.031800
0 0.394748 0.481332 0.050755 0.033311
0 0.331109 0.497096 0.054405 0.032421
0 0.720394 0.390333 0.037592 0.023319
0 0.252292 0.516621 0.069448 0.032992
0 0.769774 0.382859 0.036530 0.022874
0 0.092387 0.439570 0.050398 0.031619
0 0.643153 0.416065 0.036698 0.029280
0 0.688500 0.412266 0.038967 0.027495
0 0.029036 0.445281 0.051545 0.024490
0 0.619654 0.447532 0.043368 0.031030
0 0.550336 0.444877 0.047505 0.032830
0 0.522517 0.474226 0.049416 0.032268
0 0.210894 0.416615 0.042194 0.026296
0 0.198097 0.391203 0.050274 0.032064
0 0.449459 0.509241 0.058365 0.042978
0 0.385378 0.505115 0.063688 0.040287
0 0.370351 0.544768 0.058293 0.039576
0 0.274129 0.401785 0.038254 0.022991
0 0.381481 0.386610 0.042142 0.022924
0 0.283859 0.551137 0.068468 0.043276
0 0.457382 0.375309 0.041582 0.023609
0 0.230389 0.597153 0.081059 0.053378
0 0.112434 0.572815 0.088066 0.050319
0 0.163080 0.415218 0.045619 0.025371
0 0.109930 0.415138 0.048448 0.018740
