0 0.771723 0.458036 0.031151 0.033190
0 0.803421 0.446911 0.024371 0.027415
0 0.796819 0.408771 0.029351 0.022919
0 0.822187 0.427797 0.024304 0.029964
0 0.028146 0.683418 0.056291 0.075649
0 0.241056 0.474923 0.042562 0.037925
0 0.302049 0.446092 0.036488 0.030925
0 0.374871 0.422758 0.051603 0.028864
0 0.830711 0.457442 0.033293 0.031991
0 0.856424 0.482596 0.032672 0.034173
0 0.851486 0.429807 0.027843 0.030713
0 0.805240 0.495150 0.043610 0.034680
0 0.448164 0.420392 0.043849 0.021061
0 0.513379 0.411275 0.041729 0.026283
0 0.884134 0.460100 0.034795 0.034215
0 0.581324 0.411474 0.039224 0.020438
0 0.743739 0.502279 0.047149 0.037620
0 0.046444 0.483424 0.059765 0.040457
0 0.196333 0.510733 0.041808 0.052792
0 0.850163 0.517368 0.053735 0.035148
0 0.937715 0.484887 0.051169 0.036951
0 0.704465 0.563794 0.030137 0.038730
0 0.608495 0.579566 0.064164 0.043841
0 0.123776 0.457267 0.057543 0.038073
0 0.199703 0.441601 0.050966 0.031968
0 0.178170 0.723949 0.126079 0.085703
0 0.254588 0.428267 0.045025 0.032982
0 0.747953 0.429604 0.035069 0.023962
0 0.221268 0.771908 0.110477 0.094784
