0 0.788634 0.435892 0.028660 0.025400
0 0.833187 0.436607 0.030785 0.027122
0 0.858066 0.438293 0.023097 0.030964
0 0.854922 0.428661 0.027394 0.024722
0 0.686719 0.507391 0.064095 0.038069
0 0.923979 0.517620 0.062384 0.038720
0 0.835559 0.460664 0.037142 0.028974
0 0.164109 0.582459 0.058183 0.059514
0 0.883986 0.466131 0.025724 0.031875
0 0.798048 0.469845 0.039838 0.030356
0 0.250468 0.540047 0.042589 0.054923
0 0.832850 0.471348 0.038389 0.028290
0 0.265189 0.446013 0.050707 0.030191
0 0.234822 0.492662 0.032494 0.044136
0 0.288685 0.429301 0.046388 0.021508
0 0.363974 0.423522 0.042377 0.025301
0 0.803623 0.495396 0.049675 0.032393
0 0.447278 0.414793 0.041854 0.021298
0 0.522940 0.410278 0.042639 0.023721
0 0.583680 0.412771 0.037682 0.020361
0 0.642059 0.407694 0.045227 0.027195
0 0.175836 0.525314 0.041243 0.047414
0 0.863081 0.494781 0.038762 0.031835
0 0.747531 0.509279 0.054107 0.038479
0 0.059651 0.650966 0.077644 0.076226
0 0.762132 0.530575 0.055719 0.034173
0 0.821367 0.517409 0.055027 0.037079
0 0.106903 0.554435 0.046321 0.055468
0 0.618261 0.533920 0.062240 0.038057
0 0.704464 0.411469 0.043849 0.018620
0 0.758130 0.410369 0.041729 0.026319
0 0.504846 0.549753 0.077093 0.038057
0 0.638900 0.571015 0.074439 0.043131
0 0.170232 0.485340 0.036512 0.034918
0 0.187619 0.451420 0.053521 0.034099
