0 0.431727 0.412676 0.025879 0.022780
0 0.392950 0.404236 0.034810 0.021811
0 0.432830 0.395960 0.029831 0.022000
0 0.477879 0.406240 0.025061 0.026446
0 0.416002 0.453845 0.033238 0.029761
0 0.396363 0.477611 0.050755 0.033311
0 0.337654 0.496016 0.054405 0.032421
0 0.267287 0.516969 0.069448 0.034171
0 0.767255 0.378806 0.027111 0.022603
0 0.723199 0.400181 0.034520 0.024232
0 0.717374 0.382129 0.036289 0.018244
0 0.058249 0.450246 0.044577 0.032429
0 0.205082 0.417947 0.054859 0.027561
0 0.628884 0.417750 0.035986 0.029153
0 0.288244 0.400510 0.046882 0.028245
0 0.603715 0.446985 0.043822 0.033926
0 0.490700 0.452185 0.045481 0.035063
0 0.420992 0.503781 0.061035 0.038474
0 0.508674 0.488107 0.045469 0.036282
0 0.311269 0.525771 0.062698 0.037629
0 0.347082 0.393431 0.040668 0.021464
0 0.406575 0.383335 0.038900 0.021143
0 0.361236 0.547090 0.067100 0.043599
0 0.239201 0.563992 0.073421 0.046514
0 0.117032 0.557080 0.075776 0.051588
0 0.468533 0.375832 0.030802 0.019874
0 0.023046 0.451094 0.046091 0.031714
0 0.125873 0.424826 0.044947 0.027908
0 0.115917 0.623410 0.094864 0.054785
0 0.071043 0.602459 0.079874 0.046706
0 0.061276 0.425981 0.039214 0.026637
