0 0.771979 0.459568 0.031151 0.033190
0 0.803831 0.448259 0.024371 0.027415
0 0.798088 0.411698 0.029351 0.022919
0 0.823160 0.430738 0.024304 0.029964
0 0.042214 0.666166 0.073421 0.075649
0 0.246467 0.467691 0.045745 0.035644
0 0.308557 0.443336 0.037218 0.029672
0 0.379994 0.422033 0.051603 0.028864
0 0.830461 0.459962 0.033293 0.031991
0 0.856168 0.484496 0.033696 0.034173
0 0.854387 0.433710 0.027843 0.030713
0 0.803215 0.496527 0.044891 0.034983
0 0.454487 0.419854 0.043849 0.021061
0 0.520516 0.411121 0.041729 0.026283
0 0.885404 0.463569 0.034795 0.034215
0 0.589407 0.411440 0.039224 0.020438
0 0.738253 0.505714 0.048249 0.037620
0 0.064479 0.481901 0.059765 0.040457
0 0.201637 0.502107 0.041808 0.052792
0 0.842127 0.521152 0.056773 0.035148
0 0.941795 0.488573 0.051169 0.036951
0 0.691091 0.567846 0.031091 0.038905
0 0.595555 0.583721 0.064164 0.043841
0 0.130780 0.455240 0.053727 0.032993
0 0.205597 0.440380 0.050966 0.031968
0 0.151794 0.737688 0.126079 0.082581
0 0.751535 0.430526 0.035069 0.023962
0 0.175833 0.795318 0.118285 0.099656
