0 0.307729 0.394977 0.042429 0.021811
0 0.412671 0.383358 0.024410 0.027805
0 0.415471 0.415674 0.027659 0.032688
0 0.447135 0.401050 0.031165 0.026112
0 0.031148 0.460780 0.062296 0.028715
0 0.101867 0.440344 0.047725 0.027997
0 0.376389 0.484373 0.059228 0.038583
0 0.209886 0.420131 0.049507 0.024876
0 0.282163 0.507921 0.070035 0.038429
0 0.475903 0.395417 0.033875 0.028893
0 0.262396 0.410568 0.040134 0.022893
0 0.193962 0.535002 0.081478 0.051018
0 0.428494 0.448062 0.031130 0.029408
0 0.762115 0.383889 0.028699 0.019751
0 0.490627 0.425268 0.034237 0.029244
0 0.569851 0.437453 0.042233 0.030697
0 0.455001 0.461817 0.043411 0.036908
0 0.322338 0.524214 0.071163 0.027944
0 0.368949 0.571832 0.184257 0.147605
0 0.181111 0.621673 0.085146 0.057388
0 0.080863 0.561119 0.073183 0.049262
0 0.145275 0.681980 0.085166 0.068276
0 0.161078 0.423796 0.048032 0.023484
