0 0.720797 0.512083 0.049723 0.031196
0 0.838685 0.427322 0.027781 0.028005
0 0.016618 0.482841 0.033236 0.039199
0 0.885471 0.508816 0.058798 0.038776
0 0.965145 0.524859 0.024380 0.030952
0 0.281923 0.488241 0.047397 0.038039
0 0.155362 0.839524 0.131451 0.091839
0 0.795554 0.406902 0.031796 0.028184
0 0.766919 0.433423 0.033984 0.029153
0 0.719907 0.420985 0.044237 0.030197
0 0.823104 0.405716 0.030734 0.024645
0 0.475616 0.413069 0.045846 0.028670
0 0.661604 0.411792 0.044059 0.023382
0 0.558961 0.405547 0.041615 0.027766
