0 0.801754 0.445828 0.028070 0.034031
0 0.828716 0.459179 0.031222 0.027291
0 0.806350 0.499594 0.053051 0.037953
0 0.869625 0.457973 0.032724 0.025351
0 0.679226 0.415145 0.040896 0.026064
0 0.685762 0.400550 0.041007 0.017097
0 0.297675 0.485064 0.038372 0.046224
0 0.784303 0.410340 0.037654 0.026295
0 0.247005 0.471210 0.033603 0.031619
0 0.909670 0.518474 0.064677 0.039123
0 0.754018 0.416811 0.037018 0.024757
0 0.822749 0.415516 0.043300 0.027500
0 0.390978 0.422646 0.049862 0.026258
0 0.644789 0.513031 0.064286 0.033941
0 0.746952 0.546617 0.058313 0.038261
0 0.633696 0.538257 0.066806 0.034499
0 0.468723 0.551652 0.071903 0.043811
0 0.745353 0.397685 0.036926 0.019797
0 0.275413 0.550572 0.074141 0.039387
0 0.871135 0.415264 0.042585 0.025778
0 0.200066 0.472159 0.044624 0.035634
0 0.389713 0.531604 0.073183 0.039972
0 0.218799 0.575891 0.070994 0.046551
0 0.138475 0.537733 0.070271 0.038261
0 0.052797 0.584343 0.076232 0.044638
0 0.056069 0.551079 0.068075 0.031509
0 0.842518 0.394295 0.039528 0.017255
0 0.776220 0.391263 0.034421 0.018755
0 0.643138 0.570946 0.031667 0.035650
0 0.345326 0.743157 0.102898 0.088101
0 0.319433 0.426653 0.030002 0.026535
0 0.609673 0.409054 0.042024 0.030197
0 0.217651 0.495290 0.044438 0.046138
0 0.510643 0.404408 0.042940 0.024475
0 0.290071 0.440249 0.047178 0.033316
