0 0.777333 0.433937 0.019649 0.030373
0 0.788814 0.417201 0.024371 0.030227
0 0.151244 0.569590 0.053929 0.052714
0 0.232222 0.534151 0.040968 0.045179
0 0.286605 0.447166 0.043298 0.044165
0 0.814315 0.415189 0.024139 0.029501
0 0.844922 0.450037 0.028575 0.034173
0 0.815801 0.463391 0.026681 0.033471
0 0.405024 0.421805 0.043849 0.022771
0 0.460888 0.414632 0.041729 0.026283
0 0.842050 0.418071 0.028603 0.026112
0 0.517756 0.405918 0.041214 0.020438
0 0.780281 0.460265 0.030307 0.034815
0 0.892051 0.475302 0.031551 0.035148
0 0.879826 0.444418 0.037417 0.032360
0 0.752773 0.520044 0.049194 0.040340
0 0.079962 0.475076 0.051392 0.034253
0 0.531731 0.590411 0.069457 0.057825
0 0.163281 0.454568 0.050746 0.034001
0 0.700169 0.413306 0.035069 0.023962
0 0.310462 0.679584 0.093439 0.068284
0 0.214874 0.476562 0.040796 0.036524
0 0.220490 0.431515 0.047571 0.031444
0 0.355178 0.722306 0.105976 0.075098
