0 0.423125 0.404059 0.026262 0.019370
0 0.375051 0.400070 0.036808 0.021811
0 0.425958 0.392122 0.029831 0.020859
0 0.458350 0.390104 0.029756 0.022470
0 0.425957 0.426067 0.027638 0.025587
0 0.456370 0.420865 0.023485 0.025329
0 0.461158 0.440212 0.033511 0.027831
0 0.428756 0.463101 0.045960 0.032895
0 0.507376 0.412563 0.027912 0.031314
0 0.478602 0.408591 0.024121 0.023617
0 0.380450 0.485225 0.053141 0.034257
0 0.494172 0.439892 0.033962 0.029810
0 0.298169 0.516502 0.060461 0.035873
0 0.164986 0.424520 0.048566 0.033198
0 0.239974 0.414246 0.048264 0.027693
0 0.302260 0.404716 0.041656 0.023811
0 0.770660 0.376135 0.073323 0.051500
0 0.210396 0.534407 0.070412 0.036229
0 0.700676 0.408415 0.034356 0.021879
0 0.424903 0.489122 0.043185 0.022122
0 0.483892 0.471126 0.046432 0.031815
0 0.367883 0.393136 0.039540 0.019343
0 0.555392 0.419287 0.022340 0.027739
0 0.547648 0.463633 0.045583 0.031992
0 0.133811 0.548220 0.073476 0.045180
0 0.710102 0.389911 0.032319 0.018315
0 0.526964 0.446891 0.042015 0.024956
0 0.440675 0.506247 0.058589 0.042013
0 0.525138 0.402946 0.023194 0.025024
0 0.359913 0.534772 0.074816 0.042198
0 0.415845 0.384240 0.033901 0.017522
0 0.527210 0.498098 0.024846 0.031069
0 0.047101 0.575255 0.081478 0.053995
0 0.454343 0.529306 0.064837 0.042499
0 0.059819 0.440816 0.054305 0.035635
0 0.235124 0.588483 0.088626 0.045499
0 0.144466 0.575956 0.087578 0.046889
