0 0.363997 0.386231 0.033624 0.019370
0 0.363186 0.397354 0.038156 0.021811
0 0.417033 0.397857 0.027437 0.025098
0 0.443506 0.397792 0.023485 0.025329
0 0.474205 0.402365 0.021259 0.022247
0 0.446041 0.436487 0.024410 0.027805
0 0.407415 0.462118 0.040988 0.033550
0 0.454266 0.382732 0.027415 0.022790
0 0.482879 0.432239 0.024635 0.030557
0 0.021944 0.459761 0.043889 0.040217
0 0.091661 0.446565 0.053606 0.028715
0 0.175288 0.426095 0.045152 0.024896
0 0.261243 0.518753 0.068969 0.039580
0 0.767262 0.372632 0.025826 0.018858
0 0.251190 0.412548 0.044203 0.024181
0 0.167136 0.538073 0.073476 0.045180
0 0.488106 0.390061 0.030313 0.019900
0 0.506206 0.411737 0.031248 0.033310
0 0.720806 0.399974 0.034528 0.022374
0 0.318563 0.400584 0.040134 0.022893
0 0.085195 0.565888 0.081478 0.053995
0 0.832241 0.358514 0.024578 0.019255
0 0.687140 0.399053 0.031323 0.020483
0 0.348291 0.500713 0.055164 0.034568
0 0.620374 0.441718 0.042463 0.025920
0 0.524889 0.474983 0.046486 0.030421
0 0.475732 0.470542 0.044555 0.029352
0 0.421177 0.495211 0.056385 0.035465
0 0.316126 0.555490 0.068324 0.053736
0 0.141991 0.685672 0.085513 0.064217
0 0.088753 0.670211 0.092678 0.065283
