0 0.433152 0.413704 0.025704 0.024335
0 0.394902 0.404554 0.034810 0.021811
0 0.434054 0.397105 0.029831 0.022819
0 0.478001 0.408142 0.025061 0.029080
0 0.413544 0.458213 0.034506 0.031780
0 0.394928 0.481297 0.050755 0.033311
0 0.331174 0.497085 0.054405 0.032421
0 0.722658 0.389319 0.037592 0.023319
0 0.252497 0.516552 0.069448 0.032992
0 0.771673 0.381901 0.036129 0.022874
0 0.089763 0.440438 0.050883 0.031619
0 0.646359 0.415332 0.036698 0.029280
0 0.691058 0.411448 0.038519 0.027100
0 0.027071 0.445916 0.050878 0.024490
0 0.622153 0.446461 0.043368 0.031030
0 0.554107 0.443538 0.046940 0.032521
0 0.525559 0.473127 0.049085 0.032098
0 0.208595 0.417179 0.042641 0.026296
0 0.195268 0.391759 0.050274 0.032064
0 0.453054 0.507831 0.057682 0.042864
0 0.389481 0.503537 0.062980 0.039950
0 0.374996 0.543189 0.057774 0.039575
0 0.272432 0.402180 0.038254 0.022991
0 0.379360 0.387080 0.042142 0.022924
0 0.288999 0.549642 0.068232 0.043163
0 0.455672 0.375637 0.041582 0.023609
0 0.235906 0.595292 0.081059 0.053378
0 0.117102 0.571941 0.088066 0.050319
0 0.160063 0.415697 0.045619 0.025371
0 0.107157 0.415906 0.048448 0.018941
