0 0.658167 0.520533 0.054105 0.042505
0 0.028759 0.679848 0.057519 0.080809
0 0.191365 0.519243 0.052088 0.056544
0 0.536094 0.604793 0.078621 0.056546
0 0.635599 0.391117 0.038816 0.023680
0 0.809054 0.439609 0.041465 0.029952
0 0.358854 0.406685 0.038235 0.031968
0 0.703640 0.588865 0.074797 0.055032
0 0.880048 0.537868 0.064357 0.046350
0 0.813089 0.507956 0.049640 0.042886
0 0.854202 0.480518 0.029951 0.036462
0 0.726178 0.509561 0.061686 0.039361
0 0.767647 0.474572 0.034794 0.036451
0 0.684152 0.396771 0.034924 0.020120
0 0.879312 0.453591 0.035090 0.035714
0 0.148435 0.587558 0.070135 0.070412
0 0.497989 0.410484 0.045846 0.026531
0 0.848020 0.421217 0.037047 0.032384
0 0.772964 0.414594 0.040639 0.027693
0 0.667730 0.412791 0.044059 0.023382
0 0.564374 0.405067 0.041615 0.027766
