0 0.440901 0.426811 0.025505 0.026111
0 0.407231 0.409834 0.032589 0.025281
0 0.443920 0.402343 0.033027 0.027504
0 0.438609 0.454065 0.049890 0.034061
0 0.205030 0.532826 0.072108 0.040918
0 0.084293 0.439799 0.045824 0.030418
0 0.152372 0.419774 0.049131 0.024858
0 0.212583 0.417950 0.046256 0.025878
0 0.382189 0.520759 0.063775 0.039690
0 0.383151 0.390473 0.041588 0.025371
0 0.352841 0.382606 0.035590 0.019282
0 0.485116 0.372149 0.036633 0.026428
0 0.480248 0.356558 0.035200 0.023981
0 0.156890 0.629594 0.037233 0.048712
