0 0.426396 0.391623 0.024057 0.026966
0 0.416121 0.430810 0.021655 0.031495
0 0.404166 0.471911 0.054668 0.039034
0 0.321051 0.388563 0.042997 0.026770
0 0.428208 0.410765 0.021515 0.022092
0 0.355777 0.365727 0.103573 0.037926
0 0.437226 0.448386 0.030433 0.032313
0 0.329867 0.501600 0.060060 0.034570
0 0.472496 0.382242 0.023329 0.022420
0 0.447183 0.382148 0.020887 0.021391
0 0.301282 0.530622 0.065263 0.038059
0 0.260348 0.565906 0.072664 0.049504
0 0.498377 0.406803 0.029665 0.045335
0 0.365405 0.560824 0.073563 0.048849
0 0.479665 0.442169 0.028804 0.035363
0 0.384546 0.504407 0.048571 0.032362
0 0.245657 0.528349 0.052735 0.032987
0 0.127514 0.430475 0.046031 0.027908
0 0.457830 0.476984 0.044570 0.034445
0 0.407838 0.516223 0.046947 0.036688
0 0.164107 0.597628 0.084451 0.056490
0 0.077216 0.704843 0.097093 0.073598
0 0.186186 0.417668 0.046601 0.028133
0 0.156812 0.562790 0.074556 0.044299
0 0.237170 0.408408 0.043905 0.025507
0 0.621256 0.434088 0.059875 0.045621
0 0.045249 0.431167 0.054209 0.032860
0 0.511849 0.503153 0.052593 0.044467
0 0.139487 0.714458 0.088046 0.068464
