0 0.797368 0.440958 0.027612 0.025400
0 0.837520 0.444369 0.030785 0.027122
0 0.864988 0.451655 0.026591 0.033559
0 0.857261 0.431952 0.027394 0.024722
0 0.285945 0.458776 0.032256 0.032825
0 0.327534 0.501468 0.052278 0.048883
0 0.251248 0.478447 0.029525 0.035924
0 0.332367 0.433417 0.037018 0.024757
0 0.402153 0.421320 0.043636 0.028813
0 0.260724 0.506257 0.042082 0.045561
0 0.803534 0.465398 0.029475 0.030056
0 0.479920 0.411521 0.037277 0.025778
0 0.164394 0.507525 0.041082 0.042255
0 0.835248 0.479090 0.046306 0.030110
0 0.955485 0.513394 0.055322 0.036555
0 0.954305 0.487251 0.050340 0.030876
0 0.352249 0.404331 0.039528 0.019619
0 0.242848 0.429574 0.039900 0.029490
0 0.554839 0.411375 0.040957 0.021360
0 0.873525 0.525502 0.058642 0.041114
0 0.807034 0.511884 0.065408 0.040760
0 0.735962 0.549633 0.068015 0.044459
0 0.640619 0.534158 0.065318 0.035147
0 0.607538 0.515452 0.061242 0.035707
0 0.636386 0.412275 0.046743 0.024757
0 0.264888 0.436530 0.049147 0.035560
0 0.633708 0.559735 0.076659 0.043138
0 0.202459 0.455364 0.047172 0.030666
0 0.514887 0.404351 0.038045 0.020490
0 0.711931 0.406892 0.044711 0.027144
0 0.771366 0.412964 0.039432 0.024226
0 0.519898 0.561166 0.079709 0.049003
0 0.486047 0.528220 0.071556 0.039669
0 0.365695 0.590286 0.071920 0.041262
0 0.342456 0.550941 0.071526 0.042763
0 0.236615 0.540819 0.066677 0.036299
0 0.278716 0.578811 0.035778 0.043429
0 0.114164 0.464566 0.048523 0.029959
0 0.691254 0.601613 0.031622 0.043753
0 0.839395 0.413840 0.040780 0.022953
0 0.810886 0.397421 0.049235 0.020579
0 0.608369 0.401665 0.041392 0.022322
0 0.079950 0.580105 0.076345 0.041052
0 0.113907 0.555543 0.070454 0.044760
0 0.358563 0.420929 0.028820 0.022548
0 0.052631 0.537406 0.072731 0.038351
0 0.207086 0.505708 0.045292 0.049287
0 0.199083 0.476291 0.047743 0.035587
