0 0.427271 0.408874 0.026262 0.019370
0 0.389417 0.403360 0.035175 0.021811
0 0.432114 0.394284 0.029831 0.020859
0 0.474424 0.401674 0.025061 0.024105
0 0.426865 0.429792 0.027638 0.025587
0 0.456497 0.426305 0.027719 0.025003
0 0.447127 0.450788 0.033511 0.027831
0 0.414608 0.469976 0.052780 0.033776
0 0.510907 0.418555 0.027912 0.031314
0 0.482116 0.436001 0.024848 0.024339
0 0.041259 0.454725 0.053502 0.028507
0 0.113978 0.437932 0.042658 0.027378
0 0.358433 0.491753 0.059961 0.032693
0 0.185997 0.422038 0.035185 0.021010
0 0.479884 0.456925 0.040433 0.027473
0 0.268388 0.408093 0.038985 0.025630
0 0.645151 0.411785 0.040109 0.024394
0 0.290019 0.520946 0.060461 0.035873
0 0.399626 0.386151 0.039559 0.024735
0 0.548499 0.448307 0.043863 0.031906
0 0.776032 0.367798 0.027773 0.019449
0 0.706295 0.404594 0.035266 0.025879
0 0.114246 0.423400 0.047402 0.020592
0 0.434829 0.489867 0.053754 0.032238
0 0.649812 0.433637 0.037138 0.023324
0 0.219839 0.549229 0.069280 0.033842
0 0.514552 0.487326 0.052784 0.033359
0 0.609638 0.452959 0.038023 0.028259
0 0.440462 0.524854 0.062308 0.045279
0 0.365081 0.516804 0.068614 0.040029
0 0.148778 0.397450 0.055081 0.037250
0 0.192099 0.410190 0.040969 0.021624
0 0.448869 0.377751 0.041211 0.020839
0 0.252384 0.399881 0.038724 0.025044
0 0.061437 0.422595 0.045582 0.022793
0 0.236813 0.571703 0.066971 0.043117
0 0.504633 0.370906 0.036103 0.023757
0 0.102656 0.576479 0.070913 0.046433
