0 0.615006 0.539016 0.054939 0.046738
0 0.170169 0.541118 0.053204 0.053747
0 0.285156 0.440996 0.048219 0.041653
0 0.246762 0.754381 0.109595 0.092525
0 0.806809 0.407861 0.035010 0.026217
0 0.651539 0.393357 0.043254 0.023680
0 0.828716 0.449413 0.039490 0.029952
0 0.487006 0.666678 0.087067 0.068237
0 0.637057 0.575133 0.074516 0.056885
0 0.753883 0.539518 0.066405 0.046258
0 0.842457 0.506263 0.039929 0.041056
0 0.688390 0.523329 0.061686 0.039361
0 0.751722 0.500143 0.043127 0.038509
0 0.738083 0.421980 0.030852 0.030612
0 0.888887 0.481795 0.033400 0.035714
0 0.058082 0.640919 0.116164 0.112998
0 0.236611 0.480462 0.051915 0.051008
0 0.502428 0.410359 0.045846 0.028201
0 0.869582 0.439202 0.037047 0.032384
0 0.837684 0.411450 0.029658 0.027092
0 0.762946 0.412383 0.030805 0.028827
0 0.800795 0.427756 0.038747 0.027693
0 0.669128 0.413019 0.044059 0.023382
0 0.565609 0.404958 0.041615 0.027766
