0 0.298956 0.442047 0.047364 0.030042
0 0.059141 0.646231 0.071648 0.064184
0 0.375886 0.538512 0.062851 0.064184
0 0.679218 0.565503 0.074885 0.054714
0 0.755946 0.542695 0.059926 0.049010
0 0.625714 0.542815 0.061686 0.048401
0 0.700998 0.525523 0.059201 0.040837
0 0.770479 0.484918 0.044035 0.036074
0 0.809302 0.525400 0.059926 0.046296
0 0.071379 0.473105 0.070006 0.046296
0 0.239072 0.482609 0.063259 0.067102
0 0.960349 0.512282 0.049167 0.039983
0 0.856090 0.502073 0.059926 0.039983
0 0.388810 0.419106 0.053766 0.031566
0 0.508366 0.410640 0.045846 0.032870
0 0.896139 0.460769 0.037047 0.039983
0 0.864417 0.431464 0.035276 0.031566
0 0.784570 0.437072 0.036186 0.032618
0 0.823279 0.440788 0.041446 0.032618
0 0.677454 0.414074 0.044059 0.023382
0 0.567449 0.404795 0.041615 0.027766
