0 0.600179 0.548949 0.057022 0.047372
0 0.206409 0.501384 0.051668 0.048713
0 0.328787 0.422184 0.047438 0.037163
0 0.806809 0.407861 0.035010 0.026217
0 0.663486 0.395141 0.044205 0.023680
0 0.357005 0.727825 0.100561 0.075440
0 0.540139 0.572350 0.074516 0.057233
0 0.723827 0.550786 0.066809 0.046660
0 0.818927 0.522943 0.050498 0.045396
0 0.668393 0.528308 0.061686 0.043156
0 0.737011 0.509665 0.050257 0.042901
0 0.767329 0.440372 0.030852 0.030612
0 0.884586 0.499202 0.055033 0.046296
0 0.126806 0.589633 0.108270 0.103289
0 0.268768 0.451167 0.052602 0.047072
0 0.504209 0.410443 0.045846 0.029602
0 0.873656 0.441818 0.037047 0.032384
0 0.847740 0.417618 0.033872 0.030447
0 0.767429 0.415517 0.033219 0.028827
0 0.809113 0.431657 0.035916 0.028417
0 0.671216 0.413289 0.044059 0.023382
0 0.566161 0.404909 0.041615 0.027766
