0 0.761540 0.422491 0.034272 0.025400
0 0.767188 0.471648 0.035039 0.038069
0 0.805272 0.409233 0.028428 0.024380
0 0.828413 0.401652 0.026571 0.021347
0 0.799502 0.461355 0.024371 0.027415
0 0.816831 0.429194 0.028949 0.028290
0 0.831270 0.455641 0.032545 0.031360
0 0.180018 0.548921 0.054150 0.055515
0 0.301109 0.441078 0.044778 0.027929
0 0.359953 0.428433 0.039955 0.024973
0 0.426098 0.415509 0.051603 0.028864
0 0.850126 0.426750 0.028670 0.027665
0 0.815938 0.478772 0.043526 0.031991
0 0.838320 0.503748 0.041373 0.034173
0 0.870931 0.464815 0.028704 0.030713
0 0.773739 0.512083 0.050144 0.035210
0 0.511391 0.415010 0.043849 0.021061
0 0.584750 0.409737 0.041729 0.026283
0 0.900508 0.493603 0.036516 0.034215
0 0.661385 0.411281 0.039224 0.020438
0 0.623653 0.540633 0.071463 0.045222
0 0.187235 0.454463 0.047050 0.036374
0 0.082947 0.471875 0.055553 0.035938
0 0.247284 0.454760 0.046064 0.042656
0 0.718246 0.565136 0.064854 0.044909
0 0.434239 0.652216 0.088756 0.055939
