0 0.777914 0.425480 0.027327 0.030373
0 0.072092 0.643798 0.079285 0.064031
0 0.172644 0.603568 0.058694 0.057126
0 0.261916 0.472179 0.041411 0.047643
0 0.807537 0.408141 0.024139 0.029501
0 0.826561 0.428898 0.028575 0.026088
0 0.818288 0.449902 0.024066 0.030521
0 0.395890 0.420514 0.043849 0.024092
0 0.453043 0.415511 0.041729 0.026283
0 0.502109 0.401635 0.042752 0.020438
0 0.773102 0.444243 0.030307 0.034815
0 0.876755 0.457652 0.031551 0.031799
0 0.860560 0.430878 0.034884 0.029641
0 0.785488 0.501663 0.044871 0.035765
0 0.625592 0.554058 0.063719 0.046218
0 0.083361 0.475744 0.060135 0.037401
0 0.687278 0.409074 0.035069 0.023962
0 0.462021 0.619776 0.082328 0.059269
0 0.701432 0.599969 0.069419 0.052673
0 0.689302 0.556608 0.062922 0.049553
0 0.176537 0.518155 0.047994 0.046178
0 0.172619 0.446175 0.047571 0.031444
0 0.641279 0.394799 0.040698 0.022552
0 0.726479 0.401542 0.034215 0.015360
0 0.193333 0.460039 0.051465 0.036185
0 0.247573 0.431273 0.046592 0.030657
0 0.306190 0.436797 0.047181 0.026428
