0 0.422885 0.403780 0.026262 0.019370
0 0.374217 0.399880 0.036902 0.021811
0 0.424866 0.392000 0.029831 0.020859
0 0.456428 0.388287 0.029756 0.022470
0 0.425904 0.425851 0.027638 0.025587
0 0.456044 0.419866 0.023485 0.025329
0 0.461829 0.439836 0.033511 0.027831
0 0.429328 0.462522 0.045960 0.032895
0 0.505991 0.410104 0.027912 0.031314
0 0.477395 0.407041 0.024121 0.023617
0 0.381670 0.484302 0.052845 0.034325
0 0.494441 0.438395 0.033962 0.029810
0 0.306223 0.514032 0.060461 0.035873
0 0.158581 0.425373 0.049392 0.033198
0 0.234386 0.415114 0.047922 0.027775
0 0.296781 0.405407 0.041656 0.023811
0 0.788787 0.368834 0.069626 0.048817
0 0.210876 0.533833 0.070412 0.034698
0 0.702358 0.407518 0.034356 0.021879
0 0.439248 0.481958 0.042908 0.021851
0 0.499850 0.465024 0.046514 0.031815
0 0.359431 0.394703 0.040015 0.020381
0 0.549173 0.409399 0.019208 0.026218
0 0.571138 0.453323 0.043028 0.031952
0 0.134569 0.547767 0.073476 0.045180
0 0.712426 0.389014 0.032319 0.018315
0 0.531310 0.442057 0.035576 0.026091
0 0.456791 0.498744 0.056400 0.041150
0 0.523841 0.402305 0.023194 0.025024
0 0.383885 0.529148 0.068821 0.040027
0 0.408140 0.385425 0.033901 0.017522
0 0.048503 0.574893 0.081478 0.053995
0 0.493561 0.512230 0.055852 0.037929
0 0.059159 0.440786 0.054275 0.035635
0 0.270617 0.578065 0.084088 0.045251
0 0.209975 0.560329 0.080579 0.045492
0 0.118037 0.628109 0.093804 0.052665
