0 0.048098 0.672508 0.071540 0.074600
0 0.241427 0.492954 0.045304 0.040263
0 0.579816 0.409666 0.039800 0.025079
0 0.766247 0.411981 0.028265 0.022910
0 0.774780 0.442976 0.031630 0.036775
0 0.308496 0.435934 0.048656 0.031635
0 0.840012 0.415832 0.025996 0.027827
0 0.814229 0.433128 0.026168 0.032747
0 0.373146 0.425907 0.043615 0.023257
0 0.318817 0.522347 0.056508 0.041787
0 0.205641 0.442504 0.049447 0.031054
0 0.246953 0.457993 0.037735 0.030217
0 0.071804 0.624339 0.029695 0.040430
0 0.515375 0.410017 0.037167 0.024103
0 0.433419 0.413718 0.044594 0.030445
