0 0.789531 0.436412 0.028552 0.025400
0 0.831663 0.430740 0.030785 0.027122
0 0.859789 0.441696 0.023097 0.030964
0 0.855162 0.428999 0.027394 0.024722
0 0.680745 0.508298 0.064095 0.038069
0 0.824078 0.537351 0.073912 0.038720
0 0.840793 0.456620 0.037142 0.028974
0 0.215370 0.514117 0.040916 0.045639
0 0.883740 0.466745 0.025724 0.031875
0 0.796169 0.471799 0.039838 0.030356
0 0.268481 0.492666 0.034565 0.044689
0 0.829125 0.483243 0.041399 0.028290
0 0.045291 0.492318 0.053830 0.033098
0 0.314538 0.436641 0.050384 0.029424
0 0.257947 0.451795 0.037684 0.032156
0 0.367779 0.423271 0.046388 0.023451
0 0.433040 0.414794 0.042377 0.024695
0 0.799400 0.497302 0.049675 0.032393
0 0.513673 0.411497 0.041854 0.019068
0 0.575866 0.410595 0.042639 0.023721
0 0.653516 0.413239 0.035031 0.018443
0 0.723773 0.410529 0.045227 0.027195
0 0.198490 0.489775 0.038699 0.040058
0 0.857027 0.497145 0.042193 0.034352
0 0.745091 0.509635 0.054107 0.038479
0 0.148657 0.552292 0.050879 0.053023
0 0.627390 0.537182 0.066609 0.039457
0 0.720876 0.534159 0.070338 0.037672
0 0.167388 0.475350 0.046375 0.037914
0 0.381771 0.541863 0.062240 0.038057
0 0.796362 0.414958 0.043849 0.018620
0 0.851402 0.414485 0.041729 0.026640
0 0.206012 0.551123 0.077093 0.038057
0 0.092912 0.578877 0.078508 0.043131
0 0.230590 0.441922 0.043144 0.030022
