0 0.798673 0.444679 0.029382 0.029870
0 0.836870 0.446570 0.030785 0.027122
0 0.863901 0.457930 0.031302 0.034383
0 0.857774 0.432673 0.027394 0.024722
0 0.510577 0.413871 0.040896 0.026064
0 0.312612 0.495953 0.046237 0.048883
0 0.244396 0.476439 0.027575 0.035416
0 0.614417 0.414974 0.037018 0.024757
0 0.696757 0.413686 0.043300 0.027500
0 0.288249 0.452686 0.045218 0.033963
0 0.788913 0.484868 0.040455 0.032291
0 0.841115 0.512006 0.057470 0.032105
0 0.605875 0.534435 0.074141 0.029620
0 0.769649 0.414044 0.042585 0.025778
0 0.166950 0.505233 0.041082 0.042255
0 0.733142 0.520012 0.068597 0.039972
0 0.597295 0.559384 0.070994 0.045396
0 0.480645 0.526360 0.070271 0.038261
0 0.448527 0.570106 0.076782 0.042998
0 0.364797 0.549983 0.067796 0.044050
0 0.698987 0.391734 0.039528 0.019619
0 0.622816 0.389844 0.034421 0.018755
0 0.838384 0.415724 0.040957 0.021360
0 0.855940 0.552223 0.024886 0.037297
0 0.245654 0.577544 0.079048 0.046364
0 0.697208 0.594830 0.076345 0.052449
0 0.178618 0.449470 0.051252 0.030672
0 0.070806 0.475604 0.052991 0.033884
0 0.134861 0.553475 0.076044 0.041412
0 0.763801 0.391473 0.041096 0.019881
0 0.400443 0.410853 0.044861 0.020631
0 0.176591 0.820162 0.061414 0.058985
0 0.664887 0.401939 0.042351 0.026633
0 0.428267 0.416660 0.042534 0.027710
0 0.212626 0.499737 0.044627 0.046836
0 0.203321 0.473479 0.047270 0.033703
