0 0.599488 0.549171 0.057022 0.047372
0 0.208141 0.499767 0.051698 0.048190
0 0.330773 0.421843 0.047173 0.037065
0 0.806809 0.407861 0.035010 0.026217
0 0.664071 0.395233 0.044205 0.023680
0 0.348900 0.731723 0.101522 0.076344
0 0.536298 0.572002 0.074516 0.057580
0 0.723002 0.551088 0.067213 0.047063
0 0.817074 0.523607 0.050970 0.045396
0 0.667416 0.528499 0.061686 0.043418
0 0.736194 0.509967 0.050511 0.042901
0 0.768642 0.441320 0.030852 0.030612
0 0.882750 0.499967 0.055033 0.046296
0 0.129891 0.587059 0.106409 0.102105
0 0.271096 0.450332 0.052660 0.046516
0 0.504294 0.410447 0.045846 0.029668
0 0.873826 0.441920 0.037047 0.032384
0 0.848239 0.417944 0.034153 0.030671
0 0.767642 0.415667 0.033333 0.028827
0 0.809269 0.431760 0.036107 0.028562
0 0.671343 0.413305 0.044059 0.023382
0 0.566187 0.404907 0.041615 0.027766
