0 0.358983 0.387040 0.037116 0.027073
0 0.425764 0.404258 0.024057 0.031306
0 0.415368 0.446195 0.030654 0.031495
0 0.375017 0.485934 0.066639 0.039034
0 0.405254 0.387480 0.038660 0.026770
0 0.427068 0.427554 0.023781 0.029284
0 0.419131 0.364628 0.085712 0.037926
0 0.426418 0.466985 0.039015 0.036602
0 0.306918 0.507218 0.068603 0.034570
0 0.467445 0.416206 0.023329 0.027410
0 0.452727 0.399400 0.022653 0.027368
0 0.287247 0.535136 0.065263 0.038059
0 0.252873 0.570743 0.072664 0.049504
0 0.480747 0.440982 0.026789 0.021333
0 0.483189 0.383230 0.031129 0.024398
0 0.034074 0.459691 0.048708 0.032666
0 0.465736 0.470942 0.059879 0.052021
0 0.150614 0.608107 0.093220 0.053476
0 0.707956 0.403572 0.035487 0.026401
0 0.416134 0.509073 0.051083 0.038422
0 0.354325 0.519605 0.047840 0.028583
0 0.598133 0.452694 0.040613 0.029766
0 0.141742 0.660981 0.095325 0.062118
0 0.125642 0.425759 0.035075 0.025268
0 0.132253 0.553717 0.064035 0.040512
0 0.220283 0.408117 0.039592 0.027908
0 0.351704 0.550960 0.067772 0.044559
0 0.304549 0.596737 0.061037 0.052953
0 0.053132 0.675695 0.097622 0.064476
0 0.140842 0.734890 0.098790 0.077923
