0 0.387215 0.394607 0.030577 0.027553
0 0.419638 0.379586 0.024943 0.023825
0 0.038326 0.457985 0.052314 0.028468
0 0.422054 0.453288 0.037235 0.033933
0 0.168072 0.428789 0.049507 0.024876
0 0.324134 0.499979 0.063677 0.039295
0 0.451058 0.385809 0.037479 0.028893
0 0.238061 0.415578 0.040134 0.022893
0 0.250664 0.520667 0.073691 0.047310
0 0.433467 0.419206 0.025832 0.029408
0 0.465906 0.408362 0.034237 0.029244
0 0.584448 0.431308 0.042233 0.030697
0 0.468026 0.430576 0.026891 0.031491
0 0.375360 0.500476 0.053986 0.034696
0 0.485354 0.480401 0.099442 0.106157
0 0.282095 0.563384 0.069549 0.047857
0 0.163524 0.549767 0.073183 0.049262
0 0.314729 0.573093 0.058632 0.048369
0 0.395054 0.519156 0.057127 0.038892
0 0.138122 0.651552 0.087871 0.057131
0 0.103407 0.436509 0.049006 0.026474
0 0.136907 0.714173 0.095464 0.078467
