0 0.374628 0.392160 0.040335 0.027073
0 0.424251 0.408781 0.024057 0.031306
0 0.406455 0.454289 0.039319 0.031495
0 0.387341 0.377034 0.037615 0.022131
0 0.063085 0.450577 0.045063 0.033955
0 0.343795 0.494179 0.073691 0.044685
0 0.418362 0.390954 0.038660 0.026770
0 0.428386 0.434309 0.025529 0.033633
0 0.458969 0.377778 0.076505 0.050883
0 0.413707 0.482513 0.047968 0.037275
0 0.273587 0.515627 0.068603 0.035419
0 0.496563 0.436026 0.028746 0.035898
0 0.502720 0.412930 0.023960 0.026368
0 0.334938 0.528129 0.052279 0.034121
0 0.656622 0.420768 0.040078 0.030312
0 0.464920 0.439602 0.029439 0.030025
0 0.125092 0.436516 0.039654 0.026049
0 0.455637 0.411915 0.029602 0.030798
0 0.270543 0.544672 0.067398 0.042237
0 0.526832 0.447303 0.030429 0.031411
0 0.199149 0.420579 0.042969 0.028980
0 0.026734 0.434620 0.049768 0.025855
0 0.232817 0.584624 0.084675 0.049504
0 0.398055 0.519422 0.060233 0.045913
0 0.519939 0.491154 0.054639 0.039158
0 0.268318 0.406926 0.038590 0.025790
0 0.319054 0.573319 0.085831 0.074002
0 0.049074 0.614622 0.093220 0.053476
0 0.169747 0.645690 0.072817 0.072398
0 0.060884 0.798178 0.100898 0.093424
