0 0.424680 0.405865 0.026262 0.019370
0 0.380438 0.401304 0.036195 0.021811
0 0.429803 0.394975 0.029831 0.020859
0 0.472093 0.399671 0.025061 0.024105
0 0.426298 0.427464 0.027638 0.025587
0 0.456810 0.423747 0.024770 0.025230
0 0.449443 0.448667 0.033511 0.027831
0 0.419907 0.467389 0.052780 0.033776
0 0.510155 0.417411 0.027912 0.031314
0 0.481968 0.418689 0.024121 0.023617
0 0.363839 0.487504 0.059961 0.032693
0 0.485030 0.452104 0.033962 0.029810
0 0.076833 0.443044 0.046081 0.034157
0 0.292631 0.514343 0.060461 0.035873
0 0.231528 0.415514 0.046743 0.036022
0 0.806696 0.366979 0.028791 0.020534
0 0.705075 0.391416 0.033717 0.024814
0 0.028603 0.446606 0.044585 0.028149
0 0.309242 0.402794 0.047903 0.026387
0 0.373009 0.390589 0.036103 0.023757
0 0.608685 0.439842 0.111148 0.075916
0 0.205223 0.536633 0.066023 0.041958
0 0.496771 0.510444 0.058943 0.038376
0 0.245937 0.545433 0.062327 0.032261
0 0.356089 0.516455 0.061396 0.040496
0 0.437856 0.380468 0.036626 0.017099
0 0.417096 0.530628 0.027706 0.041707
0 0.252542 0.569289 0.077858 0.048132
0 0.128915 0.551147 0.073476 0.045180
0 0.487037 0.484434 0.047915 0.027803
0 0.447267 0.486900 0.049730 0.034660
0 0.148559 0.612472 0.087385 0.069794
0 0.534024 0.414614 0.021170 0.025024
0 0.073589 0.614255 0.081068 0.049389
