0 0.421941 0.402683 0.026262 0.019370
0 0.370946 0.399131 0.037274 0.021811
0 0.416400 0.389487 0.029831 0.020859
0 0.425697 0.425003 0.027638 0.025587
0 0.454765 0.415948 0.023485 0.025329
0 0.464462 0.438360 0.033511 0.027831
0 0.431573 0.460247 0.045960 0.032895
0 0.489942 0.394949 0.027912 0.031314
0 0.447126 0.382953 0.024625 0.022165
0 0.384939 0.481422 0.052845 0.034325
0 0.497174 0.429856 0.033077 0.029210
0 0.388197 0.510080 0.060461 0.035873
0 0.109183 0.436392 0.050207 0.033198
0 0.206879 0.420812 0.046466 0.028128
0 0.275320 0.408116 0.041656 0.023811
0 0.841355 0.349350 0.055593 0.042390
0 0.234849 0.524848 0.068969 0.040120
0 0.509835 0.454747 0.043261 0.022239
0 0.579693 0.436933 0.038703 0.027693
0 0.333534 0.400009 0.040479 0.022567
0 0.659795 0.414988 0.037749 0.025088
0 0.137542 0.545990 0.073476 0.045180
0 0.535209 0.426229 0.028488 0.026847
0 0.497876 0.476861 0.049583 0.034979
0 0.521151 0.401748 0.028894 0.025024
0 0.476466 0.506105 0.064824 0.038580
0 0.380243 0.389468 0.035557 0.018995
0 0.054003 0.573471 0.081478 0.053995
0 0.610727 0.450655 0.039898 0.027902
0 0.048707 0.441891 0.051179 0.031370
0 0.369750 0.545280 0.081063 0.045251
0 0.310670 0.517470 0.075914 0.039672
0 0.281013 0.574034 0.084506 0.044568
0 0.177921 0.595381 0.083723 0.049304
0 0.201285 0.552625 0.074930 0.039731
0 0.082375 0.607061 0.084572 0.052939
