0 0.309895 0.388701 0.037116 0.027073
0 0.426439 0.394058 0.024057 0.028002
0 0.414699 0.434848 0.026242 0.031495
0 0.396798 0.475152 0.060255 0.039034
0 0.352537 0.386479 0.040394 0.026770
0 0.428642 0.413511 0.021950 0.023544
0 0.374657 0.365661 0.102261 0.037926
0 0.434017 0.454251 0.033382 0.032826
0 0.326883 0.502369 0.061225 0.034570
0 0.475220 0.386606 0.023329 0.025414
0 0.448030 0.384552 0.020887 0.022147
0 0.299361 0.530906 0.065263 0.038059
0 0.259592 0.566709 0.072664 0.049504
0 0.497878 0.409091 0.029665 0.045335
0 0.286853 0.587965 0.093220 0.053476
0 0.478958 0.446297 0.029386 0.036855
0 0.376707 0.508864 0.050864 0.032362
0 0.162358 0.646620 0.085518 0.062118
0 0.242574 0.529460 0.052735 0.032987
0 0.127514 0.430475 0.046031 0.027908
0 0.453420 0.480828 0.045765 0.036923
0 0.397125 0.524538 0.049658 0.044735
0 0.151021 0.607090 0.084451 0.056490
0 0.057513 0.707490 0.101243 0.069253
0 0.186186 0.417668 0.046601 0.028133
0 0.156070 0.563725 0.074556 0.044991
0 0.237170 0.408408 0.043905 0.025507
0 0.554598 0.468324 0.068298 0.052858
0 0.047733 0.428466 0.051951 0.032860
0 0.418051 0.548423 0.056704 0.047392
0 0.071258 0.756434 0.103104 0.078408
