0 0.427049 0.408616 0.026262 0.019370
0 0.388648 0.403183 0.035262 0.021811
0 0.431916 0.394343 0.029831 0.020859
0 0.474224 0.401502 0.025061 0.024105
0 0.426817 0.429592 0.027638 0.025587
0 0.456524 0.426086 0.027466 0.025023
0 0.447274 0.450645 0.033511 0.027831
0 0.415062 0.469754 0.052780 0.033776
0 0.510842 0.418457 0.027912 0.031314
0 0.482116 0.435524 0.024584 0.024077
0 0.027561 0.456065 0.052889 0.028507
0 0.100721 0.441281 0.045269 0.027378
0 0.359260 0.492118 0.059961 0.032693
0 0.164710 0.427396 0.035185 0.021010
0 0.480345 0.456888 0.040044 0.028331
0 0.244794 0.412781 0.038985 0.025630
0 0.672619 0.401306 0.038119 0.022844
0 0.289722 0.519578 0.060461 0.035873
0 0.384688 0.386597 0.039559 0.024735
0 0.575586 0.435773 0.042790 0.030442
0 0.784836 0.364792 0.027233 0.019004
0 0.731389 0.393521 0.033281 0.024227
0 0.097627 0.424069 0.047402 0.020592
0 0.466686 0.481369 0.051802 0.032238
0 0.677627 0.423071 0.035067 0.023053
0 0.241160 0.546297 0.068467 0.041653
0 0.546695 0.473845 0.050587 0.033359
0 0.637717 0.438639 0.035883 0.026518
0 0.480451 0.505223 0.058798 0.041381
0 0.392897 0.507035 0.062980 0.038464
0 0.121539 0.402998 0.060443 0.037250
0 0.170812 0.412869 0.040969 0.021624
0 0.446050 0.377969 0.041211 0.020839
0 0.237909 0.402232 0.034808 0.020789
0 0.040183 0.428012 0.047856 0.022793
0 0.283376 0.557491 0.065017 0.041655
0 0.503032 0.371136 0.036103 0.023757
0 0.065369 0.603860 0.051794 0.041262
0 0.133306 0.565271 0.070913 0.042664
