0 0.079496 0.669023 0.098044 0.094281
0 0.797914 0.420608 0.028967 0.022362
0 0.272595 0.458007 0.044243 0.032450
0 0.333369 0.434109 0.042802 0.026986
0 0.414657 0.411726 0.042752 0.020438
0 0.668708 0.414025 0.039800 0.025079
0 0.840549 0.412798 0.031551 0.026358
0 0.803359 0.446949 0.028265 0.028202
0 0.760004 0.487089 0.046039 0.038075
0 0.713914 0.519047 0.054027 0.044195
0 0.820958 0.482605 0.034669 0.037029
0 0.499910 0.410679 0.048656 0.026760
0 0.726545 0.401394 0.034215 0.017048
0 0.065155 0.490605 0.061125 0.030549
0 0.842318 0.513785 0.050937 0.039150
0 0.214771 0.448110 0.048802 0.028331
0 0.210776 0.434454 0.040315 0.023017
