0 0.792663 0.438229 0.028177 0.025400
0 0.834570 0.436493 0.030785 0.027122
0 0.863574 0.449173 0.023097 0.030964
0 0.856001 0.430179 0.027394 0.024722
0 0.275339 0.485327 0.030329 0.044299
0 0.647254 0.512791 0.064095 0.038069
0 0.285962 0.502040 0.048404 0.040320
0 0.257553 0.458794 0.028097 0.030840
0 0.179140 0.596840 0.068282 0.067344
0 0.085127 0.602164 0.055359 0.057181
0 0.842917 0.472268 0.037142 0.028974
0 0.304585 0.441990 0.043774 0.031432
0 0.882883 0.468889 0.025724 0.031875
0 0.792131 0.476897 0.039838 0.030356
0 0.110883 0.542950 0.041579 0.049413
0 0.372023 0.424193 0.042690 0.025539
0 0.821332 0.487539 0.041399 0.028290
0 0.896438 0.559468 0.030047 0.038427
0 0.105000 0.464960 0.054530 0.039381
0 0.440117 0.414818 0.042382 0.022507
0 0.520349 0.411427 0.048578 0.025132
0 0.487106 0.403513 0.042996 0.019881
0 0.578707 0.409918 0.044241 0.023451
0 0.973860 0.523599 0.052280 0.045791
0 0.953646 0.496779 0.050851 0.036476
0 0.637596 0.408079 0.042377 0.024695
0 0.607322 0.399281 0.039236 0.017198
0 0.558601 0.398342 0.036053 0.021403
0 0.862203 0.522072 0.064779 0.035771
0 0.759623 0.525638 0.059001 0.034554
0 0.766969 0.549703 0.059502 0.031822
0 0.785009 0.503051 0.049675 0.032393
0 0.641926 0.565183 0.070523 0.041592
0 0.890859 0.543036 0.060521 0.043310
0 0.698971 0.409327 0.041854 0.019068
0 0.755255 0.413873 0.042639 0.019068
0 0.675026 0.394899 0.036364 0.019381
0 0.382384 0.406752 0.046805 0.019364
0 0.498000 0.561544 0.074903 0.041394
0 0.540244 0.530414 0.070773 0.041840
0 0.764724 0.578219 0.072000 0.044313
0 0.199471 0.441838 0.049949 0.027901
0 0.287533 0.414462 0.045312 0.027821
0 0.810552 0.414263 0.035031 0.018443
0 0.751159 0.399210 0.044704 0.023132
0 0.146142 0.494688 0.045970 0.039967
0 0.876607 0.412104 0.045227 0.027195
0 0.820333 0.398466 0.045488 0.017193
0 0.334014 0.421076 0.038691 0.023526
0 0.173380 0.545884 0.049205 0.059403
0 0.175275 0.501238 0.044016 0.044335
