0 0.794986 0.439576 0.027898 0.025400
0 0.836726 0.440760 0.030785 0.027122
0 0.863819 0.449603 0.023703 0.031414
0 0.856623 0.431055 0.027394 0.024722
0 0.279840 0.472483 0.031334 0.038316
0 0.421254 0.514508 0.064095 0.048883
0 0.254783 0.482531 0.037625 0.038036
0 0.264093 0.454204 0.026842 0.029425
0 0.249249 0.520832 0.044212 0.048097
0 0.261331 0.438696 0.043077 0.029909
0 0.161210 0.510381 0.041082 0.042255
0 0.842917 0.472268 0.037142 0.028974
0 0.328327 0.434838 0.043780 0.026589
0 0.882247 0.470479 0.025724 0.031875
0 0.791190 0.478540 0.039838 0.030356
0 0.393182 0.423864 0.046743 0.024757
0 0.140652 0.494696 0.042083 0.037612
0 0.418727 0.408898 0.035265 0.026754
0 0.472335 0.414871 0.039432 0.024226
0 0.816215 0.489393 0.046899 0.028290
0 0.938202 0.497834 0.053509 0.036299
0 0.736136 0.575373 0.030572 0.040203
0 0.509730 0.409483 0.040780 0.024851
0 0.507059 0.395011 0.042949 0.020579
0 0.922740 0.549858 0.074668 0.041052
0 0.738506 0.501277 0.046603 0.037511
0 0.882075 0.523185 0.061294 0.040009
0 0.599298 0.409183 0.042382 0.022507
0 0.700973 0.413127 0.048578 0.025132
0 0.331467 0.416591 0.047370 0.018762
0 0.628303 0.401581 0.041441 0.019881
0 0.695478 0.520467 0.099218 0.061738
0 0.656772 0.556735 0.081261 0.046525
0 0.139433 0.463133 0.060792 0.033375
0 0.566293 0.537139 0.061801 0.038835
0 0.493693 0.559783 0.066193 0.047639
0 0.773322 0.413482 0.047431 0.023112
0 0.383265 0.574838 0.072518 0.039762
0 0.676770 0.592224 0.073378 0.055244
0 0.255272 0.556550 0.069379 0.038258
0 0.834814 0.412561 0.042377 0.024695
0 0.867425 0.402344 0.039236 0.022402
0 0.763574 0.391748 0.043375 0.021088
0 0.171740 0.584530 0.078233 0.050340
0 0.066051 0.555763 0.075893 0.041052
0 0.553772 0.519411 0.064599 0.031774
0 0.275193 0.743753 0.117097 0.084750
0 0.651183 0.389763 0.039397 0.018371
0 0.200183 0.513149 0.046120 0.052342
0 0.193803 0.479795 0.048331 0.037935
