0 0.801744 0.445453 0.025580 0.034031
0 0.807037 0.476485 0.047675 0.030486
0 0.929391 0.497613 0.059314 0.032109
0 0.699588 0.522867 0.066111 0.038714
0 0.804417 0.501509 0.052847 0.032930
0 0.738626 0.416927 0.039031 0.026064
0 0.764823 0.405199 0.039327 0.021408
0 0.292025 0.453364 0.036471 0.036947
0 0.834766 0.409836 0.039310 0.026295
0 0.253228 0.462648 0.035473 0.030440
0 0.665971 0.549866 0.075077 0.039477
0 0.799465 0.416803 0.037018 0.024757
0 0.861760 0.416763 0.039248 0.027473
0 0.465170 0.414722 0.046410 0.026258
0 0.454746 0.521267 0.068703 0.036761
0 0.493023 0.569955 0.065566 0.038261
0 0.386989 0.550621 0.072467 0.037511
0 0.854708 0.541051 0.025563 0.031348
0 0.237547 0.565028 0.071903 0.043811
0 0.802235 0.397809 0.033789 0.019797
0 0.100191 0.552569 0.073355 0.039387
0 0.918786 0.414155 0.038213 0.025617
0 0.271442 0.437101 0.046113 0.023227
0 0.184664 0.535864 0.073183 0.039972
0 0.290939 0.774821 0.050839 0.061977
0 0.358097 0.590676 0.035236 0.039425
0 0.510610 0.402401 0.040695 0.026998
0 0.408403 0.413712 0.044027 0.026535
0 0.669545 0.413181 0.044237 0.030197
0 0.227392 0.485675 0.044438 0.046138
0 0.592091 0.407174 0.042940 0.024475
0 0.353729 0.423387 0.046578 0.030749
