0 0.435840 0.417098 0.025505 0.026111
0 0.396119 0.407413 0.032787 0.024971
0 0.436082 0.399003 0.029831 0.024176
0 0.481282 0.415871 0.031186 0.030863
0 0.392678 0.473809 0.057367 0.034566
0 0.753208 0.380728 0.028029 0.020043
0 0.106180 0.437487 0.044959 0.030662
0 0.033599 0.431063 0.037290 0.025879
0 0.211225 0.413273 0.043867 0.026428
0 0.220537 0.394047 0.044430 0.024971
0 0.584655 0.460812 0.030027 0.034728
0 0.275224 0.395660 0.042957 0.028311
0 0.291985 0.513273 0.053780 0.040108
0 0.321485 0.377742 0.042511 0.027838
0 0.203404 0.531421 0.059723 0.036316
0 0.245976 0.547874 0.075159 0.041884
0 0.140268 0.423173 0.035393 0.022552
0 0.114485 0.411276 0.048655 0.023609
0 0.291009 0.559226 0.080635 0.049731
0 0.104293 0.591229 0.083551 0.054294
0 0.054276 0.575052 0.085722 0.048205
0 0.362473 0.390160 0.042437 0.028416
0 0.412320 0.377648 0.036071 0.022834
0 0.477456 0.374065 0.037769 0.018471
