0 0.435882 0.417185 0.025505 0.026111
0 0.396080 0.407511 0.032708 0.025095
0 0.436106 0.399026 0.029831 0.024192
0 0.481303 0.416095 0.031186 0.030863
0 0.391193 0.474976 0.057367 0.034566
0 0.753208 0.380728 0.028029 0.020043
0 0.113286 0.435603 0.043611 0.029973
0 0.040515 0.430809 0.039160 0.025879
0 0.217398 0.412197 0.043867 0.026428
0 0.227162 0.392702 0.044048 0.024123
0 0.578204 0.463907 0.030027 0.034728
0 0.281332 0.393969 0.042957 0.028311
0 0.286520 0.515810 0.053780 0.040108
0 0.327465 0.377203 0.042511 0.027838
0 0.198710 0.532574 0.059723 0.036316
0 0.238839 0.551103 0.075159 0.041884
0 0.148048 0.421866 0.035393 0.022552
0 0.120014 0.410276 0.048655 0.023609
0 0.276671 0.563992 0.080635 0.049731
0 0.093428 0.594458 0.084582 0.054294
0 0.045524 0.577483 0.085722 0.048205
0 0.368646 0.388853 0.042437 0.028416
0 0.417400 0.376725 0.036071 0.022834
0 0.479700 0.373878 0.037769 0.018471
