0 0.771189 0.451262 0.031151 0.033190
0 0.801879 0.440989 0.024371 0.027884
0 0.815716 0.420213 0.024304 0.029964
0 0.212925 0.496332 0.042372 0.041197
0 0.282839 0.461660 0.036123 0.031551
0 0.347668 0.426096 0.051603 0.028864
0 0.832252 0.445835 0.033293 0.031991
0 0.857309 0.474318 0.028575 0.034173
0 0.838525 0.417042 0.025213 0.027575
0 0.813768 0.488927 0.037746 0.033471
0 0.422136 0.422814 0.043849 0.021061
0 0.486073 0.412250 0.041729 0.026283
0 0.871694 0.447627 0.034795 0.034215
0 0.550321 0.411505 0.039224 0.020438
0 0.763884 0.488624 0.041489 0.037620
0 0.160768 0.548946 0.059612 0.065030
0 0.878398 0.501084 0.042257 0.035148
0 0.919235 0.470636 0.051169 0.036951
0 0.760795 0.545648 0.027276 0.038204
0 0.661452 0.560708 0.062631 0.043841
0 0.079040 0.470205 0.056736 0.040612
0 0.172473 0.448311 0.050966 0.031968
0 0.310026 0.677216 0.103948 0.067554
0 0.232903 0.436048 0.045025 0.032982
0 0.732731 0.425687 0.035069 0.023962
0 0.219414 0.802990 0.118097 0.096656
0 0.377351 0.698297 0.090064 0.082828
