0 0.790399 0.436915 0.028448 0.025400
0 0.832468 0.432333 0.030785 0.027122
0 0.861456 0.444988 0.023097 0.030964
0 0.855394 0.429326 0.027394 0.024722
0 0.674967 0.509176 0.064095 0.038069
0 0.687705 0.563768 0.076693 0.050149
0 0.093779 0.692783 0.079270 0.072537
0 0.843700 0.463286 0.037142 0.028974
0 0.238776 0.486099 0.036995 0.037605
0 0.883503 0.467339 0.025724 0.031875
0 0.794351 0.473689 0.039838 0.030356
0 0.280540 0.466437 0.033909 0.036391
0 0.826609 0.485083 0.041399 0.028290
0 0.243575 0.444992 0.044462 0.028872
0 0.378285 0.423455 0.048578 0.025132
0 0.302796 0.428125 0.052383 0.027507
0 0.436647 0.414671 0.044247 0.023451
0 0.495596 0.411068 0.042377 0.024695
0 0.795316 0.499146 0.049675 0.032393
0 0.602917 0.409967 0.041854 0.019068
0 0.673728 0.413242 0.042639 0.019068
0 0.077500 0.482135 0.065048 0.031881
0 0.877917 0.513017 0.056353 0.036460
0 0.735351 0.414629 0.035031 0.018443
0 0.810463 0.413062 0.045227 0.027195
0 0.204108 0.480473 0.038695 0.035402
0 0.808438 0.532192 0.050348 0.038706
0 0.742730 0.509979 0.054107 0.038479
0 0.167574 0.520893 0.045050 0.047589
0 0.368252 0.539335 0.066609 0.039457
0 0.476041 0.549244 0.076622 0.037704
0 0.138206 0.460819 0.055393 0.031027
0 0.234324 0.435047 0.044980 0.024288
