0 0.376559 0.392265 0.039871 0.027073
0 0.424931 0.411908 0.024057 0.031306
0 0.026364 0.463699 0.052728 0.029832
0 0.404581 0.462427 0.042001 0.031495
0 0.387341 0.377034 0.037615 0.022131
0 0.091005 0.444633 0.040134 0.022893
0 0.334556 0.499549 0.073691 0.044685
0 0.667260 0.397677 0.037840 0.026178
0 0.422874 0.390522 0.038462 0.026779
0 0.427709 0.439777 0.028881 0.033633
0 0.473918 0.387634 0.067403 0.063718
0 0.402583 0.490369 0.054096 0.041818
0 0.262487 0.520852 0.068603 0.040938
0 0.490872 0.451895 0.031480 0.037940
0 0.502846 0.427107 0.024281 0.026512
0 0.323480 0.537604 0.052639 0.044184
0 0.602572 0.446902 0.044373 0.032063
0 0.463308 0.448255 0.029439 0.030025
0 0.154938 0.430304 0.039654 0.026049
0 0.457725 0.416850 0.029610 0.031259
0 0.263746 0.549014 0.068940 0.045254
0 0.495914 0.481294 0.042920 0.035417
0 0.233288 0.413427 0.042969 0.028980
0 0.081550 0.425622 0.046290 0.024575
0 0.209943 0.592463 0.084923 0.050017
0 0.352875 0.549588 0.060233 0.045913
0 0.426881 0.538772 0.065994 0.051282
0 0.300461 0.396933 0.033769 0.024834
0 0.158420 0.726977 0.089298 0.083611
0 0.087807 0.694498 0.096093 0.078729
