0 0.421053 0.401652 0.026262 0.019370
0 0.367868 0.398426 0.037624 0.021811
0 0.425503 0.424205 0.027638 0.025587
0 0.453561 0.412260 0.023485 0.025329
0 0.475183 0.430452 0.030362 0.025537
0 0.433685 0.458106 0.045960 0.032895
0 0.460010 0.371351 0.030718 0.022043
0 0.388016 0.478712 0.052845 0.034325
0 0.485860 0.410346 0.027415 0.025368
0 0.457544 0.474550 0.043885 0.034332
0 0.055675 0.449885 0.056842 0.037897
0 0.158419 0.430076 0.046782 0.028459
0 0.241523 0.413216 0.046976 0.026547
0 0.246339 0.521795 0.068969 0.039580
0 0.612252 0.421117 0.038560 0.025360
0 0.677899 0.397832 0.033192 0.023781
0 0.312491 0.401785 0.043537 0.024975
0 0.757955 0.381016 0.032076 0.019256
0 0.155501 0.541281 0.073476 0.045180
0 0.525257 0.413625 0.028946 0.026847
0 0.520789 0.449884 0.035602 0.040760
0 0.481499 0.385240 0.029557 0.025024
0 0.581120 0.462532 0.047159 0.028081
0 0.361888 0.393211 0.035557 0.018995
0 0.067814 0.570379 0.081478 0.053995
0 0.721178 0.400846 0.032682 0.023060
0 0.034460 0.443711 0.046444 0.024715
0 0.503484 0.496848 0.058825 0.036625
0 0.321932 0.505233 0.065074 0.028285
0 0.393735 0.537157 0.069453 0.040914
0 0.305672 0.552419 0.063449 0.040043
0 0.367209 0.515518 0.060553 0.040007
0 0.260327 0.542703 0.063520 0.042111
