0 0.424032 0.405113 0.026262 0.019370
0 0.378194 0.400790 0.036450 0.021811
0 0.429516 0.393913 0.029831 0.020859
0 0.466759 0.396379 0.027453 0.023272
0 0.426156 0.426882 0.027638 0.025587
0 0.456889 0.423108 0.024032 0.025287
0 0.456988 0.442969 0.033511 0.027831
0 0.421232 0.466742 0.052780 0.033776
0 0.509967 0.417125 0.027912 0.031314
0 0.481262 0.414469 0.024121 0.023617
0 0.367420 0.489428 0.059961 0.032693
0 0.485300 0.447901 0.033962 0.029810
0 0.035691 0.455979 0.045858 0.036289
0 0.294939 0.515243 0.060461 0.035873
0 0.197407 0.417776 0.047358 0.036575
0 0.765957 0.368630 0.029940 0.021224
0 0.280038 0.408315 0.048264 0.027693
0 0.343662 0.395745 0.040683 0.027777
0 0.683905 0.408590 0.087824 0.062224
0 0.208585 0.536572 0.070412 0.042001
0 0.609669 0.458334 0.041373 0.029303
0 0.343457 0.522185 0.055797 0.033599
0 0.423743 0.492324 0.055759 0.032179
0 0.403001 0.385338 0.036626 0.016148
0 0.497259 0.481196 0.022340 0.031601
0 0.407719 0.518320 0.062291 0.041597
0 0.130955 0.549928 0.073476 0.045180
0 0.587441 0.443032 0.039405 0.027803
0 0.490421 0.469917 0.049730 0.028416
0 0.306135 0.556826 0.081171 0.053307
0 0.530177 0.407187 0.023194 0.025024
0 0.213412 0.580330 0.080559 0.045794
0 0.474030 0.373978 0.036972 0.018100
0 0.419241 0.554417 0.024846 0.041052
0 0.041817 0.576621 0.081478 0.053995
