0 0.425383 0.406682 0.026262 0.019370
0 0.382876 0.401862 0.035918 0.021811
0 0.430430 0.394787 0.029831 0.020859
0 0.472726 0.400215 0.025061 0.024105
0 0.426452 0.428096 0.027638 0.025587
0 0.456725 0.424441 0.025570 0.025169
0 0.448370 0.449572 0.033511 0.027831
0 0.418469 0.468091 0.052780 0.033776
0 0.510359 0.417722 0.027912 0.031314
0 0.482502 0.423630 0.024121 0.023617
0 0.359950 0.485415 0.059961 0.032693
0 0.058685 0.452343 0.040433 0.026615
0 0.482109 0.453777 0.035700 0.029388
0 0.127583 0.433365 0.045503 0.025630
0 0.290126 0.513366 0.060461 0.035873
0 0.269358 0.409231 0.044283 0.030657
0 0.701813 0.396875 0.027601 0.019867
0 0.743773 0.391002 0.034565 0.020534
0 0.797208 0.372109 0.022754 0.016737
0 0.689791 0.415539 0.032632 0.026727
0 0.614109 0.424560 0.043284 0.028644
0 0.065749 0.435600 0.040969 0.021624
0 0.342493 0.397027 0.046458 0.021162
0 0.417145 0.384174 0.036103 0.023757
0 0.487153 0.502727 0.163088 0.101166
0 0.163665 0.410329 0.024964 0.021881
0 0.187195 0.535694 0.066023 0.046744
0 0.322828 0.566813 0.077816 0.044700
0 0.147000 0.575093 0.065254 0.045638
0 0.268132 0.540941 0.062153 0.048164
0 0.487564 0.375620 0.036626 0.019704
0 0.294890 0.611828 0.031283 0.044113
0 0.064541 0.614010 0.083907 0.060031
0 0.060359 0.569966 0.079469 0.051765
0 0.375882 0.525027 0.055376 0.036911
0 0.378518 0.505390 0.049730 0.034660
