0 0.657216 0.520574 0.054105 0.042790
0 0.031815 0.676073 0.063630 0.080809
0 0.194057 0.516547 0.052088 0.056544
0 0.530982 0.606936 0.078947 0.057082
0 0.635661 0.391133 0.038816 0.023680
0 0.809443 0.439804 0.041465 0.029952
0 0.699334 0.590194 0.074797 0.055529
0 0.874948 0.538993 0.064880 0.046671
0 0.812296 0.508565 0.049951 0.042987
0 0.854146 0.480957 0.029951 0.036462
0 0.725520 0.509663 0.061686 0.039361
0 0.767456 0.475135 0.034794 0.036451
0 0.685221 0.397133 0.034710 0.020351
0 0.879793 0.454088 0.035001 0.035714
0 0.151491 0.583818 0.070135 0.070412
0 0.498097 0.410472 0.045846 0.026521
0 0.848563 0.421636 0.037047 0.032384
0 0.773987 0.414741 0.040639 0.027693
0 0.667760 0.412796 0.044059 0.023382
0 0.564401 0.405065 0.041615 0.027766
