0 0.764669 0.424794 0.034272 0.025400
0 0.762318 0.480968 0.041678 0.038069
0 0.813959 0.416244 0.028428 0.024380
0 0.842042 0.413750 0.031626 0.026736
0 0.799974 0.461982 0.024371 0.027415
0 0.824805 0.436719 0.026682 0.028290
0 0.066952 0.488516 0.057741 0.036880
0 0.834214 0.468350 0.038636 0.032393
0 0.216169 0.509825 0.044210 0.045112
0 0.328186 0.434514 0.044778 0.027929
0 0.384573 0.424285 0.038966 0.022773
0 0.455693 0.412826 0.051603 0.028864
0 0.860092 0.440515 0.028670 0.031629
0 0.803628 0.487325 0.043526 0.031991
0 0.823021 0.513108 0.046323 0.034173
0 0.867343 0.479596 0.033582 0.030713
0 0.754809 0.518555 0.050144 0.035210
0 0.546904 0.412393 0.043849 0.021061
0 0.621395 0.409493 0.041729 0.026283
0 0.897920 0.511588 0.047099 0.034215
0 0.696670 0.412125 0.039224 0.020438
0 0.538959 0.574677 0.071463 0.048185
0 0.227040 0.442284 0.047050 0.036374
0 0.065895 0.474048 0.053369 0.038034
0 0.140406 0.458783 0.055553 0.035938
0 0.275077 0.440502 0.046566 0.039305
0 0.409031 0.695007 0.044994 0.048172
0 0.325408 0.706518 0.098587 0.064217
