0 0.396042 0.401004 0.030577 0.028141
0 0.426212 0.387393 0.028271 0.024579
0 0.061900 0.450373 0.048892 0.028365
0 0.410551 0.464733 0.044089 0.034632
0 0.185737 0.424987 0.049507 0.024876
0 0.311064 0.502829 0.065966 0.038983
0 0.463259 0.388981 0.033875 0.028893
0 0.251299 0.413350 0.040134 0.022893
0 0.234694 0.523775 0.076494 0.048645
0 0.432867 0.427431 0.025832 0.029408
0 0.473538 0.413921 0.034237 0.029244
0 0.580024 0.433312 0.042233 0.030697
0 0.467421 0.439052 0.029634 0.033441
0 0.359748 0.508306 0.062669 0.032265
0 0.452537 0.504821 0.118529 0.111179
0 0.249876 0.581009 0.075098 0.046626
0 0.139712 0.553777 0.073183 0.049262
0 0.357206 0.534941 0.057127 0.040690
0 0.079630 0.690976 0.087871 0.068270
0 0.182319 0.694747 0.088882 0.071223
0 0.127979 0.431625 0.049006 0.026474
