0 0.772203 0.430211 0.034272 0.025400
0 0.802623 0.403899 0.031387 0.023232
0 0.830330 0.400603 0.030480 0.025093
0 0.724266 0.501943 0.060040 0.038069
0 0.829781 0.434344 0.029030 0.027815
0 0.864953 0.442824 0.031626 0.031875
0 0.801132 0.463519 0.024371 0.027415
0 0.833368 0.460296 0.026682 0.028290
0 0.072778 0.491948 0.063402 0.032258
0 0.106824 0.664694 0.085364 0.079157
0 0.120193 0.469481 0.051706 0.024426
0 0.216671 0.450230 0.051716 0.031379
0 0.819417 0.483664 0.038636 0.032393
0 0.285588 0.446368 0.043275 0.031263
0 0.385636 0.424291 0.042639 0.023721
0 0.449619 0.418398 0.037976 0.020574
0 0.557599 0.408624 0.045227 0.027195
0 0.873112 0.469804 0.028670 0.031629
0 0.784060 0.497975 0.047733 0.032848
0 0.797319 0.521909 0.055719 0.034173
0 0.841415 0.506288 0.048063 0.036074
0 0.718601 0.530358 0.056070 0.035225
0 0.644938 0.412846 0.043849 0.021061
0 0.699818 0.411189 0.041729 0.026283
0 0.808547 0.540010 0.069907 0.036616
0 0.075377 0.628646 0.071171 0.063476
0 0.754305 0.411609 0.039224 0.020438
0 0.289149 0.674023 0.091180 0.071683
0 0.287632 0.423718 0.045619 0.032982
0 0.157493 0.454374 0.040668 0.027485
0 0.246220 0.757017 0.116349 0.084591
0 0.170929 0.837899 0.055138 0.054618
