0 0.427289 0.408896 0.026262 0.019370
0 0.389482 0.403374 0.035167 0.021811
0 0.432130 0.394279 0.029831 0.020859
0 0.474441 0.401688 0.025061 0.024105
0 0.426869 0.429809 0.027638 0.025587
0 0.456495 0.426323 0.027740 0.025002
0 0.447115 0.450799 0.033511 0.027831
0 0.414570 0.469994 0.052780 0.033776
0 0.510912 0.418563 0.027912 0.031314
0 0.482116 0.436040 0.024870 0.024361
0 0.042401 0.454614 0.053553 0.028507
0 0.115082 0.437653 0.042440 0.027378
0 0.358364 0.491723 0.059961 0.032693
0 0.187771 0.421591 0.035185 0.021010
0 0.479789 0.456833 0.040418 0.027222
0 0.270567 0.407311 0.038985 0.025630
0 0.642862 0.412658 0.040275 0.024523
0 0.290043 0.521060 0.060461 0.035873
0 0.400871 0.386114 0.039559 0.024735
0 0.546241 0.449351 0.043952 0.032028
0 0.773831 0.368549 0.027907 0.019560
0 0.704204 0.405517 0.035431 0.026017
0 0.115631 0.423344 0.047402 0.020592
0 0.432106 0.490453 0.053754 0.032238
0 0.647494 0.434517 0.037311 0.023347
0 0.217471 0.548774 0.069551 0.031239
0 0.511938 0.488238 0.052784 0.033359
0 0.607298 0.454152 0.038201 0.028404
0 0.436977 0.527263 0.062308 0.045279
0 0.363175 0.517912 0.068614 0.040029
0 0.151304 0.396925 0.054486 0.037250
0 0.193873 0.409967 0.040969 0.021624
0 0.449104 0.377733 0.041211 0.020839
0 0.253590 0.399685 0.039051 0.025398
0 0.063162 0.422557 0.045582 0.022793
0 0.231857 0.572745 0.066971 0.043117
0 0.504766 0.370887 0.036103 0.023757
0 0.100115 0.577416 0.070913 0.046433
