0 0.421885 0.402619 0.026262 0.019370
0 0.370754 0.399087 0.037296 0.021811
0 0.413637 0.388239 0.029831 0.020859
0 0.425685 0.424953 0.027638 0.025587
0 0.454690 0.415717 0.023485 0.025329
0 0.464617 0.438273 0.033511 0.027831
0 0.431705 0.460113 0.045960 0.032895
0 0.488622 0.393590 0.027912 0.031314
0 0.444024 0.381412 0.024928 0.022165
0 0.385131 0.481253 0.052845 0.034325
0 0.496751 0.428516 0.032547 0.028850
0 0.396735 0.507974 0.060461 0.035873
0 0.104793 0.437510 0.050106 0.033198
0 0.204901 0.421287 0.046380 0.028148
0 0.273965 0.408319 0.041656 0.023811
0 0.841355 0.349350 0.055593 0.042390
0 0.236476 0.524091 0.068969 0.039796
0 0.515646 0.452815 0.043473 0.022472
0 0.585230 0.434514 0.037707 0.026980
0 0.332437 0.400281 0.040452 0.022603
0 0.666172 0.412735 0.037067 0.023839
0 0.137716 0.545885 0.073476 0.045180
0 0.535276 0.425361 0.026810 0.026847
0 0.499872 0.475360 0.048594 0.035699
0 0.521019 0.401737 0.029292 0.025024
0 0.483242 0.503836 0.064824 0.038580
0 0.379165 0.389728 0.035557 0.018995
0 0.054326 0.573387 0.081478 0.053995
0 0.618056 0.446746 0.038946 0.027248
0 0.047611 0.442031 0.050815 0.030858
0 0.373545 0.543497 0.081063 0.045251
0 0.309992 0.515580 0.075914 0.039672
0 0.287066 0.571603 0.084506 0.044568
0 0.187227 0.592626 0.083723 0.049304
0 0.213008 0.549304 0.074162 0.039248
0 0.094267 0.602970 0.084099 0.052535
