0 0.439707 0.437496 0.025505 0.026111
0 0.411083 0.410985 0.032589 0.025281
0 0.450629 0.407884 0.033261 0.027745
0 0.416553 0.470463 0.053464 0.040573
0 0.170232 0.541655 0.072108 0.040918
0 0.023894 0.448631 0.044942 0.034674
0 0.136751 0.427150 0.044380 0.029039
0 0.203271 0.408039 0.040741 0.024858
0 0.273197 0.404789 0.046256 0.025878
0 0.267510 0.556578 0.076706 0.051250
0 0.422171 0.382724 0.041588 0.025371
0 0.452726 0.373346 0.033101 0.023341
0 0.399445 0.372839 0.031827 0.019282
0 0.037885 0.667956 0.050500 0.048712
