0 0.799299 0.445358 0.028744 0.030659
0 0.836375 0.447236 0.030785 0.027122
0 0.860921 0.463766 0.035034 0.034541
0 0.860106 0.434060 0.028993 0.025852
0 0.557508 0.412070 0.040896 0.026064
0 0.310767 0.495092 0.046237 0.048883
0 0.243341 0.476258 0.027575 0.035416
0 0.650883 0.413821 0.037018 0.024757
0 0.733845 0.413824 0.043300 0.027500
0 0.303396 0.441497 0.050521 0.030777
0 0.773811 0.494665 0.049242 0.032285
0 0.920939 0.506689 0.057269 0.034499
0 0.756161 0.525234 0.063237 0.039293
0 0.533249 0.535953 0.074141 0.037611
0 0.798949 0.417195 0.042585 0.025778
0 0.169817 0.501958 0.041082 0.040457
0 0.658216 0.526300 0.072673 0.039972
0 0.512258 0.567415 0.070994 0.046551
0 0.397029 0.531544 0.070271 0.038261
0 0.346257 0.576794 0.076232 0.044638
0 0.279780 0.553626 0.068075 0.044547
0 0.738076 0.392447 0.039528 0.019619
0 0.660963 0.389506 0.034421 0.018755
0 0.863230 0.415724 0.040957 0.021360
0 0.791715 0.569536 0.024886 0.037297
0 0.948046 0.524549 0.031667 0.034979
0 0.150708 0.575560 0.079048 0.046364
0 0.634804 0.617530 0.076345 0.052449
0 0.237742 0.436126 0.049192 0.030186
0 0.138922 0.464337 0.049938 0.030263
0 0.065485 0.555786 0.076044 0.041412
0 0.800223 0.392974 0.041096 0.019881
0 0.052346 0.882907 0.067056 0.058985
0 0.476286 0.413459 0.042534 0.027710
0 0.213308 0.499002 0.044546 0.046534
0 0.367944 0.393473 0.042940 0.024475
0 0.210282 0.465797 0.047245 0.033601
