0 0.425611 0.387755 0.022750 0.026966
0 0.415042 0.425939 0.021655 0.031495
0 0.409225 0.468610 0.051872 0.037844
0 0.300441 0.391285 0.042997 0.026770
0 0.426771 0.407470 0.021515 0.022092
0 0.345410 0.367301 0.107523 0.041369
0 0.438904 0.443515 0.030433 0.032313
0 0.333462 0.500485 0.060060 0.034570
0 0.469624 0.377651 0.021885 0.021859
0 0.439634 0.375987 0.020887 0.021391
0 0.308838 0.527800 0.065263 0.038059
0 0.260744 0.565486 0.072664 0.049504
0 0.498639 0.405605 0.029665 0.045335
0 0.417291 0.539221 0.069518 0.046505
0 0.480035 0.440007 0.028499 0.034582
0 0.389368 0.500586 0.047440 0.032362
0 0.247272 0.527767 0.052735 0.032987
0 0.127514 0.430475 0.046031 0.027908
0 0.458065 0.476984 0.044100 0.034445
0 0.409901 0.515427 0.046947 0.036688
0 0.167217 0.596043 0.084451 0.056490
0 0.100943 0.691307 0.094211 0.071730
0 0.186186 0.417668 0.046601 0.028133
0 0.157201 0.562300 0.074556 0.043936
0 0.237170 0.408408 0.043905 0.025507
0 0.652807 0.416952 0.055408 0.044226
0 0.043888 0.431661 0.054192 0.033097
0 0.548999 0.476865 0.048877 0.034670
0 0.161518 0.696977 0.075700 0.058301
