0 0.390320 0.396516 0.030577 0.028034
0 0.420821 0.382170 0.026334 0.023736
0 0.049229 0.453817 0.049783 0.028468
0 0.418415 0.458465 0.041244 0.033933
0 0.177113 0.426770 0.049507 0.024876
0 0.319777 0.501607 0.063677 0.039295
0 0.457671 0.386102 0.034530 0.028893
0 0.246557 0.414341 0.040134 0.022893
0 0.245055 0.521449 0.073691 0.047310
0 0.432976 0.421844 0.025832 0.029408
0 0.468194 0.410609 0.034237 0.029244
0 0.582457 0.432209 0.042233 0.030697
0 0.468761 0.433897 0.026891 0.031491
0 0.368706 0.504481 0.057181 0.034696
0 0.473749 0.489974 0.106298 0.106157
0 0.268236 0.571918 0.072759 0.045520
0 0.155954 0.552242 0.073183 0.049262
0 0.380023 0.526092 0.057127 0.038892
0 0.112811 0.669003 0.087871 0.066245
0 0.116560 0.433872 0.049006 0.026474
0 0.099808 0.744563 0.100545 0.085162
