0 0.775095 0.492777 0.044536 0.032653
0 0.811342 0.412780 0.042967 0.027636
0 0.822278 0.501432 0.046700 0.035754
0 0.573099 0.527298 0.065650 0.043840
0 0.179683 0.531200 0.073183 0.039540
0 0.078203 0.556804 0.071717 0.048614
0 0.874223 0.415570 0.039031 0.022023
0 0.858510 0.402992 0.040107 0.023849
0 0.470191 0.404559 0.042825 0.036947
0 0.922417 0.407176 0.041741 0.028370
0 0.425659 0.408886 0.044452 0.028520
0 0.114605 0.586652 0.039031 0.035650
0 0.706120 0.417747 0.044237 0.030197
0 0.389313 0.423707 0.046553 0.031088
0 0.654973 0.410711 0.044059 0.023382
0 0.551917 0.405903 0.041615 0.027766
