0 0.427197 0.408788 0.026262 0.019370
0 0.389161 0.403301 0.035204 0.021811
0 0.432048 0.394304 0.029831 0.020859
0 0.474357 0.401617 0.025061 0.024105
0 0.426849 0.429725 0.027638 0.025587
0 0.456506 0.426232 0.027635 0.025010
0 0.447176 0.450740 0.033511 0.027831
0 0.414759 0.469902 0.052780 0.033776
0 0.510885 0.418522 0.027912 0.031314
0 0.482116 0.435842 0.024760 0.024252
0 0.036693 0.455172 0.053298 0.028507
0 0.109559 0.439049 0.043528 0.027378
0 0.358708 0.491875 0.059961 0.032693
0 0.178901 0.423824 0.035185 0.021010
0 0.480188 0.457165 0.040430 0.028238
0 0.259957 0.410697 0.038985 0.025630
0 0.654307 0.408292 0.039446 0.023877
0 0.289920 0.520490 0.060461 0.035873
0 0.394647 0.386300 0.039559 0.024735
0 0.557528 0.444129 0.043505 0.031418
0 0.784836 0.364792 0.027233 0.019004
0 0.714660 0.400903 0.034604 0.025328
0 0.108707 0.423623 0.047402 0.020592
0 0.445630 0.487360 0.053537 0.032238
0 0.659084 0.430115 0.036448 0.023234
0 0.228525 0.550118 0.068467 0.041653
0 0.525095 0.483397 0.052540 0.033359
0 0.618997 0.448186 0.037310 0.027679
0 0.454200 0.516247 0.061918 0.044846
0 0.373255 0.512767 0.067988 0.039855
0 0.138676 0.399551 0.057464 0.037250
0 0.185003 0.411083 0.040969 0.021624
0 0.447930 0.377824 0.041211 0.020839
0 0.247559 0.400665 0.037419 0.023625
0 0.054535 0.422745 0.045582 0.022793
0 0.255203 0.567345 0.066754 0.042955
0 0.504099 0.370983 0.036103 0.023757
0 0.065369 0.603860 0.051794 0.041262
0 0.112820 0.572727 0.070913 0.046433
