0 0.797279 0.440907 0.027623 0.025400
0 0.837550 0.444268 0.030785 0.027122
0 0.864945 0.451579 0.026484 0.033479
0 0.857238 0.431919 0.027394 0.024722
0 0.285248 0.459454 0.032256 0.032825
0 0.328461 0.501854 0.052811 0.048883
0 0.251379 0.478598 0.029825 0.036002
0 0.323252 0.435076 0.037018 0.024757
0 0.390344 0.422108 0.043924 0.029939
0 0.260299 0.506797 0.042161 0.045655
0 0.803534 0.465398 0.029475 0.030056
0 0.468274 0.411802 0.037277 0.025778
0 0.164277 0.507631 0.041082 0.042255
0 0.837955 0.476682 0.043072 0.029710
0 0.974347 0.509180 0.051306 0.036555
0 0.976765 0.484334 0.046471 0.030876
0 0.332850 0.407930 0.039528 0.019619
0 0.217374 0.434676 0.039900 0.029490
0 0.541094 0.411234 0.040957 0.021360
0 0.890599 0.523555 0.060273 0.038202
0 0.831091 0.507512 0.063108 0.039457
0 0.757105 0.546875 0.065035 0.041549
0 0.662572 0.530914 0.063425 0.034180
0 0.632678 0.512208 0.058124 0.034741
0 0.624152 0.412979 0.046743 0.024757
0 0.249434 0.439373 0.049147 0.035560
0 0.661421 0.557466 0.074081 0.043138
0 0.190421 0.461046 0.043906 0.029725
0 0.502712 0.404705 0.034401 0.019791
0 0.700399 0.406261 0.043070 0.026727
0 0.757602 0.413808 0.039432 0.024226
0 0.549713 0.560032 0.079709 0.049003
0 0.512609 0.526437 0.071556 0.039669
0 0.409198 0.588665 0.071920 0.041262
0 0.379725 0.549969 0.071526 0.042763
0 0.268192 0.542278 0.066677 0.036299
0 0.325201 0.576704 0.035778 0.043429
0 0.083739 0.471560 0.050547 0.030975
0 0.696133 0.598858 0.031622 0.043753
0 0.824925 0.413700 0.040780 0.022953
0 0.796298 0.397702 0.049235 0.020579
0 0.594135 0.400120 0.041392 0.023724
0 0.110781 0.580105 0.076345 0.041052
0 0.142239 0.553820 0.069182 0.045163
0 0.082581 0.534651 0.072731 0.038351
0 0.206831 0.505984 0.045323 0.049401
0 0.198888 0.476421 0.047764 0.035674
