0 0.338217 0.386976 0.037116 0.027073
0 0.426522 0.398696 0.024057 0.029975
0 0.414312 0.439478 0.029300 0.031495
0 0.386613 0.479876 0.066639 0.039034
0 0.389523 0.385404 0.038660 0.026770
0 0.429469 0.418743 0.022778 0.026311
0 0.401458 0.364729 0.095379 0.037926
0 0.430748 0.458570 0.038526 0.036144
0 0.321200 0.503835 0.063444 0.034570
0 0.478108 0.395204 0.023329 0.027410
0 0.449644 0.389132 0.020887 0.023587
0 0.295701 0.531446 0.065263 0.038059
0 0.258153 0.568239 0.072664 0.049504
0 0.500601 0.415897 0.037383 0.045335
0 0.215991 0.602669 0.093220 0.053476
0 0.475356 0.455530 0.036036 0.037849
0 0.363125 0.516638 0.053483 0.032362
0 0.148392 0.657483 0.085518 0.062118
0 0.236702 0.531576 0.052735 0.032987
0 0.127514 0.430475 0.046031 0.027908
0 0.438357 0.491682 0.047245 0.041831
0 0.365772 0.543413 0.047991 0.036224
0 0.103685 0.633459 0.091346 0.065504
0 0.048551 0.723709 0.097102 0.082490
0 0.186186 0.417668 0.046601 0.028133
0 0.154657 0.565507 0.074556 0.046309
0 0.246872 0.405586 0.043905 0.025507
0 0.414355 0.547802 0.086797 0.068941
0 0.131760 0.743586 0.101740 0.083435
