0 0.420322 0.404456 0.029502 0.029947
0 0.278422 0.379458 0.110754 0.044187
0 0.359798 0.395045 0.043484 0.029475
0 0.368304 0.487303 0.060060 0.030449
0 0.390681 0.499692 0.050878 0.038059
0 0.325693 0.529983 0.072664 0.042997
0 0.431549 0.434632 0.028872 0.028695
0 0.359882 0.543524 0.059714 0.044792
0 0.305842 0.509965 0.052735 0.032987
0 0.127514 0.430475 0.046031 0.027908
0 0.459561 0.476984 0.041109 0.034445
0 0.414591 0.513618 0.046947 0.036688
0 0.234356 0.565588 0.075512 0.046132
0 0.292591 0.577010 0.068080 0.048609
0 0.186186 0.417668 0.046601 0.028133
0 0.235559 0.528864 0.074556 0.039311
0 0.237170 0.408408 0.043905 0.025507
0 0.023222 0.441999 0.046443 0.035472
0 0.693612 0.395753 0.033261 0.024632
0 0.595450 0.437769 0.038658 0.028248
0 0.530795 0.476526 0.047681 0.038327
0 0.183855 0.586508 0.035670 0.040967
0 0.386899 0.565874 0.062928 0.056404
