0 0.416120 0.416535 0.021655 0.031495
0 0.421499 0.459105 0.044247 0.035139
0 0.423721 0.397220 0.021515 0.022092
0 0.322645 0.371923 0.110754 0.044187
0 0.440399 0.432812 0.025624 0.029702
0 0.343096 0.496848 0.060060 0.034112
0 0.327734 0.522908 0.065263 0.038059
0 0.273116 0.559695 0.072664 0.049504
0 0.491764 0.395680 0.031568 0.042677
0 0.529950 0.486196 0.055334 0.037865
0 0.480445 0.425883 0.024114 0.030800
0 0.402660 0.489382 0.044869 0.032362
0 0.284622 0.584476 0.073953 0.048523
0 0.251676 0.526180 0.052735 0.032987
0 0.127514 0.430475 0.046031 0.027908
0 0.458706 0.476984 0.042818 0.034445
0 0.414591 0.513618 0.046947 0.036688
0 0.176865 0.591107 0.084451 0.056490
0 0.161260 0.652073 0.084289 0.064025
0 0.186186 0.417668 0.046601 0.028133
0 0.159757 0.560770 0.074556 0.043113
0 0.237170 0.408408 0.043905 0.025507
0 0.738288 0.383690 0.039727 0.034292
0 0.040175 0.433007 0.054144 0.033745
0 0.649988 0.421293 0.037101 0.027546
0 0.409755 0.555265 0.068288 0.047717
0 0.086956 0.764857 0.106160 0.094346
