0 0.432432 0.413185 0.025793 0.023550
0 0.393916 0.404393 0.034810 0.021811
0 0.433436 0.396527 0.029831 0.022405
0 0.477939 0.407181 0.025061 0.027750
0 0.414786 0.456007 0.033866 0.030760
0 0.396414 0.479276 0.050755 0.033311
0 0.334447 0.496545 0.054405 0.032421
0 0.260900 0.515547 0.069448 0.033390
0 0.765542 0.373293 0.022208 0.020394
0 0.788792 0.377632 0.023963 0.020977
0 0.743777 0.397335 0.031988 0.022963
0 0.718025 0.386290 0.027107 0.026937
0 0.656441 0.419639 0.038397 0.026775
0 0.091004 0.439455 0.052860 0.032205
0 0.050622 0.421134 0.058423 0.035452
0 0.601228 0.446463 0.046210 0.035192
0 0.579843 0.429663 0.047076 0.030998
0 0.559270 0.466735 0.034505 0.036628
0 0.167908 0.424219 0.040567 0.026683
0 0.282365 0.404536 0.048233 0.023783
0 0.496936 0.473050 0.049695 0.035916
0 0.367419 0.389006 0.042563 0.024468
0 0.456003 0.508800 0.058988 0.040556
0 0.351492 0.516662 0.071081 0.044387
0 0.026417 0.449516 0.043196 0.033817
0 0.223534 0.567157 0.080633 0.047185
0 0.280206 0.578264 0.079979 0.050347
0 0.131551 0.567683 0.075072 0.042285
0 0.440414 0.380681 0.040668 0.019874
0 0.489131 0.374926 0.038900 0.021143
0 0.091568 0.638008 0.103616 0.054125
0 0.065483 0.607331 0.088852 0.046514
0 0.189866 0.401327 0.039214 0.030009
