0 0.796780 0.440617 0.027683 0.025400
0 0.837720 0.443692 0.030785 0.027122
0 0.864699 0.451148 0.025878 0.033029
0 0.857104 0.431731 0.027394 0.024722
0 0.283315 0.462565 0.032109 0.033696
0 0.333716 0.504040 0.055832 0.048883
0 0.252121 0.479455 0.031525 0.036445
0 0.280097 0.446120 0.037018 0.024757
0 0.330282 0.431261 0.044259 0.031253
0 0.257891 0.509856 0.042608 0.046187
0 0.803534 0.465398 0.029475 0.030056
0 0.409609 0.413837 0.050984 0.025778
0 0.163608 0.508230 0.041082 0.042255
0 0.842917 0.472268 0.037142 0.028974
0 0.216308 0.432820 0.045634 0.025073
0 0.049293 0.478601 0.053065 0.034286
0 0.475578 0.415521 0.040957 0.021360
0 0.976757 0.511343 0.046487 0.032863
0 0.963341 0.488061 0.056646 0.034350
0 0.872785 0.526479 0.059572 0.036215
0 0.782773 0.515209 0.058653 0.032408
0 0.742787 0.494171 0.051330 0.032969
0 0.551472 0.413982 0.046743 0.024757
0 0.136565 0.465190 0.049913 0.035866
0 0.792766 0.541731 0.067964 0.042548
0 0.147059 0.488563 0.047989 0.037612
0 0.630188 0.407024 0.041155 0.026241
0 0.683601 0.412215 0.039432 0.024226
0 0.697937 0.545693 0.079709 0.049003
0 0.648464 0.515723 0.071556 0.039669
0 0.632382 0.577610 0.070666 0.041155
0 0.572125 0.543495 0.071526 0.042763
0 0.457367 0.535938 0.066677 0.036299
0 0.558459 0.567986 0.035778 0.038030
0 0.720631 0.586000 0.031622 0.043753
0 0.748182 0.410930 0.040780 0.022953
0 0.719353 0.395664 0.049235 0.020579
0 0.516964 0.400395 0.041392 0.025360
0 0.302655 0.582062 0.076345 0.041052
0 0.321104 0.544581 0.066850 0.036719
0 0.175119 0.577006 0.075293 0.041052
0 0.831088 0.417549 0.042382 0.022507
0 0.906103 0.411336 0.040500 0.025132
0 0.800049 0.393156 0.047088 0.023632
0 0.244890 0.438729 0.056813 0.033439
0 0.594020 0.400701 0.047370 0.022507
0 0.189847 0.799449 0.132967 0.108270
0 0.249465 0.523965 0.072731 0.038351
0 0.205382 0.507546 0.045496 0.050042
0 0.197779 0.477157 0.047888 0.036167
