0 0.429942 0.411388 0.026098 0.020831
0 0.390505 0.403837 0.034810 0.021811
0 0.431297 0.394525 0.029831 0.020974
0 0.477171 0.404034 0.025061 0.024105
0 0.418501 0.443584 0.032112 0.027967
0 0.442400 0.461030 0.039442 0.033311
0 0.384512 0.485732 0.050337 0.030526
0 0.315401 0.502735 0.063808 0.029638
0 0.069048 0.442138 0.058621 0.027561
0 0.146454 0.428232 0.050964 0.028245
0 0.511492 0.422732 0.027912 0.032742
0 0.761459 0.381959 0.030340 0.023126
0 0.483187 0.451645 0.031096 0.026724
0 0.218489 0.417185 0.042863 0.024774
0 0.271723 0.407793 0.038900 0.021143
0 0.727625 0.403170 0.035005 0.023938
0 0.649547 0.414215 0.038181 0.028928
0 0.224329 0.532787 0.073250 0.039976
0 0.318468 0.402252 0.035185 0.021010
0 0.593446 0.441127 0.043733 0.026607
0 0.440394 0.484990 0.052438 0.034978
0 0.370980 0.392246 0.037329 0.022895
0 0.400758 0.383030 0.030462 0.023638
0 0.511677 0.477562 0.048273 0.037185
0 0.544281 0.492174 0.059002 0.037853
0 0.356530 0.517902 0.068762 0.036797
0 0.110420 0.568141 0.070934 0.040530
0 0.397152 0.535525 0.062789 0.041998
0 0.023325 0.436679 0.040545 0.025496
0 0.483421 0.372213 0.039559 0.024735
0 0.284541 0.545645 0.072124 0.053278
0 0.124813 0.410228 0.046780 0.021381
0 0.256291 0.586539 0.079112 0.045032
0 0.069361 0.631963 0.093517 0.057772
0 0.305881 0.385587 0.040385 0.021150
0 0.191003 0.411167 0.047402 0.025883
