0 0.624532 0.532887 0.054105 0.046484
0 0.141112 0.570779 0.058339 0.062167
0 0.260914 0.455250 0.048845 0.044911
0 0.333757 0.705925 0.109595 0.078818
0 0.796553 0.401095 0.035010 0.026217
0 0.645214 0.392528 0.041352 0.023680
0 0.823904 0.446617 0.039885 0.029952
0 0.697118 0.571954 0.074472 0.056000
0 0.772413 0.531652 0.064236 0.045966
0 0.849524 0.496411 0.034211 0.037440
0 0.699294 0.520149 0.061686 0.039361
0 0.757738 0.494074 0.041461 0.038097
0 0.721177 0.413866 0.030852 0.029392
0 0.890417 0.472246 0.033400 0.035714
0 0.219766 0.502309 0.053256 0.057218
0 0.501410 0.410310 0.045846 0.027401
0 0.865719 0.436039 0.037047 0.032384
0 0.834249 0.409759 0.029658 0.027092
0 0.760602 0.410088 0.029432 0.028092
0 0.795045 0.424711 0.040639 0.027693
0 0.668771 0.412961 0.044059 0.023382
0 0.565294 0.404986 0.041615 0.027766
