0 0.432879 0.413507 0.025738 0.024037
0 0.394528 0.404493 0.034810 0.021811
0 0.433819 0.396885 0.029831 0.022662
0 0.477978 0.407777 0.025061 0.028575
0 0.414016 0.457374 0.034263 0.031393
0 0.398344 0.480616 0.050755 0.033311
0 0.332418 0.496880 0.054405 0.032421
0 0.755445 0.376970 0.033691 0.019088
0 0.256407 0.515237 0.069448 0.032992
0 0.037404 0.453965 0.052946 0.031619
0 0.701183 0.395780 0.032811 0.026529
0 0.740356 0.397245 0.034931 0.023939
0 0.670742 0.423389 0.039255 0.027202
0 0.621809 0.420246 0.038756 0.030052
0 0.578722 0.452016 0.046442 0.030739
0 0.164031 0.426343 0.049326 0.028266
0 0.142458 0.402672 0.050274 0.032064
0 0.515449 0.483691 0.052222 0.041953
0 0.467262 0.475458 0.054806 0.033705
0 0.454596 0.512772 0.050197 0.039569
0 0.236902 0.410186 0.038960 0.024117
0 0.340281 0.394927 0.043670 0.022924
0 0.379203 0.521545 0.063820 0.040070
0 0.423079 0.380101 0.041582 0.023609
0 0.332895 0.559751 0.074659 0.050918
0 0.206391 0.553732 0.083028 0.048130
0 0.104235 0.427029 0.045619 0.025371
0 0.052996 0.426844 0.050482 0.022925
0 0.090674 0.603317 0.080231 0.048205
0 0.094466 0.640253 0.081425 0.055586
