0 0.806595 0.467783 0.027221 0.031085
0 0.787367 0.404081 0.039194 0.026948
0 0.843320 0.458619 0.025673 0.027382
0 0.699899 0.513228 0.061864 0.041307
0 0.490596 0.525453 0.073183 0.039540
0 0.301300 0.548428 0.073179 0.048614
0 0.311729 0.525411 0.067762 0.038243
0 0.818322 0.416164 0.039031 0.022023
0 0.832364 0.403955 0.040107 0.019871
0 0.408497 0.417225 0.046080 0.036947
0 0.880249 0.407441 0.041741 0.022226
0 0.354283 0.422988 0.044452 0.031778
0 0.140176 0.565221 0.079715 0.044077
0 0.894697 0.419250 0.037018 0.024757
0 0.953910 0.412311 0.039841 0.030384
0 0.594156 0.405184 0.046410 0.026258
0 0.354785 0.582388 0.039031 0.035650
0 0.554072 0.401462 0.045751 0.023012
0 0.703524 0.417137 0.044237 0.030197
0 0.306344 0.436487 0.051784 0.036734
0 0.653724 0.410507 0.044059 0.023382
0 0.486684 0.410239 0.041615 0.027766
