0 0.032549 0.721060 0.065099 0.075216
0 0.232318 0.523307 0.047788 0.059576
0 0.812759 0.415855 0.028574 0.022602
0 0.813364 0.436962 0.023576 0.028827
0 0.346269 0.429245 0.045708 0.026115
0 0.409866 0.419853 0.039756 0.023339
0 0.471116 0.406470 0.042752 0.020438
0 0.742446 0.427876 0.039800 0.027654
0 0.861992 0.440173 0.031551 0.026358
0 0.842231 0.414132 0.030768 0.025224
0 0.804746 0.479068 0.036886 0.032302
0 0.698595 0.525093 0.058961 0.042185
0 0.681936 0.407093 0.035069 0.023962
0 0.595469 0.567694 0.068498 0.049351
0 0.833794 0.551912 0.064774 0.044365
0 0.762430 0.523345 0.052711 0.045184
0 0.120562 0.587832 0.056886 0.060696
0 0.088261 0.462930 0.047571 0.031444
0 0.581678 0.404444 0.041361 0.022903
0 0.726505 0.401483 0.034215 0.016035
0 0.078821 0.488518 0.058323 0.038693
0 0.197732 0.445433 0.042653 0.029178
0 0.232684 0.455021 0.053258 0.026428
0 0.705233 0.583219 0.065502 0.045817
0 0.315702 0.707018 0.091446 0.065256
