0 0.720812 0.512195 0.049723 0.031293
0 0.838655 0.427310 0.027642 0.028005
0 0.020834 0.484281 0.041668 0.039199
0 0.873846 0.510687 0.059160 0.039211
0 0.958565 0.526047 0.024591 0.030952
0 0.277135 0.485541 0.045529 0.037533
0 0.130071 0.852310 0.134731 0.093895
0 0.795735 0.407076 0.031796 0.028184
0 0.767768 0.433985 0.033514 0.029153
0 0.720030 0.421014 0.044237 0.030197
0 0.823225 0.405947 0.030734 0.024645
0 0.475833 0.413044 0.045846 0.028649
0 0.661664 0.411802 0.044059 0.023382
0 0.559014 0.405542 0.041615 0.027766
