0 0.426105 0.407520 0.026262 0.019370
0 0.385377 0.402434 0.035634 0.021811
0 0.431074 0.394595 0.029831 0.020859
0 0.473375 0.400773 0.025061 0.024105
0 0.426610 0.428744 0.027638 0.025587
0 0.456638 0.425154 0.026392 0.025105
0 0.447895 0.450037 0.033511 0.027831
0 0.416993 0.468812 0.052780 0.033776
0 0.510569 0.418040 0.027912 0.031314
0 0.482284 0.429882 0.024121 0.023617
0 0.038894 0.455596 0.045487 0.027378
0 0.359821 0.488661 0.059961 0.032693
0 0.109604 0.439110 0.038465 0.024513
0 0.481344 0.455125 0.037582 0.028930
0 0.172105 0.423405 0.038985 0.025630
0 0.777728 0.365252 0.030132 0.018820
0 0.288461 0.513761 0.060461 0.035873
0 0.316418 0.398664 0.044283 0.030657
0 0.691233 0.395886 0.035430 0.026151
0 0.822614 0.356463 0.024748 0.018963
0 0.030886 0.443750 0.049560 0.020976
0 0.607278 0.429426 0.046672 0.024434
0 0.783374 0.378508 0.026411 0.021206
0 0.664239 0.422001 0.041394 0.026172
0 0.733942 0.396321 0.028171 0.022795
0 0.614648 0.446964 0.042994 0.033498
0 0.516669 0.464355 0.051034 0.033109
0 0.045008 0.418023 0.061270 0.040365
0 0.101649 0.428261 0.040969 0.021624
0 0.395747 0.387097 0.043492 0.020980
0 0.444597 0.500804 0.050642 0.037962
0 0.467627 0.375860 0.036103 0.023757
0 0.278227 0.563829 0.243282 0.120223
0 0.206180 0.398406 0.041305 0.021881
0 0.123091 0.557707 0.069725 0.047318
0 0.092377 0.633938 0.091002 0.057204
0 0.040176 0.772326 0.064509 0.057041
