0 0.374538 0.392153 0.040304 0.027073
0 0.424263 0.408746 0.024057 0.031306
0 0.406329 0.453970 0.039319 0.031495
0 0.387341 0.377034 0.037615 0.022131
0 0.061574 0.451026 0.044939 0.033728
0 0.344130 0.493979 0.073691 0.044685
0 0.418162 0.390985 0.038660 0.026770
0 0.428378 0.434218 0.025529 0.033633
0 0.458416 0.377418 0.076858 0.050163
0 0.414119 0.482222 0.047741 0.037107
0 0.273984 0.515433 0.068603 0.035207
0 0.496774 0.435438 0.028645 0.035822
0 0.502714 0.412409 0.023960 0.026368
0 0.335356 0.527773 0.052279 0.033734
0 0.658610 0.419811 0.039923 0.030251
0 0.464975 0.439288 0.029439 0.030025
0 0.124095 0.436770 0.039654 0.026049
0 0.455563 0.411734 0.029602 0.030781
0 0.270779 0.544518 0.067339 0.042121
0 0.528630 0.446056 0.030769 0.028627
0 0.197966 0.420847 0.042969 0.028980
0 0.026734 0.434620 0.049768 0.025855
0 0.233622 0.584362 0.084675 0.049504
0 0.399707 0.518309 0.060233 0.045913
0 0.523071 0.489433 0.054021 0.039724
0 0.267057 0.407216 0.038671 0.025790
0 0.321610 0.572082 0.085831 0.074002
0 0.049895 0.614622 0.093220 0.053476
0 0.171535 0.645690 0.069242 0.072398
0 0.066802 0.794289 0.100898 0.093424
