0 0.791090 0.437316 0.028366 0.025400
0 0.833110 0.433603 0.030785 0.027122
0 0.862783 0.447610 0.023097 0.030964
0 0.855580 0.429586 0.027394 0.024722
0 0.141344 0.663477 0.075265 0.070479
0 0.670364 0.509875 0.064095 0.038069
0 0.549989 0.568815 0.076693 0.050149
0 0.180686 0.602243 0.045224 0.061531
0 0.843204 0.470824 0.037142 0.028974
0 0.252482 0.473431 0.043772 0.033361
0 0.883314 0.467812 0.025724 0.031875
0 0.792903 0.475195 0.039838 0.030356
0 0.295594 0.446892 0.043940 0.032216
0 0.824606 0.486548 0.041399 0.028290
0 0.339289 0.426024 0.044462 0.028872
0 0.450827 0.416080 0.048578 0.025132
0 0.373608 0.412253 0.042996 0.019881
0 0.510986 0.409407 0.044245 0.023451
0 0.573541 0.409093 0.042377 0.024695
0 0.545393 0.399369 0.039236 0.017198
0 0.792062 0.500614 0.049675 0.032393
0 0.659480 0.410799 0.041854 0.019068
0 0.725939 0.412871 0.042639 0.019068
0 0.214132 0.448661 0.053482 0.029761
0 0.802630 0.528061 0.064879 0.037865
0 0.905195 0.502149 0.058299 0.034304
0 0.918563 0.529847 0.055197 0.035017
0 0.763679 0.414892 0.035031 0.018443
0 0.035793 0.651095 0.064653 0.068693
0 0.833199 0.412959 0.045227 0.027195
0 0.209192 0.472680 0.038691 0.031930
0 0.739227 0.555057 0.063302 0.045761
0 0.740850 0.510253 0.054107 0.038479
0 0.181919 0.497314 0.040703 0.043537
0 0.126523 0.460712 0.055449 0.035520
0 0.052929 0.548912 0.066609 0.039457
0 0.122768 0.569315 0.076622 0.037704
0 0.268949 0.432951 0.043386 0.021779
0 0.043384 0.692757 0.086767 0.081297
