0 0.394346 0.388599 0.035923 0.029947
0 0.270154 0.383803 0.110754 0.044187
0 0.331507 0.392137 0.043484 0.029475
0 0.366676 0.485356 0.060060 0.030449
0 0.393938 0.497161 0.050878 0.038059
0 0.330903 0.526366 0.072664 0.042997
0 0.432654 0.417718 0.028872 0.028695
0 0.359882 0.543524 0.059714 0.044792
0 0.305842 0.509965 0.052735 0.032987
0 0.127514 0.430475 0.046031 0.027908
0 0.459561 0.476984 0.041109 0.034445
0 0.414591 0.513618 0.046947 0.036688
0 0.245004 0.564225 0.075347 0.045989
0 0.292591 0.577010 0.068080 0.048609
0 0.186186 0.417668 0.046601 0.028133
0 0.236097 0.528542 0.074556 0.039311
0 0.237170 0.408408 0.043905 0.025507
0 0.685061 0.396558 0.031921 0.025767
0 0.615285 0.430873 0.040366 0.029266
0 0.448308 0.520047 0.048837 0.045135
0 0.361270 0.584395 0.059012 0.049659
0 0.184879 0.631393 0.039872 0.041888
