0 0.424772 0.405972 0.026262 0.019370
0 0.380759 0.401377 0.036159 0.021811
0 0.429886 0.394950 0.029831 0.020859
0 0.472177 0.399743 0.025061 0.024105
0 0.426318 0.427547 0.027638 0.025587
0 0.456799 0.423838 0.024875 0.025222
0 0.448772 0.449179 0.033511 0.027831
0 0.419718 0.467481 0.052780 0.033776
0 0.510182 0.417452 0.027912 0.031314
0 0.482069 0.419292 0.024121 0.023617
0 0.363327 0.487229 0.059961 0.032693
0 0.018144 0.462034 0.036289 0.026615
0 0.483636 0.452560 0.034107 0.029775
0 0.083733 0.441782 0.045840 0.030604
0 0.292301 0.514214 0.060461 0.035873
0 0.238036 0.415185 0.045718 0.033786
0 0.801828 0.369011 0.029252 0.020534
0 0.731946 0.396643 0.032632 0.026727
0 0.693941 0.395172 0.035182 0.025712
0 0.034574 0.445062 0.041525 0.023817
0 0.313358 0.401495 0.047301 0.024210
0 0.378935 0.387976 0.036103 0.023757
0 0.595587 0.446539 0.115258 0.078951
0 0.204262 0.535557 0.066023 0.038747
0 0.475572 0.517824 0.061199 0.038378
0 0.233243 0.549008 0.063014 0.032120
0 0.346054 0.520273 0.061585 0.042413
0 0.445072 0.379737 0.036626 0.017692
0 0.403512 0.538153 0.031283 0.044113
0 0.227358 0.574710 0.077858 0.048132
0 0.127330 0.552738 0.074975 0.046826
0 0.471896 0.489716 0.047915 0.027803
0 0.439364 0.488188 0.049730 0.034660
0 0.121613 0.619657 0.087385 0.069794
0 0.534998 0.418031 0.021411 0.024600
