0 0.429481 0.411056 0.026155 0.020328
0 0.390656 0.403846 0.034810 0.021811
0 0.431620 0.394264 0.029831 0.020859
0 0.476638 0.403577 0.025061 0.024105
0 0.426002 0.437497 0.028367 0.027967
0 0.449827 0.445695 0.029199 0.029933
0 0.412228 0.474882 0.046885 0.030526
0 0.339390 0.496854 0.063808 0.029638
0 0.053599 0.443802 0.058621 0.027561
0 0.133687 0.431878 0.050964 0.028245
0 0.511492 0.420854 0.027912 0.031926
0 0.797539 0.369768 0.026583 0.016751
0 0.483618 0.446244 0.027248 0.026724
0 0.206068 0.419829 0.042863 0.024774
0 0.255695 0.409875 0.039568 0.023334
0 0.783423 0.379275 0.026839 0.016788
0 0.729175 0.386678 0.031533 0.022907
0 0.247158 0.527391 0.073250 0.039976
0 0.308325 0.404503 0.035185 0.021010
0 0.677966 0.404579 0.037003 0.022646
0 0.458586 0.473158 0.048055 0.034978
0 0.361713 0.392553 0.037329 0.022895
0 0.600137 0.432900 0.042639 0.030826
0 0.610954 0.455248 0.044277 0.035588
0 0.404750 0.503216 0.060927 0.036797
0 0.140035 0.557070 0.070934 0.040530
0 0.507870 0.484822 0.045346 0.034339
0 0.440819 0.380991 0.039559 0.024735
0 0.341218 0.527861 0.069310 0.040911
0 0.021252 0.435083 0.035174 0.028890
0 0.411944 0.535208 0.064498 0.040648
0 0.258634 0.581223 0.079086 0.051413
0 0.184155 0.411218 0.047402 0.025883
0 0.180418 0.576572 0.071552 0.046623
0 0.121377 0.622488 0.081591 0.050160
