0 0.422422 0.403242 0.026262 0.019370
0 0.372614 0.399513 0.037085 0.021811
0 0.422767 0.391764 0.029831 0.020859
0 0.440615 0.376665 0.026066 0.021258
0 0.425803 0.425435 0.027638 0.025587
0 0.455417 0.417946 0.023485 0.025329
0 0.463120 0.439112 0.033511 0.027831
0 0.430428 0.461407 0.045960 0.032895
0 0.499919 0.404431 0.027912 0.031314
0 0.471627 0.399385 0.024121 0.023617
0 0.383273 0.482891 0.052845 0.034325
0 0.496070 0.435066 0.033962 0.029810
0 0.318211 0.508518 0.060461 0.031264
0 0.146265 0.427012 0.050981 0.033198
0 0.223788 0.416787 0.047208 0.027948
0 0.287002 0.406383 0.041656 0.023811
0 0.820559 0.356230 0.062190 0.044404
0 0.220735 0.531278 0.069049 0.042319
0 0.471309 0.468786 0.042908 0.021851
0 0.536874 0.452187 0.043762 0.030502
0 0.343319 0.397627 0.040684 0.022193
0 0.613710 0.434325 0.040749 0.030586
0 0.136026 0.546896 0.073476 0.045180
0 0.534419 0.434033 0.031284 0.026847
0 0.478884 0.487611 0.053384 0.037568
0 0.522295 0.401846 0.025448 0.025024
0 0.428077 0.518811 0.064824 0.038580
0 0.390020 0.387229 0.035465 0.018914
0 0.051199 0.574196 0.081478 0.053995
0 0.553672 0.481921 0.046114 0.032247
0 0.057890 0.440727 0.054217 0.035635
0 0.323842 0.561368 0.081063 0.045251
0 0.312960 0.533959 0.075914 0.040161
0 0.226708 0.595465 0.084858 0.045018
0 0.095945 0.619682 0.084695 0.048690
0 0.098683 0.581552 0.081332 0.043763
