0 0.787171 0.487430 0.040551 0.032653
0 0.802604 0.408608 0.042401 0.027340
0 0.838459 0.489768 0.039221 0.034789
0 0.617415 0.523797 0.065650 0.043840
0 0.266608 0.530616 0.073183 0.039540
0 0.129430 0.552428 0.073179 0.048614
0 0.069584 0.537649 0.067762 0.038243
0 0.859039 0.414969 0.039031 0.022023
0 0.849978 0.403065 0.040107 0.022203
0 0.456937 0.406552 0.043314 0.036947
0 0.909869 0.406878 0.041741 0.026566
0 0.411266 0.413503 0.044452 0.029009
0 0.171688 0.585388 0.039031 0.035650
0 0.705378 0.417573 0.044237 0.030197
0 0.364808 0.425909 0.048718 0.033425
0 0.654616 0.410653 0.044059 0.023382
0 0.536187 0.405163 0.041615 0.027766
