0 0.434635 0.414774 0.025523 0.025954
0 0.396934 0.404885 0.034810 0.021811
0 0.435327 0.398297 0.029831 0.023671
0 0.480172 0.410003 0.029855 0.030863
0 0.409670 0.459443 0.042904 0.034133
0 0.060985 0.424064 0.045577 0.023014
0 0.063239 0.438696 0.049657 0.031690
0 0.367857 0.488893 0.058712 0.033311
0 0.146856 0.407187 0.049938 0.027838
0 0.301462 0.505902 0.059723 0.036316
0 0.468683 0.478490 0.054646 0.032434
0 0.615406 0.436320 0.047387 0.039436
0 0.365646 0.514625 0.065444 0.037389
0 0.228050 0.526977 0.069448 0.039567
0 0.457069 0.515207 0.073454 0.042613
0 0.186211 0.422397 0.042437 0.028416
0 0.232950 0.406494 0.041257 0.022834
0 0.367338 0.389131 0.039749 0.023188
0 0.209741 0.553468 0.073282 0.037658
0 0.275024 0.564137 0.075242 0.048303
0 0.289352 0.404464 0.038298 0.023257
0 0.338594 0.384681 0.043144 0.021565
0 0.126215 0.623937 0.089914 0.054801
0 0.096525 0.577175 0.081068 0.051148
