0 0.434862 0.415052 0.025505 0.026111
0 0.397051 0.405113 0.034651 0.022059
0 0.435500 0.398459 0.029831 0.023787
0 0.480793 0.410611 0.031186 0.030863
0 0.409055 0.459388 0.044520 0.034470
0 0.046310 0.451590 0.055202 0.039553
0 0.090152 0.418166 0.045577 0.027514
0 0.115612 0.426742 0.049657 0.031690
0 0.359288 0.493068 0.058712 0.033311
0 0.182106 0.401194 0.049938 0.027838
0 0.289345 0.508882 0.059723 0.036316
0 0.414133 0.497798 0.058902 0.038486
0 0.558236 0.459724 0.052333 0.041704
0 0.310005 0.530795 0.076900 0.037389
0 0.213859 0.531395 0.069448 0.047786
0 0.378091 0.544029 0.080761 0.046838
0 0.225974 0.413608 0.042437 0.028416
0 0.272027 0.399973 0.036071 0.022834
0 0.409570 0.381862 0.038489 0.020186
0 0.151062 0.566119 0.079205 0.035320
0 0.181712 0.589367 0.082621 0.051795
0 0.331761 0.397305 0.037792 0.023257
0 0.379363 0.378307 0.043144 0.021565
