0 0.789825 0.436583 0.028517 0.025400
0 0.831936 0.431280 0.030785 0.027122
0 0.860354 0.442812 0.023097 0.030964
0 0.855241 0.429109 0.027394 0.024722
0 0.678787 0.508596 0.064095 0.038069
0 0.784733 0.543224 0.075367 0.044054
0 0.841779 0.458880 0.037142 0.028974
0 0.224155 0.503156 0.039134 0.041987
0 0.883660 0.466947 0.025724 0.031875
0 0.795553 0.472440 0.039838 0.030356
0 0.272047 0.484216 0.032786 0.042103
0 0.828272 0.483867 0.041399 0.028290
0 0.120813 0.476572 0.056495 0.033098
0 0.329967 0.433048 0.049094 0.026359
0 0.268642 0.442850 0.046244 0.030378
0 0.383853 0.420773 0.046388 0.023451
0 0.446703 0.414025 0.042377 0.024695
0 0.798015 0.497927 0.049675 0.032393
0 0.541965 0.410344 0.041854 0.019068
0 0.607211 0.410595 0.042639 0.023721
0 0.943344 0.495585 0.056353 0.036460
0 0.687434 0.413816 0.035031 0.018443
0 0.759940 0.411298 0.045227 0.027195
0 0.200395 0.486622 0.038698 0.038480
0 0.848557 0.502486 0.046389 0.036670
0 0.744291 0.509751 0.054107 0.038479
0 0.155070 0.541648 0.048903 0.051181
0 0.570805 0.536937 0.066609 0.039457
0 0.667281 0.537908 0.074771 0.037704
0 0.027510 0.481741 0.047580 0.033378
0 0.195092 0.459346 0.045465 0.030912
0 0.252238 0.542467 0.062240 0.038057
0 0.828350 0.414958 0.043849 0.018620
0 0.881461 0.414677 0.041729 0.026640
0 0.067487 0.556983 0.077093 0.038057
