0 0.389769 0.388655 0.028603 0.019370
0 0.364725 0.397706 0.037981 0.021811
0 0.422237 0.405628 0.027638 0.025587
0 0.447107 0.403541 0.023485 0.025329
0 0.480080 0.410030 0.021259 0.022247
0 0.443383 0.448107 0.036533 0.029790
0 0.395813 0.474042 0.049321 0.034325
0 0.465556 0.393260 0.027415 0.023435
0 0.484782 0.446808 0.029780 0.034339
0 0.031613 0.455323 0.057214 0.041221
0 0.108088 0.441101 0.050728 0.028715
0 0.191457 0.421035 0.044085 0.023811
0 0.256343 0.519753 0.068969 0.039580
0 0.718304 0.386832 0.031503 0.021885
0 0.271359 0.407536 0.042553 0.023591
0 0.164190 0.538725 0.073476 0.045180
0 0.498815 0.397927 0.029971 0.021636
0 0.514320 0.418261 0.030337 0.034069
0 0.687257 0.412478 0.040192 0.022374
0 0.338567 0.395556 0.040134 0.022893
0 0.081812 0.566932 0.081478 0.053995
0 0.808603 0.367762 0.024578 0.019255
0 0.627573 0.427847 0.039307 0.029618
0 0.328383 0.508388 0.057400 0.035638
0 0.548130 0.471943 0.052708 0.032137
0 0.442516 0.505945 0.056818 0.037320
0 0.452428 0.481509 0.052775 0.030399
0 0.384427 0.506307 0.058245 0.036235
0 0.239577 0.597731 0.079622 0.061710
0 0.150164 0.681056 0.089839 0.072391
