0 0.347689 0.386956 0.037116 0.027073
0 0.426567 0.401246 0.024057 0.031060
0 0.414787 0.441119 0.029300 0.031495
0 0.384187 0.481276 0.066639 0.039034
0 0.394575 0.385831 0.038660 0.026770
0 0.429924 0.421620 0.023234 0.027832
0 0.413486 0.363979 0.090296 0.037926
0 0.429919 0.460271 0.039015 0.036602
0 0.318074 0.504642 0.064664 0.034570
0 0.474730 0.403249 0.023329 0.027410
0 0.450532 0.391650 0.020887 0.024380
0 0.293737 0.531968 0.065263 0.038059
0 0.257362 0.569080 0.072664 0.049504
0 0.496406 0.424955 0.037383 0.045335
0 0.203177 0.604537 0.093220 0.053476
0 0.472460 0.468127 0.036036 0.037849
0 0.356769 0.520323 0.053483 0.032362
0 0.145493 0.661609 0.085518 0.062118
0 0.232683 0.532704 0.052735 0.035604
0 0.127514 0.430475 0.046031 0.027908
0 0.422187 0.507679 0.051990 0.043702
0 0.350147 0.554821 0.050721 0.037497
0 0.083382 0.653561 0.091346 0.065504
0 0.046584 0.726637 0.093168 0.081808
0 0.197913 0.413592 0.043741 0.028133
0 0.149143 0.566240 0.074556 0.052092
0 0.270433 0.399896 0.040500 0.025507
0 0.331252 0.599589 0.090229 0.077598
0 0.094472 0.768029 0.109416 0.088288
