0 0.439189 0.422043 0.025505 0.026111
0 0.401822 0.408401 0.032589 0.025281
0 0.441265 0.401222 0.031935 0.026382
0 0.465837 0.435418 0.038533 0.030863
0 0.281784 0.518697 0.061812 0.040213
0 0.065154 0.439390 0.052182 0.027675
0 0.123316 0.437928 0.053099 0.031146
0 0.548443 0.460332 0.049563 0.034604
0 0.308176 0.403796 0.041588 0.025371
0 0.259722 0.393511 0.035590 0.019282
0 0.403009 0.381347 0.036823 0.026428
0 0.401634 0.365819 0.035200 0.020316
0 0.347046 0.567894 0.031401 0.041205
0 0.450995 0.370040 0.037062 0.020555
0 0.093998 0.569227 0.072006 0.044653
0 0.494245 0.354050 0.037494 0.027838
