0 0.691495 0.518698 0.052451 0.037954
0 0.832350 0.499298 0.040426 0.033289
0 0.630375 0.389766 0.038816 0.023680
0 0.739131 0.408318 0.039959 0.023958
0 0.687871 0.539502 0.028793 0.042438
0 0.510092 0.527770 0.033184 0.036168
0 0.301155 0.422684 0.043953 0.031968
0 0.175843 0.526141 0.042193 0.049757
0 0.211474 0.464478 0.033910 0.044192
0 0.427361 0.538148 0.028613 0.040962
0 0.408724 0.703503 0.111347 0.083107
0 0.837314 0.452743 0.030955 0.033109
0 0.804925 0.415255 0.031146 0.027302
0 0.765209 0.491335 0.045276 0.034052
0 0.765870 0.443632 0.028893 0.033274
0 0.842543 0.420283 0.033275 0.025706
0 0.488866 0.411538 0.045846 0.027403
0 0.822412 0.399591 0.031942 0.023905
0 0.665232 0.412384 0.044059 0.023382
0 0.562167 0.405263 0.041615 0.027766
