0 0.427863 0.409562 0.026262 0.019370
0 0.391470 0.403829 0.034941 0.021811
0 0.432642 0.394126 0.029831 0.020859
0 0.474957 0.402132 0.025061 0.024105
0 0.426995 0.430324 0.027638 0.025587
0 0.456426 0.426890 0.028393 0.024951
0 0.446532 0.451225 0.033511 0.027831
0 0.413396 0.470567 0.052780 0.033776
0 0.511079 0.418816 0.027912 0.031314
0 0.482115 0.437271 0.025552 0.025039
0 0.085498 0.442392 0.048863 0.025066
0 0.168494 0.426240 0.041402 0.029034
0 0.355208 0.492041 0.059961 0.034514
0 0.232340 0.416068 0.035185 0.021010
0 0.477351 0.455221 0.040024 0.021073
0 0.326158 0.400068 0.038985 0.025630
0 0.784704 0.376043 0.031622 0.023087
0 0.572880 0.439864 0.044587 0.029068
0 0.266450 0.518940 0.064382 0.031628
0 0.759582 0.375054 0.022503 0.019901
0 0.405779 0.385295 0.039559 0.024735
0 0.475429 0.481492 0.049307 0.036219
0 0.703695 0.392644 0.033918 0.022452
0 0.638935 0.435499 0.042572 0.029596
0 0.156507 0.415330 0.047402 0.025883
0 0.374910 0.515411 0.063546 0.033986
0 0.572426 0.463953 0.043266 0.025243
0 0.150692 0.567742 0.076875 0.041250
0 0.401054 0.530013 0.059969 0.048608
0 0.528704 0.492827 0.045668 0.034059
0 0.308790 0.573240 0.080295 0.054674
0 0.278625 0.543047 0.074365 0.040980
0 0.202081 0.390922 0.054486 0.037250
0 0.224443 0.405803 0.040969 0.023244
0 0.456386 0.377171 0.041211 0.020839
0 0.284350 0.397075 0.039051 0.025398
0 0.115768 0.414709 0.041411 0.022793
0 0.079228 0.609223 0.077408 0.048285
0 0.060003 0.427011 0.047688 0.025943
0 0.515360 0.369008 0.036103 0.023757
