0 0.796368 0.440378 0.027732 0.025400
0 0.837860 0.443218 0.030785 0.027122
0 0.864497 0.450794 0.025379 0.032659
0 0.856994 0.431576 0.027394 0.024722
0 0.282517 0.464841 0.031931 0.034756
0 0.338044 0.505841 0.058320 0.048883
0 0.252732 0.480161 0.032925 0.036810
0 0.265945 0.450814 0.035564 0.025424
0 0.271220 0.437031 0.044259 0.031253
0 0.255907 0.512375 0.042976 0.046626
0 0.803534 0.465398 0.029475 0.030056
0 0.378406 0.420493 0.044596 0.028808
0 0.163058 0.508724 0.041082 0.042255
0 0.842917 0.472268 0.037142 0.028974
0 0.106285 0.465198 0.055351 0.031062
0 0.437458 0.417129 0.040957 0.021360
0 0.957512 0.513340 0.051100 0.036215
0 0.852323 0.496399 0.046454 0.032408
0 0.780297 0.482425 0.042354 0.031663
0 0.507405 0.412212 0.046743 0.024757
0 0.884018 0.524476 0.059615 0.039011
0 0.142177 0.491403 0.042083 0.037612
0 0.568287 0.406848 0.041155 0.026241
0 0.619980 0.411360 0.039432 0.024226
0 0.788427 0.535186 0.072328 0.043009
0 0.725825 0.505996 0.066690 0.039669
0 0.784219 0.558935 0.063138 0.040512
0 0.691446 0.531465 0.071526 0.042763
0 0.599075 0.529159 0.066677 0.036299
0 0.708480 0.559519 0.035778 0.038030
0 0.722438 0.583713 0.031622 0.043753
0 0.689386 0.410600 0.040780 0.022953
0 0.696679 0.392956 0.045596 0.020579
0 0.447720 0.400931 0.041392 0.025360
0 0.491552 0.576452 0.076345 0.041052
0 0.465636 0.536738 0.065117 0.036719
0 0.353983 0.575869 0.075293 0.041052
0 0.767678 0.414614 0.042382 0.022507
0 0.878455 0.416366 0.040500 0.025132
0 0.687395 0.393835 0.047088 0.023632
0 0.167168 0.457461 0.056813 0.027372
0 0.529792 0.399052 0.047370 0.020339
0 0.822840 0.406646 0.041441 0.019881
0 0.818099 0.391386 0.039245 0.019881
0 0.222534 0.437362 0.044547 0.027008
0 0.174640 0.544143 0.113564 0.062268
0 0.093969 0.580235 0.081261 0.046525
0 0.406996 0.400143 0.040782 0.021006
0 0.045276 0.540992 0.061801 0.033010
0 0.349432 0.725684 0.109537 0.088550
0 0.383119 0.522811 0.069277 0.037795
0 0.141066 0.821439 0.127141 0.108793
0 0.204189 0.508832 0.045639 0.050570
0 0.196867 0.477762 0.047990 0.036572
