0 0.393217 0.388644 0.035923 0.029947
0 0.269908 0.383722 0.110754 0.044187
0 0.331130 0.392272 0.043484 0.029475
0 0.366624 0.485293 0.060060 0.030449
0 0.394043 0.497079 0.050878 0.038059
0 0.330903 0.526366 0.072664 0.042997
0 0.432843 0.417088 0.028872 0.028695
0 0.359882 0.543524 0.059714 0.044792
0 0.305842 0.509965 0.052735 0.032987
0 0.127514 0.430475 0.046031 0.027908
0 0.459561 0.476984 0.041109 0.034445
0 0.414591 0.513618 0.046947 0.036688
0 0.245004 0.564225 0.075347 0.045989
0 0.292591 0.577010 0.068080 0.048609
0 0.186186 0.417668 0.046601 0.028133
0 0.236097 0.528542 0.074556 0.039311
0 0.237170 0.408408 0.043905 0.025507
0 0.687806 0.395705 0.031921 0.025557
0 0.617821 0.429856 0.040089 0.029225
0 0.449249 0.518994 0.048596 0.044934
0 0.364383 0.582634 0.059012 0.049427
0 0.184879 0.631393 0.039872 0.041888
