0 0.383929 0.392672 0.030577 0.027073
0 0.418454 0.377001 0.023553 0.023915
0 0.026778 0.461965 0.053556 0.028468
0 0.425790 0.447688 0.033090 0.033842
0 0.158026 0.431032 0.049507 0.024876
0 0.328976 0.498170 0.063677 0.039295
0 0.443228 0.385060 0.040427 0.028893
0 0.228620 0.416953 0.040134 0.022893
0 0.256897 0.519799 0.073691 0.047310
0 0.433687 0.416308 0.025832 0.029408
0 0.463312 0.405803 0.034237 0.029244
0 0.586660 0.430306 0.042233 0.030697
0 0.467065 0.426958 0.026891 0.031491
0 0.382813 0.495755 0.050792 0.034696
0 0.497543 0.469851 0.091146 0.105750
0 0.297495 0.553901 0.065983 0.050455
0 0.171936 0.547017 0.073183 0.049262
0 0.335276 0.560849 0.056593 0.046460
0 0.411648 0.511656 0.057127 0.038892
0 0.165368 0.634526 0.083353 0.049976
0 0.433572 0.483534 0.037961 0.029740
0 0.089062 0.439663 0.049006 0.026474
0 0.174681 0.683925 0.077741 0.065841
