0 0.703550 0.515715 0.050398 0.036186
0 0.852425 0.443302 0.029980 0.032305
0 0.931961 0.507950 0.028462 0.033152
0 0.182198 0.451811 0.050559 0.033833
0 0.040434 0.663256 0.078437 0.091378
0 0.495317 0.537770 0.069465 0.041034
0 0.749766 0.551217 0.028613 0.040962
0 0.857220 0.547658 0.068422 0.051101
0 0.801841 0.415681 0.031796 0.031410
0 0.787937 0.457075 0.031415 0.034893
0 0.733873 0.423944 0.044237 0.030197
0 0.829596 0.410601 0.030734 0.024645
0 0.481589 0.412379 0.045846 0.028099
0 0.663240 0.412059 0.044059 0.023382
0 0.560406 0.405419 0.041615 0.027766
