0 0.365935 0.391529 0.037335 0.027073
0 0.425351 0.405492 0.024057 0.031306
0 0.413602 0.447463 0.033903 0.031495
0 0.369152 0.487792 0.066639 0.039034
0 0.408562 0.388579 0.038660 0.026770
0 0.427496 0.427621 0.024848 0.031938
0 0.420607 0.365043 0.083973 0.037926
0 0.423344 0.469773 0.039015 0.036602
0 0.299230 0.507032 0.068603 0.034570
0 0.480747 0.388068 0.023692 0.027920
0 0.466427 0.420579 0.025472 0.028327
0 0.452090 0.401239 0.026890 0.029266
0 0.284172 0.536636 0.065263 0.038059
0 0.707277 0.403623 0.038251 0.023701
0 0.017840 0.464494 0.035680 0.031756
0 0.250543 0.571386 0.072664 0.049504
0 0.475109 0.454182 0.033250 0.027943
0 0.508291 0.394774 0.029051 0.028860
0 0.121279 0.438478 0.040705 0.025790
0 0.453814 0.481372 0.059879 0.052021
0 0.135027 0.608576 0.093220 0.053476
0 0.609403 0.447275 0.043041 0.031005
0 0.397027 0.520896 0.058402 0.039061
0 0.351653 0.521822 0.047840 0.033629
0 0.482292 0.511919 0.047045 0.038222
0 0.108253 0.682928 0.093250 0.070712
0 0.203120 0.407092 0.035075 0.025268
0 0.316208 0.571745 0.078438 0.055196
0 0.160778 0.714479 0.098314 0.108315
