0 0.372183 0.391982 0.039491 0.027073
0 0.424561 0.407856 0.024057 0.031306
0 0.409335 0.450542 0.039319 0.031495
0 0.387341 0.377034 0.037615 0.022131
0 0.022296 0.462712 0.041696 0.027817
0 0.355372 0.491590 0.068623 0.040624
0 0.414904 0.390686 0.038660 0.026770
0 0.428158 0.431851 0.025529 0.033633
0 0.444508 0.370320 0.082863 0.037926
0 0.417421 0.477304 0.047060 0.036602
0 0.283256 0.509009 0.068603 0.034570
0 0.500194 0.424517 0.027835 0.035217
0 0.496472 0.398172 0.023960 0.026368
0 0.709426 0.402937 0.038289 0.025065
0 0.466136 0.433110 0.029439 0.030025
0 0.090988 0.442627 0.040045 0.026893
0 0.453870 0.407642 0.029597 0.030479
0 0.276922 0.540520 0.065797 0.039104
0 0.603484 0.445832 0.049594 0.037996
0 0.167224 0.427795 0.042969 0.028980
0 0.239790 0.579305 0.076042 0.049504
0 0.442758 0.492461 0.047240 0.037096
0 0.531301 0.423540 0.031984 0.032504
0 0.234408 0.414668 0.040705 0.025790
0 0.370947 0.533769 0.085831 0.074002
0 0.082964 0.611652 0.093220 0.053476
0 0.361104 0.583786 0.065503 0.052519
0 0.184591 0.701598 0.073987 0.064671
0 0.104522 0.698726 0.100814 0.098728
