0 0.785517 0.488532 0.041257 0.032653
0 0.804364 0.408962 0.042778 0.027336
0 0.837808 0.492101 0.040630 0.035178
0 0.611398 0.524446 0.065650 0.043840
0 0.252405 0.530227 0.073183 0.039540
0 0.118859 0.552623 0.073179 0.048614
0 0.054460 0.538622 0.067762 0.038243
0 0.861570 0.415069 0.039031 0.022023
0 0.851400 0.403053 0.040107 0.022477
0 0.460407 0.405904 0.042988 0.036947
0 0.911960 0.406928 0.041741 0.026867
0 0.415007 0.412759 0.044452 0.028683
0 0.160954 0.585647 0.039031 0.035650
0 0.705502 0.417602 0.044237 0.030197
0 0.368892 0.425542 0.048357 0.033035
0 0.654675 0.410662 0.044059 0.023382
0 0.539011 0.405088 0.041615 0.027766
