0 0.598798 0.549392 0.057022 0.047372
0 0.209873 0.498149 0.051727 0.047667
0 0.332759 0.421502 0.046909 0.036967
0 0.806809 0.407861 0.035010 0.026217
0 0.664657 0.395324 0.044205 0.023680
0 0.340796 0.735620 0.102483 0.077249
0 0.532457 0.571654 0.074516 0.057928
0 0.722177 0.551390 0.067617 0.047466
0 0.815222 0.524272 0.051441 0.045396
0 0.666439 0.528690 0.061686 0.043680
0 0.735377 0.510269 0.050764 0.042901
0 0.769955 0.442268 0.030852 0.030612
0 0.880915 0.500732 0.055033 0.046296
0 0.132975 0.584484 0.104547 0.100920
0 0.273424 0.449496 0.052718 0.045961
0 0.504379 0.410451 0.045846 0.029735
0 0.873997 0.442022 0.037047 0.032384
0 0.848737 0.418271 0.034434 0.030895
0 0.767856 0.415816 0.033448 0.028827
0 0.809425 0.431864 0.036297 0.028707
0 0.671471 0.413321 0.044059 0.023382
0 0.566214 0.404904 0.041615 0.027766
