0 0.791928 0.437802 0.028265 0.025400
0 0.833887 0.435142 0.030785 0.027122
0 0.863574 0.449173 0.023097 0.030964
0 0.855804 0.429902 0.027394 0.024722
0 0.250379 0.538719 0.037489 0.051715
0 0.662855 0.510924 0.064095 0.038069
0 0.386319 0.549153 0.074810 0.046471
0 0.227795 0.497372 0.035464 0.040281
0 0.842917 0.472268 0.037142 0.028974
0 0.286107 0.446717 0.043772 0.033361
0 0.883084 0.468386 0.025724 0.031875
0 0.792396 0.476167 0.039838 0.030356
0 0.077413 0.612616 0.055380 0.069309
0 0.341432 0.429063 0.042690 0.025539
0 0.822457 0.487812 0.041399 0.028290
0 0.897202 0.559163 0.030047 0.038427
0 0.411076 0.417829 0.042382 0.022507
0 0.504435 0.411956 0.048578 0.025132
0 0.460235 0.402630 0.042996 0.019881
0 0.560904 0.410588 0.044241 0.023451
0 0.621168 0.408293 0.042377 0.024695
0 0.578120 0.398047 0.039236 0.017198
0 0.526499 0.396922 0.036053 0.021403
0 0.922672 0.496827 0.052056 0.028935
0 0.912910 0.522619 0.052336 0.031822
0 0.788116 0.502395 0.049675 0.032393
0 0.825863 0.529684 0.056698 0.034720
0 0.963677 0.524221 0.060521 0.043310
0 0.688146 0.410867 0.041854 0.019068
0 0.740810 0.413710 0.042639 0.019068
0 0.327277 0.418746 0.046805 0.019364
0 0.661568 0.550815 0.074903 0.041394
0 0.745212 0.527015 0.067650 0.041375
0 0.859645 0.550419 0.067792 0.037806
0 0.034012 0.484046 0.053388 0.037216
0 0.146724 0.453418 0.053013 0.037989
0 0.785814 0.414892 0.035031 0.018443
0 0.701633 0.396303 0.044704 0.023132
0 0.103771 0.554244 0.042986 0.048942
0 0.844345 0.411645 0.045227 0.027195
0 0.251934 0.444296 0.038691 0.031930
0 0.632391 0.586036 0.067602 0.046520
0 0.738570 0.510586 0.054107 0.038479
0 0.191541 0.487540 0.041815 0.040471
0 0.102036 0.639977 0.067697 0.081136
0 0.145420 0.565029 0.042657 0.057484
