0 0.790355 0.436890 0.028454 0.025400
0 0.832427 0.432252 0.030785 0.027122
0 0.861371 0.444821 0.023097 0.030964
0 0.855383 0.429309 0.027394 0.024722
0 0.675261 0.509131 0.064095 0.038069
0 0.695462 0.562359 0.076693 0.050149
0 0.084677 0.699415 0.081482 0.073305
0 0.843552 0.462947 0.037142 0.028974
0 0.237960 0.486880 0.036995 0.037605
0 0.883515 0.467309 0.025724 0.031875
0 0.794444 0.473593 0.039838 0.030356
0 0.279698 0.467965 0.033257 0.036913
0 0.826737 0.484989 0.041399 0.028290
0 0.236787 0.446685 0.044462 0.028872
0 0.374206 0.424244 0.048578 0.025132
0 0.297661 0.429325 0.053557 0.028460
0 0.432192 0.415037 0.044390 0.023451
0 0.491116 0.411350 0.042377 0.024695
0 0.795523 0.499052 0.049675 0.032393
0 0.597867 0.409713 0.041854 0.019068
0 0.669230 0.413039 0.042639 0.019068
0 0.067993 0.484092 0.065048 0.031881
0 0.882774 0.511805 0.056353 0.036460
0 0.732026 0.414573 0.035031 0.018443
0 0.806974 0.412921 0.045227 0.027195
0 0.203822 0.480946 0.038695 0.035639
0 0.811527 0.529852 0.050348 0.038706
0 0.742850 0.509961 0.054107 0.038479
0 0.166612 0.522489 0.045347 0.047866
0 0.385439 0.538969 0.066609 0.039457
0 0.492426 0.548285 0.076622 0.037704
0 0.129702 0.462471 0.056304 0.031524
0 0.231053 0.435749 0.044980 0.023606
