0 0.421497 0.402167 0.026262 0.019370
0 0.369407 0.398778 0.037449 0.021811
0 0.390792 0.378608 0.029831 0.020859
0 0.425600 0.424604 0.027638 0.025587
0 0.454163 0.414104 0.023485 0.025329
0 0.465702 0.437665 0.033511 0.027831
0 0.432629 0.459177 0.045960 0.032895
0 0.475916 0.380583 0.030812 0.022320
0 0.441955 0.380384 0.025129 0.022165
0 0.386477 0.480067 0.052845 0.034325
0 0.493786 0.419131 0.028831 0.026328
0 0.433708 0.491545 0.056156 0.034789
0 0.074278 0.446954 0.049402 0.033198
0 0.188145 0.425396 0.046264 0.028294
0 0.259494 0.410515 0.047019 0.026569
0 0.241439 0.522795 0.068969 0.039580
0 0.556327 0.439288 0.044956 0.024100
0 0.627860 0.416954 0.037042 0.026504
0 0.323261 0.400639 0.043787 0.024701
0 0.709823 0.398768 0.036613 0.023006
0 0.146734 0.543915 0.073476 0.045180
0 0.533045 0.421070 0.025691 0.026847
0 0.513843 0.464859 0.041669 0.040734
0 0.507279 0.396495 0.029557 0.025024
0 0.529538 0.486646 0.056081 0.034720
0 0.371621 0.391552 0.035557 0.018995
0 0.056591 0.572802 0.081478 0.053995
0 0.666558 0.423431 0.036319 0.026090
0 0.039940 0.443011 0.048266 0.027275
0 0.434482 0.524981 0.070027 0.041758
0 0.317278 0.506985 0.070249 0.029778
0 0.329818 0.559080 0.076367 0.042928
0 0.243864 0.572181 0.070240 0.043616
0 0.295479 0.533610 0.068753 0.039094
0 0.174124 0.571554 0.073526 0.049298
