0 0.777110 0.432469 0.034044 0.025400
0 0.822665 0.422606 0.031006 0.022651
0 0.853547 0.429864 0.027072 0.030964
0 0.835746 0.408547 0.027394 0.024722
0 0.691812 0.506618 0.064095 0.038069
0 0.836972 0.469047 0.037142 0.028974
0 0.879302 0.459831 0.025724 0.031875
0 0.799764 0.467561 0.037062 0.029828
0 0.112341 0.681612 0.083759 0.083857
0 0.833642 0.443636 0.031432 0.026944
0 0.170952 0.471975 0.059902 0.032051
0 0.192654 0.565800 0.051178 0.059618
0 0.200780 0.450751 0.046388 0.019566
0 0.262587 0.439845 0.050782 0.030771
0 0.810287 0.491449 0.049675 0.032393
0 0.357325 0.425039 0.042406 0.028620
0 0.452853 0.417340 0.042639 0.023721
0 0.522119 0.412432 0.037976 0.020574
0 0.613863 0.410489 0.045227 0.027195
0 0.100720 0.623883 0.060334 0.062378
0 0.868999 0.481325 0.036720 0.031629
0 0.764167 0.506888 0.054107 0.038479
0 0.786007 0.523962 0.055719 0.034173
0 0.828077 0.514611 0.050778 0.037079
0 0.026743 0.668595 0.053486 0.070708
0 0.703758 0.531705 0.056070 0.035225
0 0.670808 0.415475 0.043849 0.018620
0 0.727825 0.411618 0.041729 0.026283
0 0.687363 0.550327 0.077093 0.038057
0 0.909498 0.532655 0.059439 0.034120
0 0.129388 0.556940 0.043802 0.048800
0 0.035865 0.484199 0.053521 0.034099
0 0.773076 0.411900 0.039224 0.020438
0 0.124371 0.462705 0.044134 0.032475
