0 0.426660 0.408165 0.026262 0.019370
0 0.387301 0.402875 0.035415 0.021811
0 0.431569 0.394447 0.029831 0.020859
0 0.473875 0.401202 0.025061 0.024105
0 0.426732 0.429243 0.027638 0.025587
0 0.456571 0.425702 0.027024 0.025057
0 0.447529 0.450394 0.033511 0.027831
0 0.415857 0.469366 0.052780 0.033776
0 0.510730 0.418285 0.027912 0.031314
0 0.482117 0.434691 0.024121 0.023617
0 0.076349 0.445624 0.045487 0.027378
0 0.359970 0.491504 0.059961 0.032693
0 0.136531 0.435032 0.035185 0.021010
0 0.480756 0.456162 0.039030 0.028578
0 0.209959 0.417731 0.038985 0.025630
0 0.721104 0.383844 0.033269 0.022586
0 0.289203 0.517182 0.060461 0.035873
0 0.358355 0.392738 0.044283 0.030657
0 0.624501 0.416986 0.041552 0.029591
0 0.771585 0.374603 0.029243 0.022107
0 0.070100 0.434440 0.047402 0.020592
0 0.523348 0.459374 0.049417 0.025368
0 0.722971 0.401356 0.028895 0.021826
0 0.273174 0.540731 0.068467 0.041653
0 0.596796 0.448670 0.043217 0.031810
0 0.676745 0.420606 0.029223 0.023101
0 0.543333 0.478187 0.049002 0.036615
0 0.441080 0.488838 0.056095 0.036551
0 0.089972 0.408742 0.060443 0.037250
0 0.141588 0.419969 0.040969 0.021624
0 0.441117 0.378349 0.041211 0.020839
0 0.352961 0.535189 0.062630 0.039868
0 0.500231 0.371538 0.036103 0.023757
0 0.121641 0.606139 0.243282 0.120223
0 0.242057 0.387272 0.041305 0.021881
