0 0.428848 0.410599 0.026232 0.019637
0 0.391699 0.403977 0.034810 0.021811
0 0.432834 0.394022 0.029831 0.020859
0 0.475905 0.402947 0.025061 0.024105
0 0.426747 0.431254 0.028167 0.027315
0 0.456153 0.434132 0.028477 0.028566
0 0.435095 0.456945 0.038823 0.030526
0 0.387148 0.483596 0.063808 0.032703
0 0.027439 0.445588 0.054879 0.027561
0 0.084788 0.444852 0.054532 0.033315
0 0.511385 0.419282 0.027912 0.031314
0 0.482112 0.439533 0.026807 0.026287
0 0.172503 0.425463 0.042863 0.024774
0 0.231926 0.412778 0.040657 0.026906
0 0.305726 0.507960 0.067591 0.039976
0 0.294378 0.407598 0.035185 0.021010
0 0.472293 0.463948 0.043714 0.029099
0 0.354144 0.394647 0.038168 0.024280
0 0.711985 0.390340 0.032277 0.021073
0 0.689297 0.417471 0.035316 0.025712
0 0.454637 0.485804 0.060589 0.036797
0 0.180413 0.549454 0.070934 0.040530
0 0.633397 0.424268 0.034131 0.026774
0 0.415616 0.384637 0.039559 0.024735
0 0.376677 0.514231 0.069310 0.040911
0 0.562154 0.458883 0.042754 0.029556
0 0.467430 0.510563 0.062547 0.041058
0 0.179821 0.411421 0.047402 0.025883
0 0.276103 0.545774 0.071213 0.046164
0 0.355853 0.551527 0.065035 0.043861
0 0.056337 0.584723 0.074419 0.041250
0 0.186328 0.588092 0.081264 0.053278
0 0.276671 0.594459 0.066660 0.043864
0 0.105012 0.413113 0.040872 0.028883
0 0.512663 0.369950 0.041211 0.020839
