0 0.428344 0.410121 0.026262 0.019370
0 0.392434 0.404070 0.034810 0.021811
0 0.433071 0.393998 0.029831 0.020859
0 0.475389 0.402504 0.025061 0.024105
0 0.426902 0.430749 0.027858 0.026304
0 0.456308 0.429939 0.028477 0.026448
0 0.445148 0.451827 0.033511 0.027831
0 0.408952 0.473031 0.052780 0.033776
0 0.027609 0.461143 0.052123 0.037625
0 0.511218 0.419029 0.027912 0.031314
0 0.482114 0.438303 0.026125 0.025608
0 0.126358 0.432571 0.045177 0.024774
0 0.205414 0.417215 0.041077 0.028285
0 0.342179 0.498536 0.059961 0.039976
0 0.267500 0.408794 0.035185 0.021010
0 0.477477 0.459215 0.040024 0.023042
0 0.349175 0.396240 0.038818 0.025353
0 0.747173 0.392155 0.032910 0.023403
0 0.516845 0.464125 0.047497 0.033344
0 0.226100 0.530435 0.064382 0.040530
0 0.708069 0.392256 0.029553 0.023517
0 0.409896 0.384608 0.039559 0.024735
0 0.416797 0.503893 0.060216 0.040916
0 0.638820 0.419879 0.038138 0.023711
0 0.574344 0.464884 0.047267 0.031798
0 0.176767 0.411564 0.047402 0.025883
0 0.324241 0.529641 0.063375 0.035179
0 0.488284 0.500654 0.052182 0.031772
0 0.095471 0.579423 0.070414 0.041250
0 0.301374 0.562964 0.072110 0.048608
0 0.431760 0.537598 0.055547 0.040264
0 0.022932 0.430929 0.041140 0.028883
0 0.205129 0.604975 0.086774 0.054674
0 0.188323 0.570530 0.074365 0.040980
0 0.251316 0.381067 0.054486 0.037250
0 0.331062 0.379331 0.038192 0.023649
0 0.240499 0.404477 0.036219 0.024193
0 0.475534 0.374390 0.041211 0.020839
