0 0.432145 0.412977 0.025828 0.023235
0 0.393522 0.404329 0.034810 0.021811
0 0.433188 0.396295 0.029831 0.022240
0 0.477915 0.406797 0.025061 0.027218
0 0.415282 0.455124 0.033610 0.030353
0 0.394006 0.478376 0.050755 0.033311
0 0.335756 0.496329 0.054405 0.032421
0 0.263507 0.516127 0.069448 0.033709
0 0.780389 0.378265 0.030649 0.020881
0 0.736354 0.377636 0.024012 0.026255
0 0.704581 0.400531 0.032106 0.026087
0 0.044668 0.454255 0.056023 0.032205
0 0.652250 0.427341 0.040934 0.034092
0 0.641814 0.412431 0.041254 0.025629
0 0.611942 0.444626 0.030640 0.034099
0 0.122985 0.435806 0.041357 0.027941
0 0.251585 0.409709 0.054257 0.027218
0 0.555751 0.448590 0.046604 0.029608
0 0.330089 0.394180 0.046489 0.027901
0 0.521263 0.483456 0.054555 0.039399
0 0.425334 0.489669 0.061171 0.042894
0 0.308406 0.541313 0.071729 0.043107
0 0.381661 0.540659 0.065241 0.040006
0 0.202801 0.555781 0.070877 0.042285
0 0.404526 0.384440 0.040668 0.019874
0 0.459268 0.376805 0.038900 0.021143
0 0.210967 0.600389 0.084121 0.049318
0 0.139643 0.590321 0.088852 0.046514
0 0.192273 0.412935 0.044947 0.027908
0 0.127187 0.412601 0.039214 0.028491
