0 0.437477 0.419640 0.025505 0.026111
0 0.399244 0.408070 0.032589 0.025281
0 0.438989 0.400261 0.031000 0.025420
0 0.478200 0.422518 0.031186 0.030863
0 0.344208 0.497960 0.057367 0.034566
0 0.055741 0.453415 0.050978 0.031146
0 0.653059 0.420299 0.042071 0.028654
0 0.224274 0.414877 0.041588 0.025371
0 0.171715 0.411079 0.035590 0.019282
0 0.327470 0.395184 0.038347 0.026428
0 0.330367 0.376067 0.036828 0.020316
0 0.460785 0.519440 0.030027 0.034728
0 0.381672 0.378526 0.038876 0.022942
0 0.184087 0.543963 0.067767 0.044653
0 0.426494 0.361230 0.042511 0.027838
0 0.088290 0.556996 0.071612 0.036316
0 0.086948 0.594206 0.087903 0.045456
0 0.047645 0.636598 0.094209 0.062920
