0 0.433584 0.414016 0.025651 0.024807
0 0.395494 0.404650 0.034810 0.021811
0 0.434425 0.397452 0.029831 0.023067
0 0.478038 0.408718 0.025061 0.029878
0 0.412800 0.459536 0.034890 0.032392
0 0.389533 0.482372 0.050755 0.033311
0 0.326107 0.499592 0.054405 0.032421
0 0.734640 0.387007 0.035859 0.024946
0 0.645813 0.419476 0.041484 0.027140
0 0.246325 0.518627 0.069448 0.032992
0 0.705157 0.406799 0.039988 0.027960
0 0.021966 0.451801 0.043932 0.031326
0 0.166113 0.422403 0.047006 0.031619
0 0.538873 0.453866 0.045556 0.030969
0 0.611620 0.446344 0.045895 0.034105
0 0.082181 0.445398 0.046231 0.025461
0 0.111768 0.425440 0.050039 0.024490
0 0.533572 0.484393 0.052549 0.036081
0 0.431516 0.482083 0.050894 0.034681
0 0.416212 0.514875 0.056348 0.041340
0 0.240442 0.402900 0.040853 0.026296
0 0.284825 0.401041 0.044227 0.028891
0 0.287477 0.375317 0.048189 0.028137
0 0.332933 0.554499 0.072704 0.052137
0 0.239647 0.547131 0.079596 0.045668
0 0.211284 0.592722 0.061407 0.039581
0 0.336569 0.392504 0.035069 0.022552
0 0.433977 0.380549 0.042142 0.022924
0 0.132757 0.591024 0.080830 0.048628
0 0.514933 0.367572 0.041582 0.023609
0 0.047067 0.652751 0.085719 0.056324
