0 0.362480 0.380965 0.040613 0.027914
0 0.259036 0.382093 0.111179 0.047057
0 0.322771 0.393986 0.043484 0.029475
0 0.365048 0.483409 0.060060 0.030449
0 0.397195 0.494629 0.050878 0.038059
0 0.330903 0.526366 0.072664 0.042997
0 0.432642 0.393160 0.022608 0.026460
0 0.359882 0.543524 0.059714 0.044792
0 0.305842 0.509965 0.052735 0.032987
0 0.127514 0.430475 0.046031 0.027908
0 0.459561 0.476984 0.041109 0.034445
0 0.414591 0.513618 0.046947 0.036688
0 0.245004 0.564225 0.075347 0.045989
0 0.292591 0.577010 0.068080 0.048609
0 0.186186 0.417668 0.046601 0.028133
0 0.236097 0.528542 0.074556 0.039311
0 0.237170 0.408408 0.043905 0.025507
0 0.694025 0.397935 0.037042 0.026161
0 0.471613 0.494318 0.042499 0.039149
0 0.456936 0.530637 0.059012 0.046880
0 0.333789 0.586307 0.031403 0.038636
0 0.106573 0.760715 0.106625 0.099349
