0 0.635179 0.526714 0.054105 0.046484
0 0.105582 0.604122 0.066722 0.068782
0 0.240056 0.474130 0.049996 0.049039
0 0.406343 0.666065 0.100794 0.069326
0 0.639416 0.391768 0.039609 0.023680
0 0.818774 0.444356 0.040971 0.029952
0 0.756271 0.563212 0.074353 0.053565
0 0.790028 0.523310 0.058270 0.045164
0 0.852001 0.491229 0.031282 0.036768
0 0.708163 0.516056 0.061686 0.039361
0 0.762055 0.488018 0.036877 0.036966
0 0.709693 0.406836 0.030852 0.026039
0 0.889066 0.465920 0.033400 0.035714
0 0.198792 0.527250 0.059245 0.061899
0 0.500476 0.410266 0.045846 0.026667
0 0.860654 0.431328 0.037047 0.032384
0 0.834249 0.409759 0.029658 0.027092
0 0.758852 0.407058 0.028183 0.026071
0 0.789599 0.420990 0.040639 0.027693
0 0.668444 0.412908 0.044059 0.023382
0 0.565005 0.405012 0.041615 0.027766
