0 0.421219 0.401845 0.026262 0.019370
0 0.368445 0.398558 0.037558 0.021811
0 0.381949 0.374903 0.029831 0.020859
0 0.425539 0.424355 0.027638 0.025587
0 0.453787 0.412951 0.023485 0.025329
0 0.470082 0.434379 0.032134 0.026827
0 0.433289 0.458508 0.045960 0.032895
0 0.464156 0.376414 0.029732 0.020812
0 0.387439 0.479220 0.052845 0.034325
0 0.489684 0.413277 0.027415 0.025368
0 0.451545 0.480552 0.049768 0.034332
0 0.061985 0.445972 0.048900 0.033198
0 0.169763 0.428044 0.047450 0.028397
0 0.248419 0.412184 0.048270 0.027212
0 0.244501 0.522170 0.068969 0.039580
0 0.589511 0.428439 0.042476 0.025000
0 0.658975 0.404811 0.035358 0.025313
0 0.316549 0.401182 0.044472 0.025312
0 0.740212 0.388049 0.034628 0.021365
0 0.152678 0.542312 0.073476 0.045180
0 0.529032 0.416942 0.028371 0.026847
0 0.519674 0.456300 0.039030 0.042652
0 0.500942 0.397536 0.029557 0.025024
0 0.562000 0.472383 0.050107 0.030901
0 0.365746 0.392669 0.035557 0.018995
0 0.061986 0.571617 0.081478 0.053995
0 0.700784 0.408645 0.034256 0.024593
0 0.034460 0.443711 0.046444 0.024715
0 0.478504 0.508569 0.062512 0.038685
0 0.321147 0.504481 0.066644 0.026781
0 0.366952 0.546907 0.071414 0.041658
0 0.282850 0.559128 0.064076 0.040706
0 0.344542 0.522502 0.064006 0.039533
0 0.228407 0.551753 0.065715 0.045394
