0 0.683758 0.520612 0.053768 0.039089
0 0.051723 0.644762 0.073957 0.081765
0 0.726013 0.540936 0.060969 0.040676
0 0.633049 0.390457 0.038816 0.023680
0 0.789190 0.426337 0.036682 0.029952
0 0.395128 0.516472 0.023894 0.040188
0 0.309504 0.487460 0.022671 0.032054
0 0.325498 0.416428 0.038743 0.031968
0 0.886984 0.536986 0.060797 0.040394
0 0.834426 0.484195 0.036247 0.040491
0 0.840157 0.447769 0.030577 0.031664
0 0.746410 0.503841 0.056582 0.034881
0 0.770413 0.454240 0.030368 0.034069
0 0.672157 0.393315 0.035139 0.019888
0 0.855963 0.431949 0.036069 0.029391
0 0.493536 0.410999 0.045846 0.026957
0 0.827700 0.406451 0.031942 0.028847
0 0.720539 0.407828 0.038936 0.027693
0 0.666511 0.412592 0.044059 0.023382
0 0.563297 0.405163 0.041615 0.027766
