0 0.376883 0.387443 0.031114 0.019370
0 0.363956 0.397530 0.038069 0.021811
0 0.421239 0.401612 0.027638 0.025587
0 0.445957 0.400430 0.023485 0.025329
0 0.478577 0.406308 0.021259 0.022247
0 0.444837 0.444390 0.032082 0.029790
0 0.402590 0.468310 0.045797 0.034325
0 0.459967 0.388110 0.027415 0.022790
0 0.484121 0.440060 0.027885 0.032945
0 0.026209 0.460366 0.052332 0.041277
0 0.100756 0.443299 0.053606 0.028715
0 0.182697 0.424708 0.044252 0.023811
0 0.258793 0.519253 0.068969 0.039580
0 0.740947 0.380085 0.030746 0.021885
0 0.261186 0.410306 0.041020 0.023765
0 0.165663 0.538399 0.073476 0.045180
0 0.493246 0.394197 0.030313 0.019900
0 0.510086 0.414597 0.031248 0.033310
0 0.714728 0.402475 0.036227 0.022374
0 0.328565 0.398070 0.040134 0.022893
0 0.083503 0.566410 0.081478 0.053995
0 0.827470 0.360624 0.024578 0.019255
0 0.656614 0.413588 0.035646 0.024859
0 0.335975 0.506094 0.057400 0.035638
0 0.585764 0.456795 0.047372 0.032004
0 0.485929 0.491231 0.050302 0.032709
0 0.465831 0.477000 0.048462 0.029346
0 0.402765 0.500144 0.056385 0.035465
0 0.282400 0.574286 0.073973 0.055619
0 0.086393 0.726077 0.093738 0.075634
