0 0.796069 0.415474 0.028967 0.022362
0 0.225579 0.517607 0.044641 0.044868
0 0.276089 0.459017 0.036235 0.032728
0 0.359820 0.422269 0.046032 0.024973
0 0.622389 0.411561 0.039800 0.025079
0 0.781751 0.424165 0.028265 0.028202
0 0.782418 0.463329 0.031163 0.029732
0 0.764751 0.491552 0.039447 0.038758
0 0.451411 0.415033 0.048656 0.026760
0 0.726577 0.401323 0.034215 0.017854
0 0.868126 0.469345 0.035342 0.038203
0 0.129358 0.471694 0.056388 0.028331
0 0.163365 0.451277 0.046385 0.027579
0 0.727145 0.533743 0.052408 0.042456
0 0.517481 0.409177 0.043615 0.023257
