0 0.433411 0.413891 0.025673 0.024618
0 0.395257 0.404612 0.034810 0.021811
0 0.434276 0.397314 0.029831 0.022968
0 0.478024 0.408487 0.025061 0.029559
0 0.413097 0.459007 0.034737 0.032147
0 0.391691 0.481942 0.050755 0.033311
0 0.328512 0.498323 0.054405 0.032421
0 0.769667 0.375551 0.027285 0.023382
0 0.677640 0.407448 0.039453 0.025146
0 0.248794 0.517797 0.069448 0.032992
0 0.732929 0.397309 0.039440 0.025307
0 0.135918 0.428453 0.047006 0.031619
0 0.583243 0.436438 0.040935 0.030088
0 0.643723 0.431124 0.043684 0.031893
0 0.049426 0.453985 0.045155 0.025461
0 0.077655 0.434418 0.050039 0.024490
0 0.570661 0.468514 0.047759 0.033446
0 0.481702 0.466861 0.050894 0.034681
0 0.462154 0.497110 0.053765 0.037139
0 0.208311 0.408093 0.040853 0.026296
0 0.251302 0.407698 0.044227 0.028891
0 0.249526 0.381857 0.049326 0.030279
0 0.382476 0.535300 0.067359 0.047715
0 0.302837 0.530149 0.073514 0.043914
0 0.279736 0.572646 0.061407 0.039581
0 0.309186 0.394992 0.037519 0.022890
0 0.413230 0.382241 0.042142 0.022924
0 0.195879 0.574617 0.075618 0.046405
0 0.490257 0.370579 0.041582 0.023609
0 0.124308 0.628579 0.086610 0.054921
0 0.042525 0.587361 0.084166 0.050319
