0 0.436152 0.417751 0.025505 0.026111
0 0.397095 0.407795 0.032589 0.025281
0 0.437092 0.399461 0.030220 0.024618
0 0.481438 0.417550 0.031186 0.030863
0 0.381538 0.482562 0.057367 0.034566
0 0.726227 0.392291 0.034496 0.026932
0 0.156620 0.426441 0.041588 0.025371
0 0.089930 0.425354 0.041964 0.025879
0 0.262552 0.404663 0.039267 0.026428
0 0.268743 0.385822 0.040988 0.020738
0 0.536277 0.484026 0.030027 0.034728
0 0.321969 0.386357 0.042957 0.028311
0 0.252676 0.527025 0.065436 0.043895
0 0.368262 0.369631 0.042511 0.027838
0 0.157887 0.540352 0.071612 0.036316
0 0.190154 0.563355 0.087903 0.045456
0 0.191192 0.411871 0.035393 0.022552
0 0.162258 0.403703 0.048655 0.023609
0 0.189893 0.594025 0.094209 0.062920
0 0.408357 0.385424 0.042437 0.028416
0 0.452279 0.372992 0.036071 0.022834
0 0.503203 0.370963 0.037769 0.020804
