0 0.350321 0.379629 0.040613 0.025429
0 0.252050 0.382196 0.111699 0.050565
0 0.320969 0.394367 0.043484 0.029475
0 0.364995 0.483346 0.060060 0.030449
0 0.397300 0.494548 0.050878 0.038059
0 0.330903 0.526366 0.072664 0.042997
0 0.432426 0.392188 0.022608 0.026460
0 0.359882 0.543524 0.059714 0.044792
0 0.305842 0.509965 0.052735 0.032987
0 0.127514 0.430475 0.046031 0.027908
0 0.459561 0.476984 0.041109 0.034445
0 0.414591 0.513618 0.046947 0.036688
0 0.245004 0.564225 0.075347 0.045989
0 0.292591 0.577010 0.068080 0.048609
0 0.186186 0.417668 0.046601 0.028133
0 0.236097 0.528542 0.074556 0.039311
0 0.237170 0.408408 0.043905 0.025507
0 0.726280 0.384712 0.037042 0.026161
0 0.479272 0.487852 0.042318 0.038961
0 0.506177 0.508180 0.049574 0.041612
0 0.391573 0.559432 0.031403 0.038636
0 0.187347 0.694840 0.074776 0.068645
0 0.047887 0.427943 0.053803 0.034570
