0 0.798044 0.441351 0.027531 0.025400
0 0.837290 0.445148 0.030785 0.027122
0 0.865320 0.452238 0.027411 0.034167
0 0.857443 0.432207 0.027394 0.024722
0 0.304340 0.442878 0.036779 0.026064
0 0.316507 0.497620 0.048247 0.048883
0 0.249935 0.477385 0.027575 0.035416
0 0.423672 0.419891 0.037018 0.024757
0 0.501144 0.412026 0.043300 0.027500
0 0.263982 0.502118 0.041478 0.044841
0 0.803534 0.465398 0.029475 0.030056
0 0.581817 0.409140 0.037277 0.025778
0 0.165299 0.506714 0.041082 0.042255
0 0.907198 0.521802 0.054433 0.036777
0 0.782540 0.495616 0.060706 0.033100
0 0.823093 0.530028 0.064108 0.036555
0 0.774661 0.516523 0.060401 0.038412
0 0.494890 0.393158 0.039528 0.019619
0 0.413263 0.400364 0.034421 0.021386
0 0.660008 0.413633 0.040957 0.021360
0 0.730806 0.545692 0.066399 0.046364
0 0.593106 0.537850 0.076044 0.041412
0 0.565947 0.397477 0.036996 0.019881
0 0.509642 0.569018 0.080054 0.045913
0 0.405468 0.551687 0.072279 0.038891
0 0.389549 0.523809 0.070020 0.036191
0 0.739101 0.415936 0.046743 0.024757
0 0.385831 0.413970 0.043152 0.025883
0 0.363678 0.580549 0.079888 0.043138
0 0.323194 0.421303 0.040957 0.023444
0 0.539869 0.404337 0.031594 0.022663
0 0.623671 0.399642 0.039868 0.020839
0 0.808892 0.408822 0.045532 0.027352
0 0.872362 0.416919 0.039432 0.024226
0 0.228241 0.565676 0.074809 0.049003
0 0.250101 0.536313 0.071556 0.039669
0 0.089863 0.583779 0.067762 0.041262
0 0.085831 0.551265 0.071526 0.042763
0 0.459502 0.405857 0.045929 0.026633
0 0.127467 0.465445 0.056306 0.038989
0 0.209047 0.503596 0.045057 0.048420
0 0.200583 0.475296 0.047575 0.034920
