0 0.751656 0.417007 0.034272 0.025400
0 0.771884 0.461205 0.031725 0.034166
0 0.804097 0.450054 0.024371 0.027415
0 0.800187 0.414385 0.029351 0.023994
0 0.824378 0.434415 0.024304 0.029964
0 0.070012 0.643866 0.071868 0.072450
0 0.253580 0.462202 0.047337 0.034504
0 0.316693 0.439890 0.038130 0.028105
0 0.386397 0.421127 0.051603 0.028864
0 0.824742 0.401923 0.025545 0.024799
0 0.830149 0.463112 0.033293 0.031991
0 0.855627 0.487634 0.035730 0.034173
0 0.858242 0.438106 0.027843 0.030713
0 0.800551 0.498196 0.045852 0.035210
0 0.462390 0.419181 0.043849 0.021061
0 0.529437 0.410929 0.041729 0.026283
0 0.887871 0.468080 0.034795 0.034215
0 0.599511 0.411397 0.039224 0.020438
0 0.724849 0.509822 0.051475 0.035948
0 0.085005 0.478330 0.058886 0.040457
0 0.207130 0.494047 0.041808 0.052792
0 0.830657 0.526387 0.059051 0.035148
0 0.946391 0.492333 0.051675 0.036951
0 0.670251 0.577222 0.030287 0.037213
0 0.154847 0.449777 0.051819 0.030454
0 0.226171 0.436139 0.050966 0.031968
0 0.118824 0.754863 0.126079 0.078679
0 0.119039 0.824580 0.128046 0.105746
