0 0.791369 0.437478 0.028332 0.025400
0 0.833369 0.434116 0.030785 0.027122
0 0.863320 0.448670 0.023097 0.030964
0 0.855654 0.429691 0.027394 0.024722
0 0.186010 0.625696 0.064830 0.065229
0 0.668504 0.510157 0.064095 0.038069
0 0.492997 0.568585 0.076693 0.050149
0 0.197330 0.565552 0.036807 0.049537
0 0.842917 0.472268 0.037142 0.028974
0 0.261544 0.463950 0.043772 0.033361
0 0.883237 0.468003 0.025724 0.031875
0 0.792598 0.475612 0.039838 0.030356
0 0.310962 0.440602 0.042690 0.025539
0 0.823796 0.487140 0.041399 0.028290
0 0.897676 0.558975 0.030047 0.038427
0 0.368452 0.422969 0.042382 0.023517
0 0.475949 0.411678 0.048578 0.025132
0 0.401972 0.407992 0.042996 0.019881
0 0.541892 0.409031 0.044241 0.023451
0 0.602370 0.408771 0.042377 0.024695
0 0.556323 0.397569 0.039236 0.017198
0 0.493462 0.398931 0.036053 0.021403
0 0.790747 0.501208 0.049675 0.032393
0 0.933104 0.495526 0.049765 0.033587
0 0.672204 0.410911 0.041854 0.019068
0 0.735234 0.412989 0.042639 0.019068
0 0.257586 0.437301 0.046805 0.026745
0 0.755787 0.536200 0.064879 0.037865
0 0.855550 0.512202 0.058299 0.034304
0 0.905912 0.537002 0.062992 0.035017
0 0.024050 0.477103 0.048099 0.039812
0 0.771057 0.414892 0.035031 0.018443
0 0.066014 0.614762 0.053344 0.056216
0 0.836914 0.412521 0.045227 0.027195
0 0.214855 0.467262 0.038691 0.031930
0 0.702203 0.567446 0.063302 0.045761
0 0.740090 0.510364 0.054107 0.038479
0 0.183424 0.496285 0.040703 0.043537
0 0.190616 0.441545 0.053764 0.033321
0 0.098139 0.636993 0.064047 0.072054
