0 0.330974 0.395107 0.042429 0.021811
0 0.455469 0.386084 0.021259 0.022247
0 0.432581 0.406623 0.024410 0.027805
0 0.421961 0.435315 0.027659 0.032688
0 0.465404 0.413802 0.029058 0.027545
0 0.051136 0.456612 0.056503 0.028715
0 0.139469 0.431524 0.047725 0.027997
0 0.333392 0.502913 0.063525 0.039580
0 0.217624 0.418743 0.049507 0.024876
0 0.234392 0.521120 0.073476 0.045180
0 0.465641 0.374703 0.026521 0.019900
0 0.488601 0.399684 0.033028 0.030318
0 0.275641 0.407250 0.040134 0.022893
0 0.129889 0.546729 0.081478 0.053995
0 0.408115 0.468222 0.045150 0.033380
0 0.675640 0.418759 0.035199 0.025250
0 0.496878 0.441065 0.034237 0.029244
0 0.514414 0.460834 0.046591 0.030697
0 0.420832 0.493944 0.049522 0.038597
0 0.351792 0.542265 0.060630 0.045609
0 0.262803 0.561998 0.074363 0.044006
0 0.234830 0.654910 0.218958 0.196864
0 0.075846 0.705697 0.088745 0.082847
