0 0.788884 0.436037 0.028630 0.025400
0 0.831062 0.429551 0.030785 0.027122
0 0.858547 0.439241 0.023097 0.030964
0 0.854989 0.428755 0.027394 0.024722
0 0.685054 0.507644 0.064095 0.038069
0 0.901267 0.523417 0.067188 0.038720
0 0.838625 0.451649 0.037142 0.028974
0 0.189070 0.549435 0.048814 0.052698
0 0.883917 0.466302 0.025724 0.031875
0 0.797524 0.470390 0.039838 0.030356
0 0.258697 0.517498 0.039186 0.050556
0 0.831000 0.481871 0.041399 0.028290
0 0.283487 0.442045 0.050707 0.030191
0 0.242749 0.479069 0.032494 0.041954
0 0.323460 0.427802 0.046388 0.023451
0 0.390694 0.421526 0.042377 0.025301
0 0.802446 0.495927 0.049675 0.032393
0 0.463810 0.413897 0.041854 0.020455
0 0.533461 0.410398 0.042639 0.023721
0 0.599812 0.412774 0.036680 0.019636
0 0.661998 0.408532 0.045227 0.027195
0 0.188644 0.504709 0.039716 0.043382
0 0.861394 0.495440 0.039718 0.032537
0 0.746851 0.509378 0.054107 0.038479
0 0.114200 0.594223 0.063197 0.061455
0 0.725572 0.529445 0.062253 0.037344
0 0.806895 0.521817 0.061504 0.037086
0 0.122762 0.525975 0.044207 0.047845
0 0.566047 0.535996 0.062240 0.038057
0 0.729514 0.412787 0.043849 0.018620
0 0.784282 0.411865 0.041729 0.026440
0 0.440294 0.548893 0.077093 0.038057
0 0.503986 0.577350 0.077697 0.043131
0 0.184101 0.469508 0.036512 0.034918
0 0.227984 0.442032 0.053521 0.034099
