0 0.789002 0.436105 0.028616 0.025400
0 0.831172 0.429767 0.030785 0.027122
0 0.858772 0.439688 0.023097 0.030964
0 0.855020 0.428799 0.027394 0.024722
0 0.684271 0.507763 0.064095 0.038069
0 0.890898 0.525813 0.068611 0.038720
0 0.839019 0.452553 0.037142 0.028974
0 0.199558 0.533847 0.044124 0.052212
0 0.883885 0.466383 0.025724 0.031875
0 0.797278 0.470646 0.039838 0.030356
0 0.262061 0.507875 0.037767 0.049343
0 0.830659 0.482121 0.041399 0.028290
0 0.292857 0.440584 0.050707 0.030191
0 0.246619 0.473220 0.032494 0.040500
0 0.337605 0.427097 0.046388 0.023451
0 0.403267 0.420586 0.042377 0.025301
0 0.801892 0.496177 0.049675 0.032393
0 0.471590 0.413475 0.041854 0.020059
0 0.538412 0.410454 0.042639 0.023721
0 0.607404 0.412775 0.036209 0.019295
0 0.671381 0.408927 0.045227 0.027195
0 0.195063 0.495452 0.038702 0.042899
0 0.860600 0.495750 0.040168 0.032867
0 0.746531 0.509425 0.054107 0.038479
0 0.137114 0.571451 0.054436 0.056339
0 0.707475 0.528529 0.066609 0.039457
0 0.797580 0.524639 0.065508 0.037090
0 0.130502 0.512579 0.044207 0.047845
0 0.540992 0.536483 0.062240 0.038057
0 0.741301 0.413407 0.043849 0.018620
0 0.796588 0.412570 0.041729 0.026497
0 0.409128 0.549380 0.077093 0.038057
0 0.437376 0.581246 0.078508 0.043131
0 0.193063 0.460984 0.036512 0.034918
0 0.247539 0.435943 0.053521 0.034099
