0 0.433239 0.413767 0.025694 0.024430
0 0.395021 0.404573 0.034810 0.021811
0 0.434128 0.397175 0.029831 0.022869
0 0.478009 0.408257 0.025061 0.029240
0 0.413395 0.458477 0.034583 0.031902
0 0.393849 0.481512 0.050755 0.033311
0 0.330781 0.497150 0.054405 0.032421
0 0.709078 0.395408 0.037592 0.023319
0 0.251263 0.516967 0.069448 0.032992
0 0.760284 0.387652 0.038537 0.022874
0 0.105507 0.435230 0.047975 0.031619
0 0.627121 0.419729 0.036698 0.029280
0 0.675708 0.416355 0.041210 0.029471
0 0.022129 0.461141 0.044259 0.025461
0 0.042723 0.442745 0.051175 0.024490
0 0.607159 0.452888 0.043368 0.031030
0 0.531477 0.451568 0.050330 0.034373
0 0.507310 0.479725 0.051068 0.033117
0 0.222212 0.414713 0.040853 0.026296
0 0.242978 0.409357 0.044227 0.028891
0 0.212242 0.388420 0.050274 0.032064
0 0.431485 0.516292 0.061777 0.043548
0 0.364864 0.513004 0.067231 0.041970
0 0.347128 0.552664 0.060888 0.039581
0 0.283401 0.399679 0.038254 0.022991
0 0.392091 0.384261 0.042142 0.022924
0 0.258160 0.558610 0.069649 0.043845
0 0.465928 0.373664 0.041582 0.023609
0 0.202805 0.606455 0.081059 0.053378
0 0.089094 0.577185 0.088066 0.050319
0 0.176908 0.414203 0.045619 0.025371
0 0.123797 0.411300 0.048448 0.017738
