0 0.426049 0.407456 0.026262 0.019370
0 0.385184 0.402390 0.035656 0.021811
0 0.431025 0.394610 0.029831 0.020859
0 0.473325 0.400730 0.025061 0.024105
0 0.426598 0.428694 0.027638 0.025587
0 0.456645 0.425099 0.026328 0.025110
0 0.447931 0.450001 0.033511 0.027831
0 0.417106 0.468756 0.052780 0.033776
0 0.510553 0.418016 0.027912 0.031314
0 0.482301 0.429401 0.024121 0.023617
0 0.034433 0.457237 0.045487 0.027378
0 0.359806 0.488377 0.059961 0.032693
0 0.106420 0.440109 0.039449 0.025564
0 0.481403 0.455021 0.037437 0.028965
0 0.168183 0.423756 0.038985 0.025630
0 0.782669 0.363164 0.029191 0.018588
0 0.288387 0.513419 0.060461 0.035873
0 0.312871 0.399316 0.044283 0.030657
0 0.697604 0.393494 0.034530 0.025119
0 0.827103 0.354844 0.023770 0.018914
0 0.028157 0.444631 0.050208 0.021091
0 0.615141 0.426518 0.045848 0.024153
0 0.788413 0.376493 0.025666 0.021020
0 0.670826 0.418951 0.040848 0.024481
0 0.739431 0.394212 0.027855 0.022703
0 0.621078 0.444574 0.041191 0.032562
0 0.524945 0.460724 0.050265 0.032304
0 0.040084 0.418669 0.061519 0.041299
0 0.097384 0.429960 0.040969 0.021624
0 0.391077 0.388258 0.044176 0.021022
0 0.453315 0.497127 0.048650 0.037391
0 0.463399 0.376594 0.036103 0.023757
0 0.288449 0.559109 0.243282 0.120223
0 0.203793 0.399833 0.041305 0.021881
0 0.128418 0.556238 0.068614 0.047318
0 0.112220 0.628874 0.091002 0.057204
0 0.062901 0.758034 0.062317 0.056263
