0 0.788605 0.435875 0.028664 0.025400
0 0.834731 0.441563 0.030785 0.027122
0 0.858010 0.438181 0.023097 0.030964
0 0.854914 0.428650 0.027394 0.024722
0 0.686915 0.507362 0.064095 0.038069
0 0.926842 0.516739 0.061316 0.038720
0 0.833975 0.467729 0.037142 0.028974
0 0.160417 0.586316 0.059117 0.061950
0 0.883994 0.466111 0.025724 0.031875
0 0.798110 0.469781 0.039838 0.030356
0 0.249196 0.543292 0.043099 0.055942
0 0.833685 0.464624 0.036382 0.028290
0 0.263491 0.446723 0.050707 0.030191
0 0.233973 0.494591 0.032494 0.044136
0 0.283263 0.429478 0.046388 0.020731
0 0.360831 0.423757 0.042377 0.025301
0 0.803761 0.495334 0.049675 0.032393
0 0.445333 0.414899 0.041854 0.021397
0 0.521703 0.410264 0.042639 0.023721
0 0.581782 0.412770 0.037799 0.020446
0 0.639713 0.407595 0.045227 0.027195
0 0.174564 0.528001 0.041246 0.048738
0 0.863279 0.494704 0.038649 0.031753
0 0.747611 0.509267 0.054107 0.038479
0 0.051581 0.659999 0.078166 0.079064
0 0.765898 0.530477 0.055719 0.034173
0 0.821567 0.517339 0.054838 0.037079
0 0.105204 0.557782 0.047166 0.058517
0 0.624114 0.533382 0.062240 0.038057
0 0.701517 0.411314 0.043849 0.018620
0 0.755053 0.410192 0.041729 0.026304
0 0.511968 0.550389 0.077093 0.038057
0 0.652899 0.570819 0.073623 0.043131
0 0.170063 0.486558 0.036512 0.034918
0 0.183205 0.451521 0.053521 0.034099
