0 0.757304 0.420090 0.034272 0.025400
0 0.768892 0.467415 0.034025 0.038069
0 0.799889 0.405392 0.028428 0.024380
0 0.826370 0.399926 0.025679 0.020396
0 0.801232 0.458031 0.024371 0.027415
0 0.811280 0.423395 0.029348 0.028290
0 0.828905 0.448303 0.028604 0.030693
0 0.151839 0.577786 0.059325 0.060603
0 0.284391 0.447662 0.045631 0.030121
0 0.345815 0.430825 0.039955 0.024973
0 0.412011 0.417502 0.051603 0.028864
0 0.841736 0.417003 0.028670 0.026966
0 0.822527 0.473731 0.039433 0.031991
0 0.846001 0.499184 0.040792 0.034173
0 0.868761 0.455137 0.027843 0.030713
0 0.784361 0.506907 0.048427 0.035210
0 0.494003 0.416490 0.043849 0.021061
0 0.565123 0.410160 0.041729 0.026283
0 0.897857 0.484818 0.034795 0.034215
0 0.639926 0.411224 0.039224 0.020438
0 0.666409 0.527679 0.064374 0.034497
0 0.154912 0.462543 0.050018 0.037735
0 0.047131 0.477862 0.055553 0.035938
0 0.231877 0.466331 0.044645 0.046035
0 0.764005 0.550368 0.061870 0.040432
0 0.961744 0.502284 0.056732 0.036951
0 0.487205 0.630295 0.078562 0.055939
0 0.242069 0.428351 0.048421 0.026051
