0 0.795853 0.440080 0.027794 0.025400
0 0.837531 0.442354 0.030785 0.027122
0 0.864245 0.450350 0.024755 0.032195
0 0.856856 0.431382 0.027394 0.024722
0 0.281520 0.467686 0.031709 0.036082
0 0.343453 0.508091 0.061430 0.048883
0 0.253496 0.481043 0.034675 0.037267
0 0.265351 0.452617 0.030477 0.027758
0 0.151346 0.467550 0.053199 0.037814
0 0.253428 0.515523 0.043436 0.047174
0 0.335993 0.427064 0.043077 0.029909
0 0.162370 0.509341 0.041082 0.042255
0 0.842917 0.472268 0.037142 0.028974
0 0.399456 0.420576 0.043780 0.026589
0 0.883918 0.477288 0.037391 0.032256
0 0.789761 0.478396 0.039838 0.030356
0 0.463177 0.416183 0.046743 0.024757
0 0.983040 0.496635 0.033920 0.035278
0 0.142046 0.492340 0.042083 0.037612
0 0.503640 0.404451 0.041155 0.026241
0 0.554031 0.413568 0.039432 0.024226
0 0.897793 0.511577 0.062950 0.036409
0 0.785458 0.496550 0.060118 0.030907
0 0.926248 0.537893 0.051868 0.036741
0 0.816606 0.515904 0.061983 0.040632
0 0.730282 0.520581 0.065810 0.036299
0 0.856726 0.540172 0.028732 0.037425
0 0.724696 0.580853 0.031622 0.043753
0 0.625411 0.410004 0.040780 0.024851
0 0.643872 0.392667 0.042949 0.020579
0 0.372111 0.413432 0.037649 0.032463
0 0.693117 0.570707 0.076083 0.041052
0 0.604623 0.528243 0.061642 0.036303
0 0.580533 0.560647 0.069762 0.041052
0 0.702604 0.413068 0.042382 0.022507
0 0.810796 0.414636 0.048578 0.025132
0 0.571511 0.397875 0.047088 0.023687
0 0.048632 0.487819 0.072264 0.038266
0 0.451879 0.402390 0.047370 0.018762
0 0.753816 0.405160 0.041441 0.019881
0 0.733628 0.382964 0.039245 0.019881
0 0.109645 0.464882 0.052407 0.035116
0 0.376991 0.538634 0.113564 0.062268
0 0.303245 0.582156 0.081261 0.046525
0 0.320227 0.415154 0.042585 0.021672
0 0.253022 0.539457 0.061801 0.034137
0 0.266961 0.440739 0.046412 0.030205
0 0.173948 0.559669 0.066193 0.047639
0 0.873659 0.415723 0.046643 0.020058
0 0.216901 0.440177 0.043023 0.029647
0 0.064320 0.580604 0.062749 0.039762
0 0.512738 0.518978 0.067862 0.037239
0 0.370721 0.712482 0.105919 0.079845
0 0.840211 0.394279 0.037493 0.022663
0 0.202697 0.510439 0.045818 0.051230
0 0.195726 0.478519 0.048117 0.037080
