0 0.379540 0.392265 0.033908 0.027073
0 0.428105 0.428564 0.029293 0.031306
0 0.101560 0.443760 0.049507 0.024876
0 0.366164 0.484701 0.061297 0.039295
0 0.393300 0.377689 0.040592 0.023821
0 0.174707 0.425094 0.040134 0.022893
0 0.289385 0.514501 0.073691 0.044685
0 0.422268 0.399654 0.024830 0.025523
0 0.441806 0.383970 0.025188 0.023256
0 0.621267 0.414996 0.038938 0.027308
0 0.454657 0.410857 0.026891 0.031491
0 0.416302 0.464548 0.040764 0.033633
0 0.506753 0.422219 0.043985 0.081049
0 0.360627 0.518687 0.061154 0.046733
0 0.204394 0.533206 0.068603 0.040938
0 0.422200 0.504482 0.053879 0.040855
0 0.478687 0.470791 0.039616 0.032696
0 0.262481 0.572081 0.066655 0.043428
0 0.428080 0.541785 0.063777 0.047421
0 0.448701 0.466654 0.037732 0.028449
0 0.025631 0.460336 0.051262 0.030603
0 0.275003 0.402084 0.031813 0.026049
0 0.467176 0.438212 0.029610 0.031259
0 0.182956 0.598020 0.076611 0.053748
0 0.328653 0.580628 0.062849 0.055096
0 0.324009 0.387760 0.027952 0.024007
0 0.148220 0.417101 0.040814 0.027218
0 0.051485 0.706494 0.097587 0.091227
0 0.184864 0.654621 0.067387 0.056254
0 0.163234 0.726332 0.104431 0.103837
