0 0.422311 0.403113 0.026262 0.019370
0 0.372229 0.399424 0.037128 0.021811
0 0.422264 0.391708 0.029831 0.020859
0 0.435294 0.374072 0.026066 0.021258
0 0.425778 0.425336 0.027638 0.025587
0 0.455267 0.417485 0.023485 0.025329
0 0.463430 0.438939 0.033511 0.027831
0 0.430693 0.461139 0.045960 0.032895
0 0.498077 0.402963 0.027912 0.031314
0 0.468261 0.395320 0.024121 0.023617
0 0.383657 0.482552 0.052845 0.034325
0 0.496587 0.434216 0.033962 0.029810
0 0.332444 0.509616 0.060461 0.032213
0 0.138455 0.428940 0.050877 0.033198
0 0.220067 0.417646 0.047037 0.027990
0 0.284353 0.406761 0.041656 0.023811
0 0.826501 0.354265 0.060305 0.043829
0 0.224008 0.529888 0.068969 0.042282
0 0.479549 0.465695 0.042908 0.021851
0 0.546472 0.448981 0.042791 0.030039
0 0.340846 0.398197 0.040664 0.022326
0 0.623840 0.429873 0.040217 0.029610
0 0.136376 0.546687 0.073476 0.045180
0 0.534613 0.432217 0.031284 0.026847
0 0.483360 0.485254 0.052769 0.036486
0 0.522031 0.401824 0.026243 0.025024
0 0.438676 0.516261 0.064824 0.038580
0 0.387428 0.387731 0.035557 0.018995
0 0.051846 0.574029 0.081478 0.053995
0 0.566483 0.474849 0.044792 0.031317
0 0.056013 0.440958 0.053608 0.034782
0 0.335151 0.557620 0.081063 0.045251
0 0.315187 0.530074 0.075914 0.039672
0 0.240657 0.590239 0.084506 0.044568
0 0.115881 0.613746 0.083723 0.049304
0 0.123133 0.574764 0.080052 0.042957
