0 0.423014 0.403930 0.026262 0.019370
0 0.374666 0.399982 0.036851 0.021811
0 0.425454 0.392066 0.029831 0.020859
0 0.457463 0.389265 0.029756 0.022470
0 0.425933 0.425967 0.027638 0.025587
0 0.456219 0.420404 0.023485 0.025329
0 0.461468 0.440039 0.033511 0.027831
0 0.429020 0.462834 0.045960 0.032895
0 0.506737 0.411428 0.027912 0.031314
0 0.478045 0.407875 0.024121 0.023617
0 0.381222 0.484698 0.052845 0.034325
0 0.494296 0.439201 0.033962 0.029810
0 0.301563 0.515488 0.060461 0.035873
0 0.162030 0.424914 0.048947 0.033198
0 0.237353 0.414646 0.048121 0.027727
0 0.299520 0.405133 0.041656 0.023811
0 0.779127 0.372844 0.071663 0.050271
0 0.210617 0.534142 0.070412 0.035522
0 0.702358 0.407518 0.034356 0.021879
0 0.431623 0.485820 0.042908 0.021851
0 0.491249 0.468306 0.046514 0.031815
0 0.363942 0.393885 0.039827 0.019873
0 0.552946 0.414333 0.021035 0.026986
0 0.558823 0.458751 0.044324 0.031866
0 0.134161 0.548011 0.073476 0.045180
0 0.712426 0.389014 0.032319 0.018315
0 0.529071 0.444576 0.039332 0.025429
0 0.448556 0.502641 0.057515 0.041601
0 0.524539 0.402650 0.023194 0.025024
0 0.371493 0.531871 0.072318 0.041293
0 0.412164 0.384855 0.033901 0.017522
0 0.047748 0.575088 0.081478 0.053995
0 0.472724 0.521218 0.061093 0.040595
0 0.059514 0.440802 0.054291 0.035635
0 0.252084 0.583383 0.086735 0.045251
0 0.174946 0.568841 0.084662 0.046307
0 0.080362 0.639189 0.096400 0.052665
