0 0.789193 0.436216 0.028593 0.025400
0 0.831349 0.430119 0.030785 0.027122
0 0.859140 0.440413 0.023097 0.030964
0 0.855071 0.428871 0.027394 0.024722
0 0.682998 0.507956 0.064095 0.038069
0 0.866769 0.529979 0.070525 0.038720
0 0.839660 0.454021 0.037142 0.028974
0 0.205268 0.526722 0.042966 0.049838
0 0.883833 0.466514 0.025724 0.031875
0 0.796877 0.471063 0.039838 0.030356
0 0.264380 0.502383 0.036610 0.047663
0 0.830105 0.482526 0.041399 0.028290
0 0.300332 0.439307 0.050707 0.030191
0 0.250248 0.465173 0.033773 0.037187
0 0.348859 0.425909 0.046388 0.023451
0 0.415515 0.417221 0.042377 0.024907
0 0.800992 0.496583 0.049675 0.032393
0 0.484233 0.412789 0.041854 0.019415
0 0.546457 0.410545 0.042639 0.023721
0 0.619740 0.412777 0.035443 0.018741
0 0.686629 0.409568 0.045227 0.027195
0 0.196300 0.493402 0.038701 0.041873
0 0.859310 0.496254 0.040899 0.033403
0 0.746011 0.509500 0.054107 0.038479
0 0.141283 0.564532 0.053151 0.055142
0 0.678555 0.531653 0.066609 0.039457
0 0.769881 0.528077 0.067252 0.037300
0 0.141094 0.498919 0.043545 0.043500
0 0.486708 0.539914 0.062240 0.038057
0 0.760457 0.414415 0.043849 0.018620
0 0.816586 0.413715 0.041729 0.026590
0 0.344913 0.548589 0.077093 0.038057
0 0.314573 0.582830 0.078508 0.043131
0 0.202169 0.453472 0.040823 0.031736
