0 0.801799 0.445453 0.025470 0.034031
0 0.806182 0.477155 0.047675 0.030486
0 0.924967 0.498262 0.059873 0.032509
0 0.695518 0.523398 0.066655 0.039476
0 0.799920 0.502141 0.053500 0.033339
0 0.739808 0.416927 0.039031 0.026064
0 0.766472 0.405199 0.039528 0.021408
0 0.292923 0.452452 0.037069 0.036947
0 0.835582 0.409874 0.039310 0.026295
0 0.254035 0.461898 0.035473 0.030440
0 0.657530 0.550453 0.075434 0.039830
0 0.800410 0.416779 0.037018 0.024757
0 0.862993 0.416749 0.039293 0.027447
0 0.467220 0.414680 0.046410 0.026258
0 0.447732 0.521347 0.068703 0.036761
0 0.485136 0.570410 0.065566 0.038261
0 0.380042 0.551023 0.072467 0.037511
0 0.848507 0.541823 0.026201 0.031665
0 0.231296 0.565269 0.071903 0.043811
0 0.803467 0.397970 0.033789 0.019797
0 0.096818 0.552381 0.072569 0.039387
0 0.919884 0.414156 0.038213 0.025455
0 0.177606 0.535489 0.073183 0.039972
0 0.281205 0.779845 0.051471 0.062354
0 0.350412 0.590864 0.035236 0.039425
0 0.513182 0.402235 0.040695 0.026998
0 0.410732 0.413421 0.044027 0.026535
0 0.670796 0.413264 0.044237 0.030197
0 0.227907 0.485166 0.044438 0.046138
0 0.593759 0.407216 0.042940 0.024391
0 0.355576 0.423246 0.046578 0.030749
