0 0.771555 0.429861 0.034272 0.025400
0 0.800560 0.400845 0.031387 0.023232
0 0.826204 0.397314 0.030480 0.025093
0 0.729179 0.500658 0.056661 0.038069
0 0.827812 0.431462 0.029009 0.027693
0 0.862183 0.440895 0.031626 0.031692
0 0.801014 0.463362 0.024371 0.027415
0 0.833008 0.457750 0.026682 0.028290
0 0.053151 0.493217 0.063402 0.032258
0 0.088146 0.679083 0.091089 0.080520
0 0.097914 0.472652 0.051706 0.024426
0 0.205708 0.452133 0.051716 0.031379
0 0.821100 0.482483 0.038636 0.032393
0 0.278300 0.450540 0.043744 0.032563
0 0.378734 0.424940 0.042639 0.023721
0 0.440391 0.418676 0.037976 0.020574
0 0.548370 0.408532 0.045227 0.027195
0 0.873402 0.466516 0.028670 0.031629
0 0.785459 0.497253 0.047075 0.032714
0 0.798808 0.521639 0.055719 0.034173
0 0.844135 0.503970 0.045800 0.035236
0 0.722592 0.528890 0.056070 0.035225
0 0.636563 0.413309 0.043849 0.021061
0 0.693846 0.410911 0.041729 0.026283
0 0.821285 0.538034 0.063919 0.035416
0 0.062662 0.639467 0.077822 0.066495
0 0.751999 0.411571 0.039224 0.020438
0 0.321002 0.660596 0.091180 0.071683
0 0.281330 0.426199 0.045930 0.033720
0 0.147497 0.456389 0.049322 0.032759
0 0.284722 0.739478 0.114064 0.084038
0 0.188803 0.824473 0.055138 0.054618
