0 0.795736 0.440011 0.027808 0.025400
0 0.837422 0.442137 0.030785 0.027122
0 0.864187 0.450249 0.024612 0.032089
0 0.856824 0.431337 0.027394 0.024722
0 0.281292 0.468337 0.031658 0.036385
0 0.344690 0.508606 0.062141 0.048883
0 0.253670 0.481245 0.035075 0.037371
0 0.265216 0.453029 0.029314 0.028292
0 0.116449 0.474943 0.056094 0.041026
0 0.252861 0.516243 0.043542 0.047299
0 0.327197 0.428682 0.043077 0.029909
0 0.162212 0.509482 0.041082 0.042255
0 0.842917 0.472268 0.037142 0.028974
0 0.391483 0.422217 0.043780 0.026589
0 0.883441 0.475550 0.034280 0.032154
0 0.790078 0.478396 0.039838 0.030356
0 0.453327 0.417474 0.046743 0.024757
0 0.142017 0.492555 0.042083 0.037612
0 0.490865 0.404789 0.041155 0.026241
0 0.541540 0.413637 0.039432 0.024226
0 0.924515 0.507111 0.060287 0.035602
0 0.793131 0.495217 0.057844 0.030209
0 0.946834 0.534108 0.048951 0.036741
0 0.843564 0.511412 0.061792 0.037792
0 0.757154 0.517395 0.064654 0.036299
0 0.883526 0.535381 0.027715 0.036617
0 0.725213 0.580199 0.031622 0.043753
0 0.609783 0.409935 0.040780 0.024851
0 0.624991 0.393014 0.042949 0.020579
0 0.358609 0.414438 0.032227 0.032463
0 0.732443 0.567798 0.075733 0.041052
0 0.628371 0.524919 0.059320 0.035748
0 0.628635 0.554522 0.066983 0.041052
0 0.688301 0.412241 0.042382 0.022507
0 0.795295 0.414783 0.048578 0.025132
0 0.551817 0.397561 0.047088 0.023761
0 0.437374 0.403600 0.047370 0.018762
0 0.736469 0.404130 0.041441 0.019881
0 0.715666 0.381052 0.039245 0.019881
0 0.079122 0.471093 0.053346 0.037595
0 0.421198 0.535791 0.113564 0.062268
0 0.356824 0.580316 0.081261 0.046525
0 0.299345 0.419859 0.044987 0.022560
0 0.297369 0.540211 0.061801 0.035640
0 0.256891 0.443178 0.046412 0.030205
0 0.217315 0.560480 0.066193 0.047639
0 0.859471 0.415520 0.046643 0.020058
0 0.193002 0.445329 0.046329 0.031319
0 0.108247 0.580604 0.062749 0.039762
0 0.536724 0.518486 0.069221 0.037239
0 0.414334 0.694419 0.097257 0.075514
0 0.814765 0.393362 0.037493 0.022663
0 0.202356 0.510807 0.045859 0.051381
0 0.195465 0.478692 0.048146 0.037195
