0 0.036291 0.671064 0.072582 0.068379
0 0.143235 0.631061 0.064028 0.060729
0 0.255919 0.483538 0.040648 0.050534
0 0.821491 0.423952 0.028575 0.024820
0 0.817336 0.446136 0.023086 0.029415
0 0.382035 0.422670 0.043849 0.024092
0 0.444149 0.417656 0.041729 0.026283
0 0.494221 0.402461 0.042752 0.020438
0 0.767181 0.440608 0.031799 0.032296
0 0.873685 0.452999 0.031551 0.028869
0 0.854790 0.425813 0.032668 0.027263
0 0.792714 0.495604 0.041311 0.033965
0 0.648867 0.545169 0.060014 0.042887
0 0.054108 0.482760 0.061969 0.038592
0 0.685720 0.408496 0.035069 0.023962
0 0.502018 0.602970 0.080416 0.058122
0 0.740339 0.586503 0.067306 0.050848
0 0.711191 0.547526 0.060614 0.045687
0 0.163960 0.534173 0.048608 0.047632
0 0.153649 0.451384 0.047571 0.031444
0 0.625551 0.397256 0.040698 0.022552
0 0.726486 0.401526 0.034215 0.015542
0 0.165807 0.466872 0.053165 0.037539
0 0.235550 0.434605 0.046592 0.030657
0 0.288987 0.441175 0.047181 0.026428
0 0.077818 0.820095 0.115045 0.089482
