0 0.424421 0.405564 0.026262 0.019370
0 0.379541 0.401098 0.036297 0.021811
0 0.429637 0.394770 0.029831 0.020859
0 0.470804 0.398850 0.025593 0.023920
0 0.426241 0.427231 0.027638 0.025587
0 0.456842 0.423491 0.024475 0.025253
0 0.452461 0.446388 0.033511 0.027831
0 0.420437 0.467130 0.052780 0.033776
0 0.510080 0.417297 0.027912 0.031314
0 0.481685 0.417001 0.024121 0.023617
0 0.365271 0.488274 0.059961 0.032693
0 0.485138 0.450423 0.033962 0.029810
0 0.060424 0.448616 0.046225 0.036289
0 0.293554 0.514703 0.060461 0.035873
0 0.216696 0.416055 0.047358 0.037363
0 0.737084 0.378112 0.029940 0.021224
0 0.019766 0.451943 0.039533 0.033236
0 0.298145 0.405178 0.048264 0.027693
0 0.360826 0.393247 0.038018 0.025933
0 0.640866 0.427255 0.096942 0.070182
0 0.207309 0.537279 0.069040 0.043885
0 0.546929 0.488256 0.052033 0.034932
0 0.285779 0.537424 0.057516 0.033247
0 0.387666 0.506312 0.058370 0.038185
0 0.420820 0.382419 0.036626 0.016148
0 0.448832 0.511118 0.022340 0.035240
0 0.322740 0.549055 0.073756 0.044269
0 0.129731 0.550660 0.073476 0.045180
0 0.527994 0.468732 0.044171 0.027803
0 0.466255 0.480182 0.049730 0.031913
0 0.216007 0.591135 0.087385 0.058452
0 0.532395 0.409695 0.023194 0.025024
0 0.134703 0.602267 0.082783 0.049389
0 0.321803 0.613271 0.024846 0.041052
0 0.102106 0.665833 0.096074 0.058871
