0 0.362687 0.389645 0.037116 0.027073
0 0.425569 0.404841 0.024057 0.031306
0 0.414534 0.446794 0.032188 0.031495
0 0.372247 0.486811 0.066639 0.039034
0 0.406816 0.387999 0.038660 0.026770
0 0.427270 0.427586 0.024285 0.030537
0 0.419828 0.364824 0.084891 0.037926
0 0.424966 0.468301 0.039015 0.036602
0 0.303288 0.507130 0.068603 0.034570
0 0.466428 0.418585 0.023964 0.027681
0 0.452427 0.400268 0.024654 0.028264
0 0.285795 0.535844 0.065263 0.038059
0 0.251773 0.571047 0.072664 0.049504
0 0.476809 0.448193 0.028704 0.023291
0 0.496342 0.389997 0.033035 0.027013
0 0.073756 0.448638 0.045291 0.028737
0 0.459444 0.477214 0.059879 0.052021
0 0.143253 0.608329 0.093220 0.053476
0 0.662476 0.423499 0.038216 0.027443
0 0.407219 0.514649 0.053252 0.039817
0 0.353063 0.520652 0.047840 0.030966
0 0.546757 0.479694 0.041577 0.032906
0 0.136043 0.664965 0.095549 0.064665
0 0.162841 0.418084 0.035075 0.025268
0 0.079422 0.564126 0.064035 0.040512
0 0.260523 0.397882 0.037113 0.027908
0 0.338130 0.559011 0.070932 0.047710
0 0.050884 0.677155 0.097622 0.071411
0 0.117908 0.753496 0.095815 0.097228
