0 0.803246 0.475330 0.032399 0.032330
0 0.790056 0.405581 0.039194 0.026948
0 0.844800 0.466631 0.025907 0.029728
0 0.675793 0.517120 0.064776 0.043255
0 0.416583 0.526982 0.073183 0.039540
0 0.238209 0.550234 0.073179 0.048614
0 0.224354 0.528468 0.067762 0.038243
0 0.833096 0.414591 0.039031 0.022023
0 0.836614 0.403350 0.040107 0.019871
0 0.423075 0.413253 0.046080 0.036947
0 0.888865 0.406938 0.041741 0.024011
0 0.373659 0.420561 0.044452 0.031778
0 0.087194 0.563832 0.079715 0.044077
0 0.909723 0.418704 0.037018 0.024757
0 0.606845 0.404490 0.045414 0.026258
0 0.284955 0.583499 0.039031 0.035650
0 0.565908 0.399149 0.041073 0.024260
0 0.704142 0.417282 0.044237 0.030197
0 0.324613 0.430750 0.051784 0.036734
0 0.654021 0.410556 0.044059 0.023382
0 0.503028 0.407851 0.041615 0.027766
