0 0.638083 0.525030 0.054105 0.046484
0 0.095892 0.613216 0.069008 0.070586
0 0.234367 0.479279 0.050310 0.050165
0 0.423796 0.656685 0.095514 0.067743
0 0.637835 0.391560 0.039133 0.023680
0 0.817375 0.443739 0.041267 0.029952
0 0.772404 0.560827 0.074320 0.052901
0 0.794832 0.521035 0.056643 0.044946
0 0.852677 0.489816 0.030484 0.036584
0 0.710582 0.514940 0.061686 0.039361
0 0.763233 0.486367 0.035627 0.036657
0 0.706561 0.404918 0.030852 0.025124
0 0.888698 0.464195 0.033400 0.035714
0 0.193071 0.534052 0.060879 0.063176
0 0.500222 0.410254 0.045846 0.026467
0 0.859273 0.430043 0.037047 0.032384
0 0.758375 0.406232 0.027843 0.025519
0 0.788114 0.419975 0.040639 0.027693
0 0.668355 0.412893 0.044059 0.023382
0 0.564926 0.405019 0.041615 0.027766
