0 0.797603 0.441095 0.027584 0.025400
0 0.837440 0.444640 0.030785 0.027122
0 0.865103 0.451858 0.026876 0.033770
0 0.857325 0.432041 0.027394 0.024722
0 0.288361 0.456196 0.032408 0.032045
0 0.324157 0.500234 0.050869 0.048883
0 0.250899 0.478044 0.028725 0.035715
0 0.361626 0.426794 0.037018 0.024757
0 0.439916 0.416494 0.043300 0.027500
0 0.261857 0.504817 0.041872 0.045311
0 0.803534 0.465398 0.029475 0.030056
0 0.512810 0.410984 0.037277 0.025778
0 0.164709 0.507243 0.041082 0.042255
0 0.828030 0.485510 0.054931 0.031180
0 0.908615 0.520767 0.057331 0.036555
0 0.890590 0.495740 0.058878 0.032614
0 0.405166 0.400778 0.039528 0.019619
0 0.301013 0.414665 0.034421 0.021386
0 0.588743 0.411132 0.040957 0.021360
0 0.826637 0.532406 0.064792 0.045652
0 0.736829 0.519775 0.074265 0.041412
0 0.481514 0.395831 0.036996 0.019881
0 0.670702 0.558034 0.069505 0.045913
0 0.568713 0.542355 0.066265 0.038280
0 0.535874 0.519707 0.062801 0.036191
0 0.670616 0.414445 0.046743 0.024757
0 0.309854 0.426877 0.043152 0.025883
0 0.551214 0.571841 0.077947 0.043138
0 0.242124 0.443621 0.049213 0.030295
0 0.550742 0.402507 0.039868 0.020839
0 0.744903 0.409395 0.045532 0.027352
0 0.809044 0.414543 0.039432 0.024226
0 0.425370 0.566730 0.079709 0.049003
0 0.407488 0.530731 0.071556 0.039669
0 0.253481 0.591906 0.071920 0.041262
0 0.244766 0.553183 0.071526 0.042763
0 0.156565 0.542116 0.066677 0.036299
0 0.168852 0.586346 0.035778 0.043429
0 0.185262 0.444452 0.046162 0.028667
0 0.667527 0.610451 0.031622 0.043753
0 0.873741 0.413431 0.043135 0.019537
0 0.848749 0.398552 0.049235 0.020579
0 0.650134 0.400312 0.041392 0.021621
0 0.392925 0.416720 0.045929 0.026633
0 0.207768 0.504974 0.045210 0.048986
0 0.199605 0.475945 0.047684 0.035355
