0 0.427234 0.408831 0.026262 0.019370
0 0.389289 0.403330 0.035189 0.021811
0 0.432081 0.394294 0.029831 0.020859
0 0.474391 0.401645 0.025061 0.024105
0 0.426857 0.429759 0.027638 0.025587
0 0.456502 0.426269 0.027677 0.025006
0 0.447152 0.450764 0.033511 0.027831
0 0.414683 0.469939 0.052780 0.033776
0 0.510896 0.418539 0.027912 0.031314
0 0.482116 0.435921 0.024804 0.024295
0 0.038976 0.454949 0.053400 0.028507
0 0.111768 0.438491 0.043093 0.027378
0 0.358570 0.491814 0.059961 0.032693
0 0.182449 0.422931 0.035185 0.021010
0 0.480073 0.457108 0.040463 0.027975
0 0.264031 0.409656 0.038985 0.025630
0 0.649729 0.410038 0.039778 0.024136
0 0.289969 0.520718 0.060461 0.035873
0 0.397136 0.386225 0.039559 0.024735
0 0.553013 0.446218 0.043684 0.031662
0 0.780434 0.366295 0.027503 0.019226
0 0.710477 0.402748 0.034935 0.025604
0 0.111477 0.423511 0.047402 0.020592
0 0.440275 0.488695 0.053754 0.032238
0 0.654448 0.431876 0.036793 0.023279
0 0.224577 0.550140 0.068738 0.039049
0 0.519780 0.485502 0.052784 0.033359
0 0.614317 0.450572 0.037666 0.027969
0 0.447433 0.520035 0.062308 0.045279
0 0.368894 0.514590 0.068614 0.040029
0 0.143727 0.398501 0.056273 0.037250
0 0.188551 0.410636 0.040969 0.021624
0 0.448399 0.377788 0.041211 0.020839
0 0.249972 0.400273 0.038071 0.024334
0 0.057986 0.422670 0.045582 0.022793
0 0.246725 0.569619 0.066971 0.043117
0 0.504366 0.370945 0.036103 0.023757
0 0.107738 0.574603 0.070913 0.046433
