0 0.377305 0.392265 0.038380 0.027073
0 0.426264 0.415893 0.024057 0.031306
0 0.035507 0.459221 0.050151 0.025867
0 0.398583 0.467122 0.046147 0.031495
0 0.387341 0.377034 0.037615 0.022131
0 0.107922 0.441390 0.040134 0.022893
0 0.325389 0.502428 0.073691 0.044685
0 0.667260 0.397677 0.037840 0.026178
0 0.431869 0.393318 0.034698 0.026779
0 0.426452 0.445977 0.034061 0.033633
0 0.483326 0.393967 0.062071 0.065756
0 0.394895 0.496151 0.057476 0.044239
0 0.249432 0.523952 0.068603 0.040938
0 0.480320 0.463089 0.036113 0.038620
0 0.502242 0.437842 0.029738 0.028956
0 0.313574 0.541203 0.058748 0.043854
0 0.562326 0.468154 0.048816 0.034728
0 0.459665 0.454672 0.030715 0.029783
0 0.180601 0.425211 0.039654 0.026049
0 0.460317 0.420946 0.029610 0.031259
0 0.252635 0.554882 0.068940 0.045254
0 0.458436 0.503225 0.051983 0.044963
0 0.256750 0.407898 0.040659 0.028215
0 0.131621 0.420355 0.041340 0.024793
0 0.176979 0.609654 0.089124 0.058737
0 0.315099 0.570549 0.060233 0.045913
0 0.362740 0.577922 0.076094 0.052736
0 0.318975 0.388667 0.028329 0.023358
0 0.163080 0.673791 0.105395 0.094969
0 0.080200 0.788867 0.103220 0.095840
