0 0.431957 0.412842 0.025851 0.023031
0 0.393266 0.404287 0.034810 0.021811
0 0.433028 0.396145 0.029831 0.022132
0 0.477899 0.406547 0.025061 0.026872
0 0.415605 0.454551 0.033443 0.030088
0 0.394823 0.478011 0.050755 0.033311
0 0.336607 0.496189 0.054405 0.032421
0 0.265201 0.516505 0.069448 0.033916
0 0.797363 0.374886 0.030649 0.019197
0 0.735148 0.389272 0.031620 0.026087
0 0.020638 0.460005 0.041276 0.032205
0 0.683724 0.414530 0.036289 0.027264
0 0.678238 0.397996 0.040725 0.020353
0 0.617070 0.442406 0.030640 0.034099
0 0.091991 0.443942 0.041436 0.028067
0 0.231974 0.413134 0.054859 0.027561
0 0.589798 0.433281 0.042512 0.029013
0 0.306176 0.399348 0.046882 0.028245
0 0.559370 0.467144 0.053102 0.035636
0 0.460739 0.472016 0.053439 0.037443
0 0.360170 0.523613 0.067435 0.039794
0 0.440345 0.517586 0.056093 0.040267
0 0.249792 0.543687 0.065123 0.039084
0 0.375409 0.389758 0.040668 0.019874
0 0.439263 0.381353 0.038900 0.021143
0 0.282125 0.576313 0.074283 0.048631
0 0.185410 0.577080 0.080820 0.046514
0 0.069841 0.573249 0.073563 0.051588
0 0.500403 0.371654 0.030802 0.019874
0 0.162921 0.415472 0.044947 0.027908
0 0.086122 0.419980 0.039214 0.026637
