0 0.789516 0.436404 0.028554 0.025400
0 0.831649 0.430713 0.030785 0.027122
0 0.859761 0.441640 0.023097 0.030964
0 0.855158 0.428993 0.027394 0.024722
0 0.680843 0.508284 0.064095 0.038069
0 0.825934 0.537030 0.073765 0.038720
0 0.840744 0.456507 0.037142 0.028974
0 0.214931 0.514665 0.041005 0.045821
0 0.883744 0.466735 0.025724 0.031875
0 0.796200 0.471767 0.039838 0.030356
0 0.268303 0.493088 0.034654 0.044818
0 0.829167 0.483212 0.041399 0.028290
0 0.041349 0.493206 0.053297 0.033098
0 0.313767 0.436821 0.050449 0.029578
0 0.257413 0.452242 0.037256 0.032244
0 0.366975 0.423396 0.046388 0.023451
0 0.432357 0.414832 0.042377 0.024695
0 0.799469 0.497271 0.049675 0.032393
0 0.512259 0.411555 0.041854 0.019068
0 0.574298 0.410595 0.042639 0.023721
0 0.651821 0.413210 0.035031 0.018443
0 0.721965 0.410490 0.045227 0.027195
0 0.198395 0.489933 0.038699 0.040137
0 0.857126 0.497106 0.042137 0.034311
0 0.745131 0.509629 0.054107 0.038479
0 0.148336 0.552824 0.050978 0.053115
0 0.629615 0.536941 0.066609 0.039457
0 0.723006 0.533895 0.070204 0.037656
0 0.165812 0.476292 0.046375 0.038877
0 0.387429 0.542286 0.062240 0.038057
0 0.794763 0.414958 0.043849 0.018620
0 0.849899 0.414475 0.041729 0.026640
0 0.212378 0.550911 0.077093 0.038057
0 0.101624 0.578762 0.078508 0.043131
0 0.229706 0.442492 0.043144 0.030022
