0 0.568419 0.564526 0.057022 0.050119
0 0.268943 0.456089 0.051689 0.036198
0 0.394982 0.410470 0.037863 0.032509
0 0.418733 0.552060 0.067895 0.060164
0 0.692968 0.561735 0.074885 0.054714
0 0.769360 0.539352 0.059926 0.047140
0 0.638031 0.536992 0.061686 0.048401
0 0.711173 0.520445 0.057194 0.041904
0 0.780233 0.472887 0.036341 0.034420
0 0.828710 0.519825 0.057773 0.046296
0 0.216840 0.510392 0.064769 0.071367
0 0.897659 0.498308 0.058574 0.039983
0 0.352756 0.426139 0.053766 0.031566
0 0.507094 0.410580 0.045846 0.031869
0 0.887600 0.453452 0.037047 0.039983
0 0.859053 0.428815 0.035276 0.031566
0 0.777669 0.428136 0.034176 0.032618
0 0.816120 0.436257 0.041446 0.032618
0 0.675545 0.413834 0.044059 0.023382
0 0.567055 0.404830 0.041615 0.027766
