0 0.433987 0.414307 0.025602 0.025247
0 0.396046 0.404740 0.034810 0.021811
0 0.434771 0.397776 0.029831 0.023299
0 0.478073 0.409256 0.025061 0.030623
0 0.411646 0.459619 0.037711 0.033051
0 0.384231 0.485365 0.058712 0.033311
0 0.023316 0.424533 0.042904 0.033487
0 0.320496 0.502552 0.054405 0.032421
0 0.647613 0.416875 0.036130 0.025211
0 0.766048 0.375733 0.033389 0.024317
0 0.555364 0.450712 0.047691 0.033463
0 0.239260 0.521315 0.069448 0.032992
0 0.634258 0.439358 0.045715 0.027960
0 0.057986 0.447409 0.049196 0.030638
0 0.102018 0.433619 0.044817 0.029348
0 0.240439 0.410474 0.043108 0.029893
0 0.409649 0.499172 0.054969 0.037658
0 0.520091 0.484426 0.054059 0.039619
0 0.159614 0.428089 0.046170 0.025461
0 0.198457 0.409262 0.049350 0.024198
0 0.414730 0.534095 0.064322 0.042364
0 0.305537 0.523713 0.062375 0.039763
0 0.276841 0.559459 0.077441 0.044165
0 0.315557 0.391735 0.040329 0.022758
0 0.359080 0.390620 0.042170 0.023933
0 0.380871 0.360535 0.047810 0.027423
0 0.184313 0.599730 0.084269 0.052644
0 0.083524 0.582456 0.083138 0.045668
0 0.399144 0.378468 0.035069 0.022552
0 0.494638 0.372762 0.042142 0.022924
