0 0.425309 0.406596 0.026262 0.019370
0 0.382619 0.401803 0.035947 0.021811
0 0.430364 0.394807 0.029831 0.020859
0 0.472659 0.400157 0.025061 0.024105
0 0.426435 0.428029 0.027638 0.025587
0 0.456734 0.424368 0.025486 0.025175
0 0.448418 0.449525 0.033511 0.027831
0 0.418620 0.468017 0.052780 0.033776
0 0.510338 0.417689 0.027912 0.031314
0 0.482525 0.422988 0.024121 0.023617
0 0.360359 0.485635 0.059961 0.032693
0 0.052345 0.454062 0.040433 0.026615
0 0.482187 0.453638 0.035507 0.029434
0 0.122323 0.434388 0.045503 0.025630
0 0.290389 0.513469 0.060461 0.035873
0 0.264482 0.410422 0.044283 0.030657
0 0.710701 0.394895 0.027601 0.019867
0 0.751792 0.388606 0.032818 0.020534
0 0.797208 0.372109 0.022754 0.016737
0 0.697372 0.413143 0.032632 0.026727
0 0.623188 0.421043 0.040377 0.027341
0 0.064840 0.435872 0.040969 0.021624
0 0.337799 0.397926 0.046458 0.021162
0 0.411751 0.384794 0.036103 0.023757
0 0.497592 0.491645 0.145044 0.094801
0 0.189751 0.535348 0.066023 0.044448
0 0.342270 0.560361 0.073033 0.041400
0 0.157039 0.570892 0.065254 0.045638
0 0.275661 0.537040 0.062153 0.048164
0 0.481651 0.376161 0.036626 0.019179
0 0.311454 0.602525 0.031283 0.044113
0 0.082610 0.608853 0.083907 0.059801
0 0.073610 0.565404 0.079469 0.051765
0 0.386996 0.519025 0.055376 0.036911
0 0.386371 0.502913 0.049730 0.034660
