0 0.803012 0.445453 0.023045 0.034031
0 0.787441 0.487068 0.047675 0.030486
0 0.817603 0.512810 0.066585 0.039540
0 0.593822 0.536709 0.073179 0.048614
0 0.682897 0.512729 0.061344 0.038243
0 0.763021 0.418497 0.039031 0.022023
0 0.798995 0.406404 0.041943 0.021408
0 0.324200 0.435564 0.046080 0.036947
0 0.854888 0.408655 0.033384 0.024808
0 0.273323 0.445628 0.035473 0.030440
0 0.474513 0.559176 0.079715 0.044077
0 0.823855 0.416491 0.037018 0.024757
0 0.888377 0.414782 0.039841 0.027130
0 0.511399 0.410581 0.046410 0.026258
0 0.292356 0.525125 0.068703 0.036761
0 0.315194 0.577190 0.065566 0.038261
0 0.230021 0.553971 0.072467 0.037511
0 0.705474 0.560660 0.036836 0.035469
0 0.098864 0.574166 0.071903 0.040062
0 0.830738 0.398844 0.033789 0.019797
0 0.349250 0.421310 0.033667 0.025580
0 0.055634 0.539540 0.073183 0.039972
0 0.197797 0.595185 0.035236 0.039425
0 0.571144 0.401591 0.040695 0.026998
0 0.460881 0.409032 0.044027 0.026535
0 0.695219 0.415668 0.044237 0.030197
0 0.243345 0.471653 0.043808 0.043317
0 0.632037 0.407721 0.044059 0.023382
0 0.396193 0.420146 0.046578 0.030749
