0 0.692934 0.518342 0.052206 0.037743
0 0.843772 0.492169 0.037094 0.032500
0 0.630064 0.389685 0.038816 0.023680
0 0.728901 0.404910 0.039959 0.024592
0 0.748007 0.535888 0.026917 0.041870
0 0.559815 0.530720 0.033184 0.036168
0 0.293895 0.424927 0.044988 0.031968
0 0.161058 0.550110 0.050511 0.052080
0 0.205753 0.478317 0.037075 0.046608
0 0.253304 0.447481 0.030785 0.038351
0 0.464139 0.543232 0.028613 0.040962
0 0.479392 0.675905 0.092580 0.076957
0 0.834478 0.446333 0.030695 0.031556
0 0.798232 0.409979 0.030169 0.027302
0 0.769162 0.488304 0.043716 0.034052
0 0.764715 0.442203 0.028893 0.033274
0 0.840651 0.418615 0.032597 0.025423
0 0.487997 0.411639 0.045846 0.027486
0 0.820834 0.398819 0.031942 0.023905
0 0.664994 0.412345 0.044059 0.023382
0 0.561957 0.405282 0.041615 0.027766
