0 0.432893 0.413517 0.025736 0.024052
0 0.394547 0.404496 0.034810 0.021811
0 0.433831 0.396897 0.029831 0.022670
0 0.477979 0.407796 0.025061 0.028601
0 0.413991 0.457418 0.034276 0.031413
0 0.398165 0.480652 0.050755 0.033311
0 0.332352 0.496891 0.054405 0.032421
0 0.755445 0.376970 0.033691 0.019088
0 0.256201 0.515306 0.069448 0.032992
0 0.040341 0.453468 0.053355 0.031619
0 0.698531 0.397024 0.033164 0.026779
0 0.737735 0.397942 0.034931 0.023939
0 0.668142 0.424707 0.039629 0.027550
0 0.618397 0.421390 0.039089 0.030052
0 0.576101 0.453136 0.046442 0.030739
0 0.166441 0.425972 0.049105 0.028020
0 0.145169 0.402073 0.050274 0.032064
0 0.512391 0.484860 0.052222 0.041953
0 0.463175 0.476863 0.055034 0.034028
0 0.450738 0.514389 0.050508 0.039569
0 0.239009 0.409728 0.038871 0.023976
0 0.342248 0.394592 0.043479 0.022924
0 0.374741 0.523013 0.064049 0.040268
0 0.424803 0.379995 0.041582 0.023609
0 0.328090 0.561629 0.075241 0.051141
0 0.201669 0.554752 0.083486 0.048329
0 0.107064 0.426272 0.045619 0.025371
0 0.055953 0.426533 0.050227 0.022702
0 0.085858 0.604462 0.079793 0.048205
0 0.087746 0.642442 0.081425 0.056461
