0 0.413742 0.396360 0.026262 0.019370
0 0.366714 0.398162 0.037755 0.021811
0 0.426604 0.419636 0.027638 0.025587
0 0.451166 0.409842 0.023485 0.025329
0 0.478342 0.421994 0.027912 0.024420
0 0.434478 0.457303 0.045960 0.032895
0 0.389169 0.477696 0.052845 0.034325
0 0.477943 0.403683 0.027415 0.025368
0 0.469322 0.463345 0.034733 0.034332
0 0.047282 0.454872 0.055295 0.041681
0 0.138060 0.434027 0.045448 0.028584
0 0.225285 0.416335 0.044388 0.025216
0 0.250014 0.521045 0.068969 0.039580
0 0.655852 0.407271 0.035251 0.023582
0 0.705133 0.389729 0.032230 0.023100
0 0.302305 0.403152 0.041667 0.024302
0 0.790005 0.371361 0.029553 0.018318
0 0.160384 0.539567 0.073476 0.045180
0 0.516312 0.408392 0.028946 0.026847
0 0.522352 0.436426 0.027604 0.036345
0 0.467052 0.378027 0.026320 0.022332
0 0.618435 0.443940 0.043846 0.025574
0 0.354172 0.394297 0.035557 0.018995
0 0.077443 0.568280 0.081478 0.053995
0 0.756297 0.386474 0.030995 0.021962
0 0.553217 0.471046 0.048487 0.032785
0 0.323501 0.506737 0.061935 0.031293
0 0.450004 0.515782 0.065286 0.038759
0 0.351734 0.537920 0.062475 0.039012
0 0.408359 0.501881 0.055181 0.039536
0 0.318449 0.525312 0.060105 0.037004
0 0.083728 0.690956 0.102641 0.077508
