0 0.429568 0.411118 0.026144 0.020423
0 0.390513 0.403828 0.034810 0.021811
0 0.431455 0.394297 0.029831 0.020859
0 0.476738 0.403662 0.025061 0.024105
0 0.425841 0.438976 0.028367 0.027967
0 0.449027 0.448638 0.031363 0.029933
0 0.407377 0.476094 0.048768 0.030526
0 0.332440 0.497547 0.063808 0.029638
0 0.056293 0.443449 0.058621 0.027561
0 0.136269 0.431042 0.050964 0.028245
0 0.511492 0.421206 0.027912 0.032079
0 0.797539 0.369768 0.026583 0.016751
0 0.483994 0.447723 0.027248 0.026724
0 0.208397 0.419334 0.042863 0.024774
0 0.258936 0.409479 0.039420 0.022847
0 0.773867 0.384642 0.026839 0.016788
0 0.714915 0.392387 0.032254 0.023938
0 0.242235 0.528084 0.073250 0.039976
0 0.310227 0.404081 0.035185 0.021010
0 0.661892 0.411418 0.038455 0.023168
0 0.456703 0.474702 0.048055 0.034978
0 0.363451 0.392496 0.037329 0.022895
0 0.583197 0.440172 0.042639 0.030826
0 0.601543 0.461480 0.044277 0.035588
0 0.397874 0.505293 0.061942 0.036797
0 0.135517 0.557584 0.070934 0.040530
0 0.488029 0.494167 0.049391 0.035040
0 0.446089 0.379962 0.039559 0.024735
0 0.335716 0.529073 0.069310 0.040911
0 0.036522 0.431447 0.043728 0.028890
0 0.385303 0.542134 0.066815 0.040996
0 0.227070 0.591784 0.079086 0.051413
0 0.275283 0.387710 0.037382 0.019529
0 0.184746 0.411190 0.047402 0.025883
0 0.159353 0.582108 0.072571 0.048000
0 0.081775 0.633565 0.083476 0.054309
