0 0.432404 0.413164 0.025796 0.023518
0 0.393877 0.404387 0.034810 0.021811
0 0.433411 0.396504 0.029831 0.022389
0 0.477937 0.407143 0.025061 0.027697
0 0.414835 0.455918 0.033840 0.030720
0 0.396173 0.479186 0.050755 0.033311
0 0.334578 0.496524 0.054405 0.032421
0 0.261160 0.515605 0.069448 0.033422
0 0.765542 0.373293 0.022208 0.020394
0 0.788792 0.377632 0.023963 0.020977
0 0.747729 0.395912 0.031542 0.022269
0 0.724135 0.383405 0.026075 0.026709
0 0.661296 0.417833 0.037434 0.026546
0 0.086124 0.441146 0.052860 0.032205
0 0.043687 0.422824 0.061682 0.036807
0 0.606629 0.443849 0.046210 0.035192
0 0.585855 0.427742 0.046370 0.030690
0 0.564863 0.464545 0.033217 0.035785
0 0.163416 0.425378 0.040646 0.026809
0 0.279287 0.405054 0.048835 0.024126
0 0.503751 0.471128 0.049695 0.035916
0 0.363686 0.389523 0.042956 0.024811
0 0.462594 0.505532 0.057510 0.040171
0 0.360429 0.513586 0.071081 0.044387
0 0.022589 0.450447 0.039395 0.033817
0 0.232021 0.564573 0.079742 0.046778
0 0.292262 0.574114 0.079401 0.050351
0 0.138676 0.566493 0.074653 0.042285
0 0.436825 0.381057 0.040668 0.019874
0 0.486145 0.375114 0.038900 0.021143
0 0.106871 0.634163 0.103616 0.054125
0 0.073906 0.606101 0.088852 0.046514
0 0.183654 0.402502 0.039214 0.030009
