0 0.380943 0.392265 0.031103 0.027073
0 0.427846 0.438814 0.030242 0.031940
0 0.136262 0.435673 0.049507 0.024876
0 0.340193 0.494181 0.062578 0.039295
0 0.421890 0.380498 0.049522 0.028893
0 0.205693 0.419504 0.040134 0.022893
0 0.266635 0.516721 0.073691 0.045652
0 0.428007 0.410838 0.025832 0.029408
0 0.455301 0.399859 0.032030 0.026481
0 0.591305 0.428202 0.042233 0.030697
0 0.462333 0.420733 0.026891 0.031491
0 0.399285 0.481451 0.046164 0.034205
0 0.507884 0.449073 0.063640 0.097100
0 0.329388 0.533738 0.061154 0.046733
0 0.184389 0.541084 0.070290 0.044005
0 0.374071 0.535143 0.054352 0.042948
0 0.440891 0.497722 0.049665 0.034758
0 0.196904 0.615054 0.069686 0.046977
0 0.345411 0.586152 0.071317 0.055933
0 0.444463 0.474111 0.037817 0.028924
0 0.064364 0.449382 0.049006 0.026474
0 0.324461 0.389164 0.027921 0.026049
0 0.463030 0.449328 0.029610 0.031259
0 0.098980 0.652876 0.082714 0.062314
0 0.083723 0.731155 0.087488 0.075795
