0 0.424920 0.406144 0.026262 0.019370
0 0.381272 0.401495 0.036100 0.021811
0 0.430018 0.394911 0.029831 0.020859
0 0.472310 0.399857 0.025061 0.024105
0 0.426350 0.427680 0.027638 0.025587
0 0.456781 0.423985 0.025043 0.025209
0 0.448674 0.449275 0.033511 0.027831
0 0.419415 0.467629 0.052780 0.033776
0 0.510225 0.417517 0.027912 0.031314
0 0.482230 0.420257 0.024121 0.023617
0 0.362508 0.486789 0.059961 0.032693
0 0.019663 0.461752 0.036703 0.026615
0 0.482599 0.452912 0.034493 0.029681
0 0.094707 0.439759 0.045503 0.025630
0 0.291774 0.514009 0.060461 0.035873
0 0.247807 0.414558 0.044283 0.030657
0 0.788848 0.374430 0.030481 0.020534
0 0.731946 0.396643 0.032632 0.026727
0 0.677387 0.400591 0.036569 0.025712
0 0.043995 0.443440 0.040969 0.021624
0 0.319875 0.399638 0.046458 0.021162
0 0.388276 0.384392 0.036103 0.023757
0 0.572123 0.458400 0.117018 0.083467
0 0.202724 0.533836 0.066023 0.033609
0 0.442441 0.528630 0.067215 0.038382
0 0.200713 0.570889 0.064134 0.038879
0 0.326731 0.528231 0.062089 0.047525
0 0.456298 0.378603 0.036626 0.018524
0 0.380423 0.551957 0.031283 0.044113
0 0.189321 0.589439 0.077828 0.048654
0 0.123415 0.556795 0.078970 0.051216
0 0.447496 0.500136 0.047915 0.027803
0 0.427164 0.490272 0.049730 0.034660
0 0.536929 0.424341 0.023404 0.023468
0 0.172072 0.720015 0.048788 0.052695
