0 0.792060 0.437879 0.028249 0.025400
0 0.834010 0.435385 0.030785 0.027122
0 0.863574 0.449173 0.023097 0.030964
0 0.855840 0.429952 0.027394 0.024722
0 0.258389 0.522514 0.035001 0.050280
0 0.660047 0.511260 0.064095 0.038069
0 0.364389 0.541597 0.070488 0.043982
0 0.234737 0.486248 0.034524 0.038090
0 0.842917 0.472268 0.037142 0.028974
0 0.290879 0.444872 0.043772 0.033115
0 0.883048 0.468476 0.025724 0.031875
0 0.792349 0.476298 0.039838 0.030356
0 0.086867 0.598981 0.051588 0.066516
0 0.346940 0.427355 0.042690 0.025539
0 0.822255 0.487763 0.041399 0.028290
0 0.897064 0.559218 0.030047 0.038427
0 0.415641 0.417319 0.042382 0.022507
0 0.507299 0.411861 0.048578 0.025132
0 0.460066 0.404983 0.042996 0.019881
0 0.564623 0.410661 0.044241 0.023451
0 0.625620 0.408180 0.042377 0.024695
0 0.583283 0.398160 0.039236 0.017198
0 0.550790 0.396905 0.036053 0.021403
0 0.893500 0.502981 0.055032 0.031343
0 0.892596 0.528201 0.055407 0.031822
0 0.787493 0.502676 0.049675 0.032393
0 0.790973 0.537611 0.059001 0.035518
0 0.963677 0.524221 0.060521 0.043310
0 0.689993 0.410527 0.041854 0.019068
0 0.742131 0.413880 0.042639 0.019068
0 0.341069 0.415733 0.046805 0.019364
0 0.637061 0.552211 0.074903 0.041394
0 0.718004 0.529298 0.070206 0.041756
0 0.841344 0.553972 0.069595 0.040594
0 0.063579 0.477456 0.059049 0.037216
0 0.173024 0.446207 0.053013 0.037989
0 0.789309 0.414892 0.035031 0.018443
0 0.706937 0.395713 0.044704 0.023132
0 0.110933 0.541244 0.042007 0.047633
0 0.846105 0.411438 0.045227 0.027195
0 0.266204 0.437100 0.038691 0.024824
0 0.617036 0.591934 0.071902 0.047279
0 0.738209 0.510638 0.054107 0.038479
0 0.199913 0.477021 0.043483 0.035872
0 0.119737 0.618389 0.060509 0.078786
0 0.151498 0.550698 0.040356 0.054630
