0 0.424606 0.405779 0.026262 0.019370
0 0.380182 0.401245 0.036224 0.021811
0 0.429737 0.394995 0.029831 0.020859
0 0.472027 0.399614 0.025061 0.024105
0 0.426281 0.427397 0.027638 0.025587
0 0.456819 0.423674 0.024685 0.025237
0 0.450305 0.448016 0.033511 0.027831
0 0.420059 0.467315 0.052780 0.033776
0 0.510134 0.417378 0.027912 0.031314
0 0.481887 0.418207 0.024121 0.023617
0 0.364248 0.487724 0.059961 0.032693
0 0.485060 0.451624 0.033962 0.029810
0 0.071578 0.444239 0.046225 0.036289
0 0.292895 0.514446 0.060461 0.035873
0 0.226630 0.415743 0.047358 0.037363
0 0.806696 0.366979 0.028791 0.020534
0 0.714929 0.387968 0.031829 0.023019
0 0.023988 0.448687 0.047975 0.033236
0 0.305988 0.403719 0.048264 0.027693
0 0.368670 0.392256 0.036277 0.023955
0 0.617281 0.435342 0.104248 0.073230
0 0.205937 0.537279 0.066297 0.043885
0 0.513296 0.503888 0.058315 0.038063
0 0.257320 0.543145 0.060952 0.032542
0 0.362762 0.514396 0.061121 0.040286
0 0.432083 0.381053 0.036626 0.016623
0 0.426698 0.525651 0.022340 0.037839
0 0.274015 0.568160 0.077485 0.047781
0 0.129148 0.551008 0.073476 0.045180
0 0.498930 0.481131 0.047575 0.027803
0 0.453532 0.485599 0.049730 0.034410
0 0.168950 0.607549 0.087385 0.068763
0 0.533526 0.412513 0.022182 0.025024
0 0.089602 0.611176 0.081224 0.049389
