0 0.427493 0.409132 0.026262 0.019370
0 0.390187 0.403536 0.035087 0.021811
0 0.432312 0.394225 0.029831 0.020859
0 0.474624 0.401846 0.025061 0.024105
0 0.426914 0.429991 0.027638 0.025587
0 0.456471 0.426524 0.027972 0.024984
0 0.446981 0.450930 0.033511 0.027831
0 0.414153 0.470197 0.052780 0.033776
0 0.510971 0.418653 0.027912 0.031314
0 0.482115 0.436477 0.025112 0.024602
0 0.059277 0.448998 0.050113 0.025984
0 0.135020 0.433527 0.042440 0.027378
0 0.357605 0.491388 0.059961 0.032693
0 0.205409 0.420674 0.035185 0.021010
0 0.478748 0.455826 0.040251 0.024460
0 0.292230 0.403414 0.038985 0.025630
0 0.617683 0.422263 0.042099 0.025943
0 0.283462 0.519799 0.062120 0.032822
0 0.402613 0.385823 0.039559 0.024735
0 0.521411 0.460841 0.044936 0.033370
0 0.749619 0.376815 0.029391 0.020784
0 0.681200 0.415667 0.037250 0.027531
0 0.127517 0.418882 0.047402 0.024472
0 0.411401 0.501911 0.053754 0.036815
0 0.621996 0.444202 0.039209 0.023596
0 0.196956 0.554960 0.074922 0.038580
0 0.475129 0.503827 0.055085 0.040239
0 0.581558 0.467279 0.040162 0.030000
0 0.391256 0.544112 0.066713 0.046426
0 0.334801 0.523762 0.072831 0.040727
0 0.167408 0.393028 0.054486 0.037250
0 0.207677 0.407445 0.040969 0.021624
0 0.451688 0.377534 0.041211 0.020839
0 0.267585 0.399456 0.039051 0.025398
0 0.082721 0.420036 0.042523 0.022793
0 0.185469 0.584550 0.074625 0.045179
0 0.021504 0.436591 0.043008 0.027938
0 0.506233 0.370677 0.036103 0.023757
0 0.072219 0.578212 0.074175 0.048483
