0 0.372002 0.391969 0.039429 0.027073
0 0.424583 0.407787 0.024057 0.031306
0 0.409629 0.450327 0.039319 0.031495
0 0.387341 0.377034 0.037615 0.022131
0 0.019697 0.463110 0.039393 0.027589
0 0.356262 0.491434 0.068182 0.040270
0 0.414720 0.390625 0.038660 0.026770
0 0.428141 0.431669 0.025529 0.033633
0 0.443510 0.370102 0.082863 0.037926
0 0.417601 0.476953 0.047060 0.036602
0 0.283959 0.508501 0.068603 0.034570
0 0.500131 0.423425 0.027835 0.035217
0 0.495605 0.396970 0.023960 0.026368
0 0.714106 0.400907 0.037504 0.024631
0 0.466177 0.432617 0.029439 0.030025
0 0.087092 0.443597 0.040827 0.028580
0 0.453775 0.407415 0.029597 0.030479
0 0.277394 0.540213 0.065678 0.038872
0 0.609133 0.442871 0.048908 0.036746
0 0.164871 0.428295 0.042969 0.028980
0 0.240117 0.578934 0.075291 0.049504
0 0.445656 0.490388 0.046675 0.036713
0 0.531287 0.422214 0.031984 0.032504
0 0.232120 0.415059 0.040705 0.025790
0 0.375742 0.530916 0.083576 0.071814
0 0.085840 0.611339 0.093220 0.053476
0 0.369100 0.578827 0.064684 0.050818
0 0.184591 0.701598 0.073987 0.064671
0 0.110535 0.694788 0.100814 0.098728
0 0.045778 0.788390 0.091238 0.085650
