0 0.580938 0.556302 0.057022 0.047372
0 0.248647 0.465463 0.052261 0.038256
0 0.376455 0.414002 0.041090 0.034821
0 0.153867 0.828177 0.126094 0.095474
0 0.449740 0.561498 0.072336 0.061586
0 0.702983 0.558450 0.074885 0.054714
0 0.778303 0.537124 0.059926 0.045894
0 0.645871 0.533428 0.061686 0.048401
0 0.717956 0.517060 0.055857 0.042616
0 0.781028 0.464028 0.033385 0.033627
0 0.842399 0.516025 0.055816 0.046296
0 0.196514 0.529869 0.068590 0.077979
0 0.926383 0.496847 0.057345 0.039983
0 0.326191 0.432180 0.053766 0.034006
0 0.506245 0.410540 0.045846 0.031202
0 0.882908 0.449688 0.037047 0.038400
0 0.855553 0.426280 0.035276 0.031566
0 0.774096 0.423132 0.033793 0.031828
0 0.812858 0.434141 0.040493 0.031894
0 0.674272 0.413673 0.044059 0.023382
0 0.566792 0.404853 0.041615 0.027766
