0 0.350041 0.386944 0.037116 0.027073
0 0.426497 0.402066 0.024057 0.031306
0 0.415046 0.442013 0.029300 0.031495
0 0.382863 0.482040 0.066639 0.039034
0 0.396302 0.386084 0.038660 0.026770
0 0.429635 0.422930 0.023337 0.028178
0 0.416506 0.363889 0.088803 0.037926
0 0.429482 0.461364 0.039015 0.036602
0 0.316369 0.505081 0.065330 0.034570
0 0.473278 0.405742 0.023329 0.027410
0 0.451016 0.393024 0.020887 0.024812
0 0.292712 0.532468 0.065263 0.038059
0 0.256930 0.569539 0.072664 0.049504
0 0.491169 0.431609 0.037383 0.045335
0 0.196188 0.605557 0.093220 0.053476
0 0.466697 0.474031 0.036036 0.037849
0 0.355258 0.520963 0.052885 0.031887
0 0.144758 0.661849 0.086843 0.062118
0 0.017638 0.451200 0.035276 0.029756
0 0.229737 0.533285 0.052735 0.039530
0 0.128501 0.430232 0.045846 0.027908
0 0.409544 0.514591 0.054891 0.044559
0 0.337423 0.566587 0.053261 0.042548
0 0.073813 0.660469 0.093542 0.063003
0 0.045538 0.728290 0.091077 0.079884
0 0.210876 0.411372 0.043741 0.028133
0 0.133709 0.569722 0.074556 0.055418
0 0.188265 0.697603 0.073761 0.060234
0 0.086587 0.776619 0.114809 0.093444
