0 0.425920 0.407305 0.026262 0.019370
0 0.384736 0.402288 0.035707 0.021811
0 0.430909 0.394644 0.029831 0.020859
0 0.473209 0.400630 0.025061 0.024105
0 0.426569 0.428578 0.027638 0.025587
0 0.456661 0.424971 0.026181 0.025122
0 0.448016 0.449918 0.033511 0.027831
0 0.417371 0.468627 0.052780 0.033776
0 0.510515 0.417958 0.027912 0.031314
0 0.482340 0.428278 0.024121 0.023617
0 0.026387 0.459057 0.045487 0.027378
0 0.359772 0.487714 0.059961 0.032693
0 0.098755 0.441464 0.040433 0.026615
0 0.481541 0.454779 0.037099 0.029047
0 0.160562 0.425001 0.040848 0.025630
0 0.794198 0.358293 0.026996 0.018047
0 0.288214 0.512620 0.060461 0.035873
0 0.304597 0.400839 0.044283 0.030657
0 0.712470 0.387914 0.032431 0.022711
0 0.837577 0.351067 0.021489 0.018800
0 0.025428 0.445511 0.050855 0.021206
0 0.633486 0.419734 0.043927 0.023499
0 0.800170 0.371790 0.023927 0.020587
0 0.686195 0.411836 0.039572 0.020534
0 0.752239 0.389291 0.027119 0.022489
0 0.636082 0.438997 0.036985 0.030380
0 0.544256 0.452253 0.048473 0.030426
0 0.030875 0.419315 0.058085 0.042234
0 0.089385 0.432464 0.040969 0.021624
0 0.380179 0.390968 0.045773 0.021120
0 0.469262 0.489313 0.048650 0.037391
0 0.453533 0.378306 0.036103 0.023757
0 0.342818 0.545813 0.202218 0.119263
0 0.198223 0.403163 0.041305 0.021881
0 0.147329 0.554560 0.066023 0.047318
0 0.131343 0.419330 0.039998 0.024382
0 0.159456 0.615743 0.086304 0.055325
0 0.052077 0.594270 0.065254 0.045638
0 0.224343 0.546814 0.062153 0.048164
0 0.115928 0.724684 0.057201 0.054448
