0 0.430172 0.411554 0.026070 0.021083
0 0.390820 0.403889 0.034810 0.021811
0 0.431495 0.394710 0.029831 0.021107
0 0.477437 0.404263 0.025061 0.024105
0 0.418361 0.446419 0.032112 0.027967
0 0.431660 0.466032 0.044470 0.033311
0 0.374724 0.490233 0.050337 0.030526
0 0.306831 0.506248 0.063808 0.029638
0 0.079689 0.441898 0.058621 0.027561
0 0.152576 0.426622 0.050964 0.028245
0 0.511492 0.423671 0.027912 0.033150
0 0.728840 0.393062 0.033366 0.023126
0 0.482333 0.453695 0.034028 0.026724
0 0.223972 0.415216 0.042863 0.024774
0 0.276341 0.406833 0.038900 0.021143
0 0.695000 0.411572 0.035005 0.023938
0 0.605247 0.434621 0.043458 0.028928
0 0.211021 0.532184 0.075271 0.036970
0 0.328655 0.400033 0.033507 0.021010
0 0.544255 0.464842 0.049259 0.030823
0 0.421823 0.496094 0.052438 0.034978
0 0.385404 0.388632 0.035172 0.019166
0 0.420374 0.381596 0.036108 0.023638
0 0.468630 0.498259 0.054557 0.039568
0 0.496226 0.512437 0.061752 0.038768
0 0.316374 0.529906 0.068762 0.036797
0 0.103448 0.568474 0.074558 0.040530
0 0.325871 0.562074 0.065309 0.042882
0 0.080466 0.422488 0.039112 0.023497
0 0.503480 0.371794 0.039559 0.027047
0 0.222684 0.563650 0.079918 0.053278
0 0.178503 0.400531 0.039579 0.021381
0 0.159294 0.617741 0.095405 0.055220
