0 0.047709 0.692108 0.095418 0.098842
0 0.797693 0.419639 0.028967 0.022362
0 0.266211 0.464981 0.041789 0.034945
0 0.323178 0.436164 0.042802 0.026986
0 0.406553 0.412607 0.042752 0.020438
0 0.658906 0.412493 0.039800 0.025079
0 0.837049 0.408944 0.031551 0.026358
0 0.800412 0.442655 0.028265 0.028202
0 0.765438 0.483073 0.044015 0.038178
0 0.723860 0.513982 0.054027 0.044195
0 0.820958 0.482605 0.034669 0.037029
0 0.489806 0.411560 0.048656 0.026760
0 0.726550 0.401383 0.034215 0.017178
0 0.036738 0.494171 0.061125 0.030549
0 0.849501 0.505802 0.043938 0.038819
0 0.202123 0.452514 0.048802 0.028331
0 0.203461 0.436057 0.040315 0.022076
0 0.629523 0.572651 0.061232 0.042623
