0 0.357494 0.386308 0.037116 0.027073
0 0.425855 0.403984 0.024057 0.031306
0 0.415760 0.445914 0.029932 0.031495
0 0.376320 0.485521 0.066639 0.039034
0 0.404362 0.387264 0.038660 0.026770
0 0.426973 0.427539 0.023544 0.028694
0 0.418803 0.364535 0.086098 0.037926
0 0.427101 0.466365 0.039015 0.036602
0 0.308412 0.507134 0.068436 0.034570
0 0.468349 0.414838 0.023329 0.027410
0 0.452869 0.398992 0.021711 0.026946
0 0.287930 0.534802 0.065263 0.038059
0 0.253391 0.570601 0.072664 0.049504
0 0.483645 0.436658 0.026916 0.021959
0 0.476644 0.381240 0.025214 0.023628
0 0.023005 0.462348 0.046010 0.032666
0 0.468504 0.467378 0.056615 0.050685
0 0.154078 0.608003 0.093220 0.053476
0 0.721333 0.397711 0.034685 0.026094
0 0.421595 0.505981 0.051083 0.037849
0 0.354725 0.519381 0.048097 0.028086
0 0.621133 0.441226 0.039734 0.028694
0 0.142119 0.661090 0.094264 0.062118
0 0.112386 0.428837 0.035075 0.025268
0 0.153192 0.549650 0.064035 0.040512
0 0.204652 0.411870 0.039738 0.027908
0 0.357477 0.547525 0.067772 0.044559
0 0.309270 0.592139 0.060747 0.050008
0 0.054189 0.675008 0.097622 0.061212
0 0.041505 0.733996 0.083010 0.079403
0 0.303731 0.386527 0.037149 0.028133
0 0.147950 0.729521 0.098975 0.076717
