0 0.775886 0.431973 0.034272 0.025400
0 0.820226 0.420678 0.031387 0.023232
0 0.849666 0.425324 0.030480 0.030513
0 0.694397 0.506295 0.064095 0.038069
0 0.837351 0.468577 0.036518 0.028885
0 0.877927 0.457949 0.026178 0.031875
0 0.800142 0.466597 0.033889 0.029225
0 0.066733 0.710615 0.087244 0.087339
0 0.833862 0.443095 0.027139 0.022521
0 0.152918 0.475440 0.060924 0.032258
0 0.176800 0.586206 0.058007 0.064094
0 0.186295 0.454135 0.046388 0.020646
0 0.252233 0.442754 0.051716 0.031379
0 0.811560 0.489686 0.047296 0.031904
0 0.341482 0.428440 0.042430 0.028921
0 0.438460 0.418860 0.042639 0.023721
0 0.507819 0.413635 0.037976 0.020574
0 0.604312 0.410212 0.045227 0.027195
0 0.079871 0.642900 0.064537 0.064049
0 0.869806 0.479458 0.034708 0.031629
0 0.771302 0.505369 0.053616 0.037923
0 0.788389 0.523530 0.055719 0.034173
0 0.830596 0.513226 0.050778 0.037079
0 0.706271 0.531809 0.056070 0.035225
0 0.667540 0.414851 0.043849 0.019162
0 0.723241 0.411690 0.041729 0.026283
0 0.714759 0.550251 0.077093 0.038057
0 0.936745 0.526810 0.057809 0.031507
0 0.119700 0.571620 0.048649 0.051563
0 0.768143 0.411839 0.039224 0.020438
0 0.100615 0.468459 0.044134 0.032475
0 0.084466 0.766334 0.118865 0.093873
