0 0.422977 0.403887 0.026262 0.019370
0 0.374538 0.399953 0.036866 0.021811
0 0.425286 0.392047 0.029831 0.020859
0 0.457168 0.388986 0.029756 0.022470
0 0.425924 0.425934 0.027638 0.025587
0 0.456169 0.420251 0.023485 0.025329
0 0.461571 0.439981 0.033511 0.027831
0 0.429108 0.462745 0.045960 0.032895
0 0.506524 0.411050 0.027912 0.031314
0 0.477859 0.407637 0.024121 0.023617
0 0.381350 0.484585 0.052845 0.034325
0 0.494337 0.438971 0.033962 0.029810
0 0.302895 0.515072 0.060461 0.035873
0 0.161045 0.425045 0.049074 0.033198
0 0.236505 0.414780 0.048064 0.027741
0 0.298737 0.405211 0.041656 0.023811
0 0.781887 0.371698 0.071081 0.049856
0 0.210691 0.534054 0.070412 0.035287
0 0.702358 0.407518 0.034356 0.021879
0 0.433802 0.484717 0.042908 0.021851
0 0.493706 0.467369 0.046514 0.031815
0 0.362653 0.394118 0.039881 0.020018
0 0.551868 0.412923 0.020513 0.026767
0 0.562342 0.457200 0.043954 0.031890
0 0.134277 0.547941 0.073476 0.045180
0 0.712426 0.389014 0.032319 0.018315
0 0.529710 0.443856 0.038259 0.025618
0 0.450909 0.501528 0.057196 0.041472
0 0.524340 0.402552 0.023194 0.025024
0 0.375034 0.531093 0.071319 0.040932
0 0.411015 0.385018 0.033901 0.017522
0 0.047964 0.575032 0.081478 0.053995
0 0.478678 0.518650 0.059596 0.039833
0 0.059413 0.440798 0.054287 0.035635
0 0.257379 0.581864 0.085979 0.045251
0 0.184954 0.566409 0.083495 0.046074
0 0.091127 0.636023 0.095659 0.052665
