0 0.807700 0.461280 0.023363 0.029728
0 0.839054 0.452599 0.028260 0.027382
0 0.724004 0.509336 0.058953 0.039358
0 0.564609 0.523925 0.073183 0.039540
0 0.364390 0.546622 0.073179 0.048614
0 0.399103 0.522355 0.067762 0.038243
0 0.803547 0.417737 0.039031 0.022023
0 0.828114 0.404560 0.040107 0.019871
0 0.392447 0.420743 0.046080 0.036947
0 0.873060 0.407209 0.041741 0.019251
0 0.335438 0.426692 0.045118 0.031778
0 0.193159 0.566610 0.079715 0.044077
0 0.878881 0.419719 0.037018 0.024757
0 0.939793 0.412780 0.039841 0.030384
0 0.577824 0.406592 0.046410 0.026258
0 0.072694 0.582554 0.065566 0.038261
0 0.424615 0.581276 0.039031 0.035650
0 0.538085 0.402747 0.047911 0.024431
0 0.702906 0.416992 0.044237 0.030197
0 0.290496 0.443446 0.050040 0.038346
0 0.653426 0.410459 0.044059 0.023382
0 0.468803 0.412209 0.042642 0.027766
