0 0.228059 0.507598 0.045304 0.045043
0 0.567390 0.410790 0.039800 0.025079
0 0.765065 0.414582 0.028265 0.022087
0 0.768485 0.440019 0.031871 0.036775
0 0.299595 0.441437 0.048656 0.029024
0 0.836908 0.413833 0.025996 0.027827
0 0.808737 0.426990 0.026168 0.032747
0 0.360186 0.429228 0.043615 0.023257
0 0.348221 0.531404 0.068103 0.041787
0 0.182917 0.450495 0.049447 0.031054
0 0.240715 0.467851 0.037735 0.032878
0 0.032986 0.652755 0.033621 0.044652
0 0.491239 0.414856 0.037167 0.024103
0 0.404146 0.420283 0.044594 0.030445
