0 0.787343 0.435490 0.029241 0.025400
0 0.831281 0.428993 0.028337 0.018585
0 0.857784 0.437735 0.023097 0.030964
0 0.852819 0.426142 0.027394 0.024722
0 0.687698 0.507243 0.064095 0.038069
0 0.938234 0.513716 0.058970 0.038720
0 0.831922 0.478437 0.037142 0.028974
0 0.141370 0.607743 0.063487 0.065438
0 0.883506 0.465416 0.025724 0.031875
0 0.798356 0.469525 0.039838 0.030356
0 0.236421 0.560848 0.047595 0.059391
0 0.835614 0.447780 0.032157 0.028290
0 0.251287 0.450151 0.050707 0.030191
0 0.229810 0.503564 0.033007 0.045621
0 0.268105 0.432106 0.046388 0.019566
0 0.344994 0.425247 0.042377 0.025301
0 0.804315 0.495084 0.049675 0.032393
0 0.433363 0.416119 0.041913 0.022298
0 0.512719 0.410998 0.042639 0.023721
0 0.572891 0.412734 0.037976 0.020574
0 0.633818 0.407771 0.045227 0.027195
0 0.166072 0.541131 0.043006 0.051245
0 0.864167 0.493134 0.038481 0.031629
0 0.747932 0.509220 0.054107 0.038479
0 0.026107 0.685720 0.052215 0.073157
0 0.773093 0.529582 0.055719 0.034173
0 0.822368 0.517057 0.054082 0.037079
0 0.096080 0.575571 0.049995 0.062924
0 0.643230 0.532408 0.061276 0.037614
0 0.694300 0.411549 0.043849 0.018620
0 0.748033 0.410108 0.041729 0.026283
0 0.540241 0.550958 0.077093 0.038057
0 0.701641 0.566478 0.070420 0.042744
0 0.165932 0.495385 0.037247 0.037013
0 0.163781 0.454998 0.053521 0.034099
0 0.818544 0.412201 0.039224 0.020438
