0 0.808090 0.456660 0.021922 0.033223
0 0.834826 0.448558 0.029295 0.027382
0 0.741050 0.505679 0.057788 0.038579
0 0.628094 0.522863 0.073183 0.039540
0 0.421249 0.544699 0.073179 0.048614
0 0.472576 0.521882 0.067762 0.038243
0 0.790723 0.418910 0.039031 0.022023
0 0.824132 0.405059 0.040195 0.019944
0 0.377076 0.423747 0.046080 0.036947
0 0.867101 0.407008 0.041033 0.017211
0 0.319079 0.430659 0.046007 0.031778
0 0.247856 0.567016 0.079715 0.044077
0 0.864802 0.419898 0.037018 0.024757
0 0.927159 0.413232 0.039841 0.030229
0 0.563125 0.407859 0.046410 0.026258
0 0.092584 0.535028 0.068703 0.036761
0 0.120034 0.580228 0.065566 0.038261
0 0.043576 0.560607 0.072467 0.037511
0 0.491392 0.580557 0.041751 0.038359
0 0.521132 0.403739 0.046391 0.027310
0 0.702349 0.416861 0.044237 0.030197
0 0.277845 0.450277 0.047715 0.040495
0 0.653159 0.410415 0.044059 0.023382
0 0.451488 0.413550 0.044182 0.027766
