0 0.789664 0.436489 0.028537 0.025400
0 0.831786 0.430983 0.030785 0.027122
0 0.860043 0.442198 0.023097 0.030964
0 0.855197 0.429049 0.027394 0.024722
0 0.679864 0.508432 0.064095 0.038069
0 0.807088 0.537992 0.074207 0.038720
0 0.841237 0.457637 0.037142 0.028974
0 0.219323 0.509184 0.040114 0.043995
0 0.883704 0.466836 0.025724 0.031875
0 0.795891 0.472088 0.039838 0.030356
0 0.270086 0.488864 0.033764 0.043526
0 0.828741 0.483524 0.041399 0.028290
0 0.079883 0.484863 0.056495 0.033098
0 0.321481 0.435024 0.049803 0.028045
0 0.262760 0.447770 0.041536 0.031356
0 0.375012 0.422147 0.046388 0.023451
0 0.439189 0.414448 0.042377 0.024695
0 0.798777 0.497583 0.049675 0.032393
0 0.526404 0.410978 0.041854 0.019068
0 0.589971 0.410595 0.042639 0.023721
0 0.960920 0.492543 0.056353 0.034087
0 0.668779 0.413499 0.035031 0.018443
0 0.740048 0.410875 0.045227 0.027195
0 0.199347 0.488356 0.038698 0.039348
0 0.856134 0.497493 0.042699 0.034724
0 0.744731 0.509687 0.054107 0.038479
0 0.151543 0.547502 0.049990 0.052194
0 0.602666 0.537380 0.066609 0.039457
0 0.697429 0.535940 0.072226 0.037704
0 0.180551 0.467632 0.046132 0.032518
0 0.324482 0.541581 0.062240 0.038057
0 0.810757 0.414958 0.043849 0.018620
0 0.864929 0.414571 0.041729 0.026640
0 0.144361 0.553660 0.077093 0.038057
0 0.238547 0.436784 0.043144 0.030022
