0 0.686097 0.520033 0.053370 0.038746
0 0.771978 0.526700 0.056939 0.038018
0 0.632241 0.390248 0.038816 0.023680
0 0.779687 0.422166 0.034093 0.027983
0 0.473167 0.530208 0.024841 0.040567
0 0.357203 0.501341 0.023933 0.033386
0 0.318214 0.418011 0.040063 0.031968
0 0.948153 0.524227 0.056526 0.038037
0 0.313869 0.519221 0.025675 0.040962
0 0.838148 0.475938 0.032595 0.039321
0 0.828867 0.437135 0.031146 0.027302
0 0.750093 0.500793 0.051336 0.034052
0 0.770202 0.448990 0.028893 0.033274
0 0.668635 0.391304 0.031189 0.019065
0 0.849640 0.426540 0.035815 0.026767
0 0.492124 0.411162 0.045846 0.027092
0 0.824713 0.404473 0.031942 0.028318
0 0.704183 0.404891 0.032327 0.026183
0 0.666125 0.412529 0.044059 0.023382
0 0.562955 0.405193 0.041615 0.027766
