0 0.429309 0.410931 0.026176 0.020140
0 0.390940 0.403882 0.034810 0.021811
0 0.431951 0.394198 0.029831 0.020859
0 0.476438 0.403405 0.025061 0.024105
0 0.426325 0.434539 0.028367 0.027967
0 0.452803 0.441134 0.028477 0.029933
0 0.417695 0.470045 0.046257 0.030526
0 0.352116 0.492531 0.063808 0.029638
0 0.048210 0.444508 0.058621 0.027561
0 0.128525 0.433550 0.050964 0.028245
0 0.511492 0.420150 0.027912 0.031620
0 0.482865 0.443285 0.027248 0.026724
0 0.201410 0.420821 0.042863 0.024774
0 0.249212 0.410666 0.039865 0.024308
0 0.786608 0.377486 0.026839 0.016788
0 0.755672 0.375402 0.030584 0.022233
0 0.262633 0.522727 0.070678 0.039976
0 0.304521 0.405347 0.035185 0.021010
0 0.683324 0.402299 0.036519 0.022472
0 0.462350 0.470072 0.048055 0.034978
0 0.359273 0.393003 0.037497 0.023172
0 0.634091 0.419137 0.039932 0.028607
0 0.632274 0.444392 0.042420 0.033377
0 0.418375 0.498542 0.060589 0.036797
0 0.149070 0.556041 0.070934 0.040530
0 0.544359 0.468241 0.041284 0.032068
0 0.430278 0.383049 0.039559 0.024735
0 0.351893 0.524729 0.069310 0.040911
0 0.457329 0.516701 0.063726 0.040532
0 0.320780 0.562529 0.078221 0.048345
0 0.182973 0.411273 0.047402 0.025883
0 0.209256 0.565861 0.071213 0.046164
0 0.190689 0.602431 0.076255 0.048443
0 0.070315 0.609766 0.075008 0.051390
0 0.060448 0.657184 0.075950 0.055567
