0 0.798147 0.441410 0.027519 0.025400
0 0.837255 0.445267 0.030785 0.027122
0 0.865370 0.452326 0.027535 0.034260
0 0.857470 0.432246 0.027394 0.024722
0 0.313375 0.438091 0.039981 0.026064
0 0.314722 0.497011 0.047635 0.048883
0 0.249474 0.477306 0.027575 0.035416
0 0.438159 0.419587 0.037018 0.024757
0 0.516267 0.411571 0.043300 0.027500
0 0.264478 0.501489 0.041386 0.044731
0 0.803534 0.465398 0.029475 0.030056
0 0.956500 0.493894 0.061139 0.029620
0 0.597966 0.410496 0.037277 0.025778
0 0.165436 0.506591 0.041082 0.042255
0 0.886999 0.525727 0.055244 0.036777
0 0.768918 0.500283 0.061022 0.038261
0 0.801765 0.533661 0.064787 0.036825
0 0.746425 0.520148 0.061078 0.038412
0 0.513063 0.393006 0.039528 0.019619
0 0.436011 0.398844 0.034421 0.021386
0 0.675258 0.413147 0.040957 0.021360
0 0.704876 0.551201 0.067664 0.046364
0 0.558864 0.540173 0.076044 0.041412
0 0.580383 0.395289 0.036996 0.019881
0 0.038497 0.478722 0.058913 0.036288
0 0.469843 0.571827 0.080054 0.045913
0 0.362145 0.547906 0.072279 0.038891
0 0.353183 0.524512 0.070020 0.036191
0 0.754034 0.415586 0.046743 0.024757
0 0.401971 0.412602 0.043152 0.025883
0 0.314013 0.583897 0.072154 0.043138
0 0.342638 0.419480 0.040957 0.023444
0 0.551459 0.402878 0.031594 0.022663
0 0.642378 0.401101 0.039868 0.020839
0 0.821189 0.408472 0.045532 0.027352
0 0.885830 0.415168 0.039432 0.024226
0 0.182500 0.563432 0.074809 0.049003
0 0.215559 0.533845 0.071556 0.039669
0 0.475514 0.406161 0.045929 0.026633
0 0.160804 0.458224 0.055081 0.038538
0 0.209345 0.503274 0.045021 0.048288
0 0.200811 0.475145 0.047550 0.034819
