0 0.431246 0.411744 0.026810 0.029947
0 0.282166 0.377391 0.110754 0.044187
0 0.373297 0.396398 0.043260 0.029475
0 0.369040 0.488182 0.060060 0.030449
0 0.389210 0.500835 0.050878 0.038059
0 0.320597 0.533286 0.072664 0.042997
0 0.681140 0.416425 0.044886 0.026888
0 0.430867 0.442325 0.028872 0.028695
0 0.359882 0.543524 0.059714 0.044792
0 0.305355 0.510190 0.052735 0.032987
0 0.127514 0.430475 0.046031 0.027908
0 0.459561 0.476984 0.041109 0.034445
0 0.414591 0.513618 0.046947 0.036688
0 0.225829 0.568911 0.077834 0.048136
0 0.292591 0.577010 0.068080 0.048609
0 0.186186 0.417668 0.046601 0.028133
0 0.227619 0.533408 0.074556 0.039501
0 0.237170 0.408408 0.043905 0.025507
0 0.023614 0.441699 0.046864 0.035472
0 0.657064 0.409984 0.036084 0.027960
0 0.561289 0.457200 0.042357 0.028775
0 0.490673 0.503464 0.057192 0.044541
0 0.143046 0.590431 0.035670 0.047264
0 0.348431 0.591501 0.067166 0.060768
0 0.183143 0.700421 0.079593 0.068472
