0 0.429064 0.410755 0.026206 0.019873
0 0.391343 0.403933 0.034810 0.021811
0 0.432420 0.394105 0.029831 0.020859
0 0.476155 0.403162 0.025061 0.024105
0 0.426672 0.431499 0.028317 0.027804
0 0.456079 0.436161 0.028477 0.029591
0 0.425510 0.462781 0.044398 0.030526
0 0.370243 0.486614 0.063808 0.030404
0 0.039202 0.445070 0.058621 0.027561
0 0.113718 0.437629 0.051856 0.029512
0 0.511465 0.419405 0.027912 0.031314
0 0.482112 0.440129 0.027137 0.026615
0 0.190690 0.422725 0.042863 0.024774
0 0.240029 0.411788 0.040286 0.025688
0 0.781764 0.364155 0.029734 0.021836
0 0.285858 0.515046 0.067591 0.039976
0 0.299132 0.406543 0.035185 0.021010
0 0.467659 0.466226 0.046969 0.033508
0 0.356548 0.393876 0.037853 0.023761
0 0.680978 0.401061 0.035388 0.024511
0 0.662894 0.429762 0.038972 0.029472
0 0.437639 0.491775 0.060589 0.036797
0 0.163682 0.553623 0.070934 0.040530
0 0.593576 0.445047 0.037053 0.028910
0 0.418707 0.384989 0.039559 0.024735
0 0.366046 0.519650 0.069310 0.040911
0 0.516563 0.487513 0.058232 0.037699
0 0.403904 0.535880 0.073525 0.043762
0 0.181298 0.411352 0.047402 0.025883
0 0.245604 0.552859 0.071213 0.046164
0 0.282481 0.574977 0.069214 0.046998
0 0.043764 0.587944 0.076577 0.048672
0 0.133520 0.597054 0.081264 0.053278
0 0.181862 0.623532 0.073627 0.049495
0 0.459963 0.374730 0.035276 0.018375
0 0.039290 0.428985 0.050370 0.021006
0 0.147300 0.404901 0.038711 0.028883
