0 0.087969 0.622073 0.063270 0.064184
0 0.354947 0.532384 0.060631 0.064184
0 0.672802 0.567261 0.074885 0.054714
0 0.749686 0.544255 0.059926 0.049882
0 0.619966 0.545532 0.061686 0.048401
0 0.696249 0.527893 0.060137 0.040339
0 0.763698 0.491026 0.048685 0.038968
0 0.801690 0.527842 0.059926 0.046296
0 0.111291 0.463088 0.063099 0.046296
0 0.249177 0.473186 0.060801 0.063558
0 0.932127 0.523603 0.052876 0.039983
0 0.838638 0.505847 0.059926 0.039983
0 0.401911 0.419106 0.053766 0.031566
0 0.508960 0.410669 0.045846 0.033337
0 0.901523 0.466541 0.037047 0.039983
0 0.865717 0.433462 0.035276 0.031566
0 0.788562 0.440402 0.038228 0.032618
0 0.826250 0.442564 0.041446 0.032618
0 0.678345 0.414186 0.044059 0.023382
0 0.567633 0.404779 0.041615 0.027766
