0 0.309895 0.388701 0.037116 0.027073
0 0.426468 0.395681 0.024057 0.028692
0 0.413751 0.437540 0.029300 0.031495
0 0.391886 0.477313 0.063979 0.039034
0 0.373527 0.385090 0.038660 0.026770
0 0.428932 0.415342 0.022240 0.024513
0 0.387243 0.365616 0.101386 0.037926
0 0.431878 0.458162 0.035348 0.033168
0 0.324894 0.502883 0.062001 0.034570
0 0.477035 0.389516 0.023329 0.027410
0 0.448595 0.386155 0.020887 0.022651
0 0.298080 0.531095 0.065263 0.038059
0 0.259089 0.567245 0.072664 0.049504
0 0.497545 0.410616 0.029665 0.045335
0 0.250953 0.595749 0.093220 0.053476
0 0.478487 0.449048 0.029774 0.037849
0 0.371481 0.511836 0.052392 0.032362
0 0.151817 0.652606 0.085518 0.062118
0 0.240519 0.530200 0.052735 0.032987
0 0.127514 0.430475 0.046031 0.027908
0 0.450480 0.483390 0.046562 0.038575
0 0.386584 0.531155 0.049658 0.044735
0 0.137054 0.618118 0.084451 0.056490
0 0.051140 0.720792 0.102280 0.068167
0 0.186186 0.417668 0.046601 0.028133
0 0.155576 0.564349 0.074556 0.045452
0 0.237170 0.408408 0.043905 0.025507
0 0.505450 0.492264 0.073835 0.061036
0 0.049390 0.426666 0.050445 0.032860
0 0.358502 0.581988 0.061986 0.050241
0 0.187541 0.698811 0.081028 0.068785
