0 0.427808 0.409498 0.026262 0.019370
0 0.391277 0.403785 0.034963 0.021811
0 0.432593 0.394141 0.029831 0.020859
0 0.474907 0.402089 0.025061 0.024105
0 0.426983 0.430274 0.027638 0.025587
0 0.456433 0.426835 0.028330 0.024956
0 0.446692 0.451155 0.033511 0.027831
0 0.413510 0.470511 0.052780 0.033776
0 0.511062 0.418792 0.027912 0.031314
0 0.482115 0.437152 0.025486 0.024974
0 0.081732 0.443248 0.048863 0.025066
0 0.163577 0.427325 0.041596 0.028723
0 0.356025 0.491376 0.059961 0.033421
0 0.228493 0.416869 0.035185 0.021010
0 0.477337 0.454760 0.040024 0.020846
0 0.321274 0.400430 0.038985 0.025630
0 0.784704 0.376043 0.031622 0.023087
0 0.579160 0.437163 0.044587 0.028355
0 0.271273 0.518423 0.064382 0.029847
0 0.759582 0.375054 0.022503 0.019901
0 0.405304 0.385374 0.039559 0.024735
0 0.482703 0.478502 0.047489 0.035608
0 0.711440 0.389909 0.032415 0.022452
0 0.645473 0.431905 0.040867 0.029596
0 0.151882 0.415692 0.047402 0.025883
0 0.381616 0.514049 0.063546 0.034740
0 0.581306 0.460027 0.042385 0.024458
0 0.157711 0.565960 0.076875 0.041250
0 0.412741 0.525324 0.057540 0.048608
0 0.539357 0.488238 0.043969 0.032929
0 0.319750 0.569864 0.078999 0.054674
0 0.287840 0.540047 0.074365 0.040980
0 0.196678 0.391051 0.054486 0.037250
0 0.222241 0.405939 0.040969 0.022941
0 0.455681 0.377226 0.041211 0.020839
0 0.282161 0.397506 0.039051 0.025398
0 0.110906 0.415536 0.041411 0.022793
0 0.097345 0.605421 0.077408 0.046871
0 0.054029 0.428573 0.047752 0.026317
0 0.513749 0.369307 0.036103 0.023757
