0 0.795868 0.440088 0.027792 0.025400
0 0.837545 0.442381 0.030785 0.027122
0 0.864252 0.450363 0.024772 0.032208
0 0.856860 0.431387 0.027394 0.024722
0 0.281549 0.467605 0.031715 0.036044
0 0.343299 0.508027 0.061341 0.048883
0 0.253474 0.481018 0.034625 0.037253
0 0.265368 0.452565 0.030622 0.027692
0 0.155709 0.466626 0.052837 0.037412
0 0.253499 0.515433 0.043423 0.047158
0 0.337093 0.426862 0.043077 0.029909
0 0.162389 0.509323 0.041082 0.042255
0 0.842917 0.472268 0.037142 0.028974
0 0.400453 0.420371 0.043780 0.026589
0 0.883977 0.477505 0.037780 0.032269
0 0.789721 0.478396 0.039838 0.030356
0 0.464408 0.416022 0.046743 0.024757
0 0.981346 0.497664 0.037308 0.035278
0 0.142050 0.492314 0.042083 0.037612
0 0.505236 0.404409 0.041155 0.026241
0 0.555592 0.413559 0.039432 0.024226
0 0.894453 0.512136 0.063282 0.036510
0 0.784499 0.496717 0.060402 0.030994
0 0.923675 0.538366 0.052232 0.036741
0 0.813237 0.516466 0.062007 0.040987
0 0.726923 0.520979 0.065955 0.036299
0 0.853376 0.540771 0.028859 0.037525
0 0.724632 0.580935 0.031622 0.043753
0 0.627364 0.410013 0.040780 0.024851
0 0.646232 0.392624 0.042949 0.020579
0 0.373798 0.413306 0.038326 0.032463
0 0.688202 0.571071 0.076126 0.041052
0 0.601654 0.528658 0.061933 0.036372
0 0.574520 0.561413 0.070110 0.041052
0 0.704392 0.413172 0.042382 0.022507
0 0.812734 0.414618 0.048578 0.025132
0 0.573973 0.397915 0.047088 0.023678
0 0.048632 0.487819 0.072264 0.038266
0 0.453692 0.402239 0.047370 0.018762
0 0.755984 0.405289 0.041441 0.019881
0 0.735873 0.383203 0.039245 0.019881
0 0.113392 0.463996 0.052290 0.034806
0 0.371465 0.538990 0.113564 0.062268
0 0.296547 0.582386 0.081261 0.046525
0 0.322837 0.414566 0.042284 0.021561
0 0.247479 0.539363 0.061801 0.033949
0 0.268220 0.440434 0.046412 0.030205
0 0.168527 0.559568 0.066193 0.047639
0 0.875433 0.415748 0.046643 0.020058
0 0.219889 0.439533 0.042609 0.029438
0 0.058829 0.580604 0.062749 0.039762
0 0.509740 0.519039 0.067692 0.037239
0 0.365269 0.714740 0.107002 0.080386
0 0.843460 0.394681 0.037493 0.022663
0 0.202740 0.510393 0.045813 0.051211
0 0.195758 0.478498 0.048113 0.037065
