0 0.802626 0.445453 0.023816 0.034031
0 0.793370 0.485756 0.047675 0.030486
0 0.855594 0.508076 0.066585 0.037980
0 0.630824 0.531851 0.073179 0.048614
0 0.727037 0.510629 0.061344 0.038243
0 0.756696 0.417398 0.039031 0.024852
0 0.790082 0.405560 0.041943 0.021408
0 0.314318 0.439667 0.046080 0.036947
0 0.848225 0.409823 0.037532 0.025849
0 0.266598 0.450715 0.035473 0.030440
0 0.531718 0.557994 0.079715 0.044077
0 0.815383 0.416491 0.037018 0.024757
0 0.880964 0.416048 0.039841 0.027130
0 0.497696 0.413101 0.046410 0.026258
0 0.342205 0.523156 0.068703 0.036761
0 0.367897 0.576271 0.065566 0.038261
0 0.276685 0.555283 0.072467 0.037511
0 0.753510 0.553964 0.034753 0.035469
0 0.139051 0.569964 0.071903 0.042686
0 0.822002 0.399582 0.033789 0.019797
0 0.094259 0.537514 0.073183 0.039972
0 0.135185 0.855206 0.060943 0.068009
0 0.243913 0.595185 0.035236 0.039425
0 0.552171 0.400646 0.040695 0.026998
0 0.445333 0.409662 0.044027 0.026535
0 0.688631 0.414683 0.044237 0.030197
0 0.236868 0.476836 0.044249 0.045292
0 0.619253 0.407721 0.043276 0.023382
0 0.383269 0.421132 0.046578 0.030749
