0 0.801516 0.445828 0.028546 0.034031
0 0.830506 0.457559 0.030785 0.027122
0 0.814797 0.496609 0.052290 0.037953
0 0.869293 0.453141 0.032724 0.026606
0 0.669976 0.414822 0.040896 0.026064
0 0.673273 0.400102 0.041683 0.016784
0 0.299155 0.486822 0.039794 0.046560
0 0.774361 0.409261 0.032958 0.026295
0 0.246436 0.472008 0.032563 0.032273
0 0.939013 0.513845 0.059364 0.039123
0 0.745132 0.416897 0.037018 0.024757
0 0.815876 0.415443 0.043300 0.027500
0 0.380363 0.422047 0.049862 0.026258
0 0.665342 0.511626 0.065140 0.032374
0 0.778629 0.542074 0.058031 0.038261
0 0.665459 0.535366 0.066806 0.034499
0 0.500961 0.549565 0.071903 0.043811
0 0.733668 0.396930 0.037274 0.019797
0 0.299951 0.550817 0.074141 0.039387
0 0.866048 0.415217 0.042585 0.025778
0 0.194708 0.477264 0.044052 0.036261
0 0.418666 0.531113 0.073183 0.039972
0 0.247957 0.574541 0.070994 0.046551
0 0.162899 0.538291 0.070271 0.038261
0 0.079741 0.582221 0.076232 0.044638
0 0.078979 0.550500 0.068075 0.031509
0 0.834642 0.394441 0.039528 0.017255
0 0.767563 0.391481 0.034421 0.018755
0 0.928758 0.415614 0.040957 0.021360
0 0.897653 0.406950 0.036382 0.022142
0 0.678166 0.566537 0.031667 0.035650
0 0.380456 0.724110 0.098260 0.084972
0 0.597042 0.410225 0.042024 0.027953
0 0.217056 0.495764 0.044438 0.046138
0 0.496869 0.403772 0.042940 0.024475
0 0.281255 0.442831 0.047245 0.033601
