0 0.434419 0.414618 0.025549 0.025718
0 0.396638 0.404837 0.034810 0.021811
0 0.435142 0.398124 0.029831 0.023547
0 0.479302 0.409764 0.027857 0.030863
0 0.410328 0.459502 0.041173 0.033772
0 0.374925 0.486292 0.058712 0.033311
0 0.108811 0.414602 0.053632 0.033487
0 0.311172 0.504245 0.058393 0.035343
0 0.529594 0.458801 0.051242 0.027592
0 0.672953 0.409266 0.043430 0.028463
0 0.432839 0.495557 0.056279 0.037389
0 0.233919 0.524015 0.069448 0.032992
0 0.533360 0.484608 0.057874 0.039233
0 0.144457 0.430509 0.049196 0.030638
0 0.192593 0.413976 0.042812 0.024058
0 0.322884 0.395093 0.040019 0.023832
0 0.272371 0.537046 0.067300 0.037658
0 0.367495 0.537753 0.071183 0.047373
0 0.246064 0.412585 0.042399 0.025461
0 0.291351 0.392079 0.043144 0.021565
0 0.243408 0.590517 0.085581 0.054801
0 0.174028 0.559932 0.067682 0.048685
0 0.099697 0.604853 0.082104 0.051250
0 0.395996 0.380315 0.035609 0.022758
0 0.442043 0.378480 0.042158 0.021534
0 0.480517 0.353275 0.051982 0.031812
