0 0.432303 0.413092 0.025809 0.023408
0 0.393739 0.404364 0.034810 0.021811
0 0.433324 0.396423 0.029831 0.022331
0 0.477928 0.407008 0.025061 0.027510
0 0.415009 0.455610 0.033751 0.030577
0 0.395330 0.478871 0.050755 0.033311
0 0.335036 0.496448 0.054405 0.032421
0 0.262073 0.515808 0.069448 0.033534
0 0.760939 0.389894 0.030649 0.020881
0 0.736354 0.377636 0.024012 0.026255
0 0.678202 0.411287 0.034780 0.026087
0 0.069701 0.446503 0.053703 0.032205
0 0.033286 0.425360 0.066572 0.038840
0 0.624892 0.436204 0.045080 0.034956
0 0.607294 0.421441 0.044164 0.029122
0 0.583740 0.456836 0.030640 0.034099
0 0.147692 0.429433 0.040923 0.027249
0 0.268514 0.406864 0.050944 0.025329
0 0.525604 0.463278 0.049033 0.034564
0 0.350621 0.391334 0.044330 0.026013
0 0.485523 0.495666 0.054555 0.039399
0 0.388382 0.503629 0.068958 0.044067
0 0.261726 0.555527 0.076626 0.045350
0 0.330364 0.560424 0.075458 0.048139
0 0.163614 0.562327 0.073184 0.042285
0 0.424264 0.382373 0.040668 0.019874
0 0.475693 0.375771 0.038900 0.021143
0 0.153225 0.620885 0.099439 0.053095
0 0.101229 0.600786 0.088852 0.046514
0 0.218442 0.405704 0.044947 0.027908
0 0.161914 0.406616 0.039214 0.030009
