0 0.378313 0.392265 0.036363 0.027073
0 0.427989 0.421299 0.024295 0.031306
0 0.065651 0.452025 0.049507 0.024876
0 0.389974 0.473611 0.051956 0.031850
0 0.387341 0.377034 0.037615 0.022131
0 0.137855 0.433523 0.040134 0.022893
0 0.312688 0.506521 0.073691 0.044685
0 0.417865 0.388330 0.024549 0.024435
0 0.439144 0.379934 0.023993 0.023256
0 0.665587 0.398280 0.037840 0.026178
0 0.446708 0.403462 0.026886 0.026993
0 0.424569 0.454320 0.040764 0.033633
0 0.495952 0.402836 0.054529 0.068796
0 0.383180 0.505339 0.061154 0.046733
0 0.231477 0.528127 0.068603 0.040938
0 0.455425 0.480175 0.046689 0.038722
0 0.500816 0.452326 0.036802 0.032119
0 0.299470 0.546823 0.066655 0.043428
0 0.499547 0.497563 0.060671 0.043916
0 0.454266 0.460314 0.034383 0.029085
0 0.223157 0.414927 0.036958 0.026049
0 0.463860 0.426686 0.029610 0.031259
0 0.236349 0.563816 0.069197 0.045521
0 0.403383 0.536481 0.062849 0.055096
0 0.288407 0.398744 0.034016 0.026016
0 0.147632 0.417889 0.040814 0.025109
0 0.124878 0.645681 0.093641 0.072320
