0 0.793501 0.438715 0.028076 0.025400
0 0.835348 0.438032 0.030785 0.027122
0 0.863574 0.449173 0.023097 0.030964
0 0.856226 0.430495 0.027394 0.024722
0 0.276963 0.480693 0.030691 0.042140
0 0.593696 0.509492 0.064095 0.038279
0 0.256988 0.485077 0.042675 0.039352
0 0.261613 0.455093 0.026842 0.029425
0 0.242095 0.529918 0.045540 0.049678
0 0.150227 0.524459 0.043928 0.045755
0 0.842917 0.472268 0.037142 0.028974
0 0.302893 0.439713 0.043777 0.029093
0 0.882653 0.469463 0.025724 0.031875
0 0.791828 0.477730 0.039838 0.030356
0 0.348753 0.430172 0.051713 0.024757
0 0.133077 0.504336 0.041912 0.040272
0 0.395928 0.423163 0.042690 0.025539
0 0.820049 0.487228 0.041399 0.028290
0 0.868422 0.561103 0.030047 0.038427
0 0.264509 0.422943 0.047937 0.028556
0 0.453083 0.414308 0.042382 0.022507
0 0.542176 0.409390 0.048578 0.025132
0 0.070146 0.477209 0.057984 0.033994
0 0.517364 0.401623 0.038025 0.019881
0 0.958113 0.506632 0.055174 0.039099
0 0.611113 0.410498 0.044241 0.023451
0 0.867901 0.517041 0.058256 0.037072
0 0.821890 0.547819 0.062039 0.048891
0 0.748236 0.532484 0.060340 0.036476
0 0.678798 0.407981 0.042377 0.024695
0 0.672330 0.397621 0.039236 0.017198
0 0.610763 0.395470 0.036053 0.021403
0 0.667365 0.559840 0.075474 0.041716
0 0.575150 0.541357 0.070265 0.041052
0 0.678438 0.514484 0.064599 0.041856
0 0.559370 0.572629 0.072154 0.039387
0 0.738101 0.508398 0.060533 0.035650
0 0.408813 0.580555 0.077332 0.041592
0 0.740813 0.578519 0.075441 0.053358
0 0.748390 0.411298 0.041854 0.019068
0 0.818129 0.412594 0.042639 0.019068
0 0.754784 0.391127 0.036364 0.019381
0 0.414184 0.405395 0.046805 0.019364
0 0.201389 0.446275 0.046643 0.031520
0 0.189872 0.569782 0.074903 0.041394
0 0.200500 0.536143 0.070773 0.033760
0 0.342274 0.405069 0.041828 0.020318
0 0.219868 0.779287 0.113227 0.091238
0 0.195879 0.517788 0.046636 0.054247
0 0.190510 0.481980 0.048698 0.039398
