0 0.424513 0.405671 0.026262 0.019370
0 0.379861 0.401172 0.036261 0.021811
0 0.429665 0.394973 0.029831 0.020859
0 0.471768 0.399439 0.025150 0.024074
0 0.426261 0.427314 0.027638 0.025587
0 0.456830 0.423583 0.024580 0.025245
0 0.451383 0.447202 0.033511 0.027831
0 0.420248 0.467223 0.052780 0.033776
0 0.510107 0.417338 0.027912 0.031314
0 0.481786 0.417604 0.024121 0.023617
0 0.364760 0.487999 0.059961 0.032693
0 0.485099 0.451023 0.033962 0.029810
0 0.066001 0.446428 0.046225 0.036289
0 0.293224 0.514574 0.060461 0.035873
0 0.221663 0.415899 0.047358 0.037363
0 0.726831 0.383374 0.029940 0.021224
0 0.021877 0.450315 0.043754 0.033236
0 0.302066 0.404449 0.048264 0.027693
0 0.364748 0.392751 0.037148 0.024944
0 0.628449 0.430321 0.097348 0.070545
0 0.206623 0.537279 0.067669 0.043885
0 0.530113 0.496072 0.055174 0.036497
0 0.271549 0.540285 0.059234 0.032895
0 0.375214 0.510354 0.059745 0.039235
0 0.425395 0.381768 0.036626 0.016148
0 0.437765 0.518384 0.022340 0.036540
0 0.298377 0.558608 0.075621 0.046025
0 0.129440 0.550834 0.073476 0.045180
0 0.513462 0.474932 0.045873 0.027803
0 0.459894 0.482890 0.049730 0.033161
0 0.192478 0.599342 0.087385 0.063607
0 0.532923 0.410292 0.023194 0.025024
0 0.112153 0.606721 0.082004 0.049389
0 0.066187 0.673898 0.096074 0.058871
