0 0.802373 0.445828 0.026832 0.034031
0 0.823056 0.466198 0.036896 0.029477
0 0.773934 0.509832 0.061794 0.037953
0 0.860810 0.474652 0.038372 0.028211
0 0.701693 0.415239 0.040430 0.026064
0 0.717314 0.401226 0.034921 0.019913
0 0.292458 0.474565 0.034376 0.045747
0 0.804836 0.411355 0.038787 0.026295
0 0.249049 0.468086 0.035473 0.030440
0 0.829285 0.532650 0.071173 0.039123
0 0.770303 0.417319 0.037018 0.024757
0 0.837335 0.414838 0.043300 0.027500
0 0.417369 0.418848 0.048999 0.026258
0 0.588292 0.516685 0.064733 0.036761
0 0.661948 0.553119 0.062425 0.038261
0 0.548704 0.545464 0.068693 0.035503
0 0.977565 0.520494 0.022954 0.029911
0 0.384761 0.557160 0.071903 0.043811
0 0.768664 0.399274 0.033789 0.019797
0 0.211690 0.550880 0.074141 0.039387
0 0.889685 0.414248 0.042585 0.025778
0 0.223561 0.459791 0.038829 0.028299
0 0.314070 0.532863 0.073183 0.039972
0 0.144982 0.577572 0.070994 0.046551
0 0.077055 0.539942 0.070271 0.038261
0 0.863334 0.395650 0.039528 0.017255
0 0.465944 0.694777 0.039393 0.045226
0 0.240620 0.792584 0.114044 0.093418
0 0.451593 0.405023 0.033871 0.024193
0 0.353422 0.421214 0.040726 0.026535
0 0.635945 0.411399 0.042577 0.030197
0 0.219270 0.493218 0.044438 0.046138
0 0.541818 0.406049 0.042940 0.024475
0 0.311221 0.434640 0.046578 0.030749
