0 0.769834 0.428595 0.034272 0.025400
0 0.738434 0.496542 0.051496 0.038069
0 0.825357 0.427042 0.028772 0.026343
0 0.858726 0.435174 0.031626 0.029673
0 0.800754 0.463017 0.024371 0.027415
0 0.832217 0.452148 0.026682 0.028290
0 0.042642 0.718032 0.085283 0.081882
0 0.046990 0.479376 0.051706 0.024426
0 0.178139 0.458780 0.051716 0.031379
0 0.824803 0.479886 0.038636 0.032393
0 0.263178 0.462032 0.041277 0.037178
0 0.364813 0.427345 0.042639 0.023721
0 0.423896 0.419723 0.037976 0.020574
0 0.526090 0.409210 0.046386 0.027499
0 0.870106 0.460075 0.028670 0.031629
0 0.788538 0.495666 0.045629 0.032420
0 0.802082 0.521045 0.055719 0.034173
0 0.850117 0.498870 0.040823 0.033394
0 0.730295 0.525684 0.054454 0.035221
0 0.615842 0.413388 0.043849 0.021061
0 0.677908 0.410479 0.041729 0.026283
0 0.847175 0.533392 0.056264 0.034215
0 0.031490 0.662159 0.062980 0.064027
0 0.741977 0.411687 0.039224 0.020438
0 0.381763 0.635502 0.086478 0.067478
0 0.267465 0.431657 0.046614 0.035342
0 0.124863 0.460830 0.057976 0.038034
0 0.369758 0.703245 0.103313 0.074763
0 0.238172 0.793622 0.055138 0.054618
0 0.086099 0.821883 0.122239 0.095202
