0 0.378576 0.392265 0.035837 0.027073
0 0.427988 0.422791 0.025723 0.031306
0 0.073610 0.450289 0.049507 0.024876
0 0.384897 0.476100 0.054625 0.033977
0 0.387341 0.377034 0.037615 0.022131
0 0.145822 0.431364 0.040134 0.022893
0 0.307658 0.508731 0.073691 0.044685
0 0.418815 0.390817 0.024549 0.024435
0 0.439144 0.379934 0.023993 0.023256
0 0.655546 0.401904 0.037840 0.026178
0 0.448491 0.404951 0.026887 0.028278
0 0.423024 0.456238 0.040764 0.033633
0 0.498656 0.406886 0.050675 0.071211
0 0.378560 0.508285 0.061154 0.046733
0 0.225111 0.529109 0.068603 0.040938
0 0.448854 0.485268 0.048743 0.039331
0 0.496954 0.455878 0.036802 0.032119
0 0.291770 0.552593 0.066655 0.043428
0 0.484146 0.507384 0.060671 0.043916
0 0.452857 0.461787 0.035340 0.028903
0 0.234676 0.412045 0.035488 0.026049
0 0.464989 0.429314 0.029610 0.031259
0 0.224903 0.571860 0.070734 0.047122
0 0.387470 0.546302 0.062849 0.055096
0 0.296665 0.396356 0.032284 0.025442
0 0.146232 0.418340 0.040814 0.025109
0 0.109151 0.658712 0.094486 0.076371
