0 0.793971 0.438988 0.028020 0.025400
0 0.835784 0.438896 0.030785 0.027122
0 0.863574 0.449173 0.023097 0.030964
0 0.856352 0.430672 0.027394 0.024722
0 0.277874 0.478092 0.030895 0.040929
0 0.562319 0.511828 0.064095 0.041647
0 0.256289 0.484270 0.041075 0.038935
0 0.262399 0.454811 0.026842 0.029425
0 0.244362 0.527039 0.045119 0.049177
0 0.088228 0.477353 0.051954 0.040729
0 0.159853 0.511597 0.041082 0.042255
0 0.842917 0.472268 0.037142 0.028974
0 0.301943 0.438436 0.043778 0.027779
0 0.882525 0.469785 0.025724 0.031875
0 0.791658 0.478197 0.039838 0.030356
0 0.348753 0.430172 0.051713 0.024757
0 0.138010 0.498117 0.042083 0.037612
0 0.405779 0.421124 0.042690 0.025539
0 0.819329 0.487053 0.041399 0.028290
0 0.824396 0.560484 0.030047 0.038427
0 0.339590 0.408831 0.043597 0.026022
0 0.482234 0.412105 0.042382 0.022507
0 0.589336 0.410861 0.048578 0.025132
0 0.181616 0.450126 0.054443 0.030894
0 0.532727 0.401469 0.038025 0.019881
0 0.967498 0.485280 0.064251 0.054324
0 0.963640 0.515264 0.064520 0.041138
0 0.905286 0.498752 0.050076 0.032375
0 0.838858 0.526003 0.059403 0.039099
0 0.658888 0.411724 0.044241 0.023451
0 0.722625 0.540929 0.064493 0.037341
0 0.754784 0.567656 0.073378 0.055244
0 0.609674 0.542288 0.067122 0.038258
0 0.721856 0.411414 0.042377 0.024695
0 0.733227 0.394188 0.039236 0.017198
0 0.677606 0.397921 0.036053 0.021403
0 0.540502 0.574560 0.080289 0.041985
0 0.440227 0.549161 0.071069 0.041052
0 0.645200 0.515270 0.064599 0.041856
0 0.414113 0.581343 0.072154 0.039387
0 0.711047 0.509542 0.060533 0.035650
0 0.750553 0.495031 0.044271 0.036191
0 0.224054 0.583436 0.070414 0.041592
0 0.673568 0.594162 0.075441 0.059032
0 0.798420 0.412769 0.041854 0.019068
0 0.872054 0.414801 0.042639 0.019068
0 0.830444 0.395785 0.036364 0.019381
0 0.455585 0.403898 0.046805 0.019364
0 0.197242 0.516319 0.046473 0.053643
0 0.191553 0.481288 0.048582 0.038934
