0 0.370734 0.391877 0.038991 0.027073
0 0.424744 0.407307 0.024057 0.031306
0 0.411002 0.449328 0.038687 0.031495
0 0.387341 0.377034 0.037615 0.022131
0 0.360519 0.490529 0.066639 0.039034
0 0.413433 0.390197 0.038660 0.026770
0 0.428022 0.430395 0.025529 0.033633
0 0.436523 0.368577 0.082863 0.037926
0 0.418826 0.474933 0.045538 0.036602
0 0.287913 0.506759 0.068603 0.034570
0 0.497894 0.412971 0.027835 0.035217
0 0.488285 0.387975 0.023960 0.026368
0 0.730487 0.393801 0.034753 0.023110
0 0.466380 0.427025 0.029439 0.030025
0 0.057116 0.450456 0.043563 0.034485
0 0.453109 0.405823 0.029597 0.030479
0 0.279646 0.538845 0.065263 0.038059
0 0.647291 0.427131 0.044113 0.028001
0 0.147677 0.430361 0.042969 0.028980
0 0.242931 0.576341 0.072664 0.049504
0 0.457827 0.477436 0.046675 0.036713
0 0.529253 0.416136 0.031984 0.032504
0 0.214826 0.417049 0.040705 0.025790
0 0.405638 0.513404 0.066293 0.055654
0 0.102862 0.609867 0.093220 0.053476
0 0.426333 0.542973 0.058948 0.043436
0 0.308421 0.572107 0.069539 0.052828
0 0.346387 0.525550 0.045801 0.040637
0 0.158381 0.659528 0.089096 0.073519
0 0.101768 0.739151 0.093829 0.079155
