0 0.793339 0.438621 0.028096 0.025400
0 0.835198 0.437735 0.030785 0.027122
0 0.863574 0.449173 0.023097 0.030964
0 0.856182 0.430434 0.027394 0.024722
0 0.276650 0.481587 0.030622 0.042557
0 0.605203 0.510086 0.064095 0.038069
0 0.257228 0.485354 0.043225 0.039495
0 0.261343 0.455190 0.026842 0.029425
0 0.241316 0.530908 0.045684 0.049851
0 0.144189 0.532611 0.045771 0.048020
0 0.842917 0.472268 0.037142 0.028974
0 0.303219 0.440153 0.043776 0.029544
0 0.882698 0.469352 0.025724 0.031875
0 0.791887 0.477569 0.039838 0.030356
0 0.348753 0.430172 0.051713 0.024757
0 0.130257 0.507879 0.041801 0.041993
0 0.391315 0.423361 0.042690 0.025539
0 0.820297 0.487288 0.041399 0.028290
0 0.881848 0.561092 0.030047 0.038427
0 0.236566 0.430673 0.049377 0.031699
0 0.450581 0.414406 0.042382 0.022507
0 0.535965 0.409842 0.048578 0.025132
0 0.028405 0.485306 0.056809 0.033994
0 0.511395 0.402177 0.038025 0.019881
0 0.601980 0.410149 0.044241 0.023451
0 0.910467 0.511102 0.054508 0.037072
0 0.853887 0.542323 0.061307 0.048481
0 0.787607 0.526334 0.060340 0.036476
0 0.666619 0.407858 0.042377 0.024695
0 0.654862 0.398470 0.039236 0.017198
0 0.596035 0.396315 0.036053 0.021403
0 0.703803 0.549970 0.074271 0.041716
0 0.613043 0.537698 0.070265 0.039356
0 0.690635 0.515205 0.064599 0.041856
0 0.602345 0.568067 0.072154 0.039387
0 0.746316 0.508952 0.060533 0.035650
0 0.461020 0.578050 0.074931 0.041592
0 0.768921 0.572676 0.075441 0.053030
0 0.734561 0.411206 0.041854 0.019068
0 0.802539 0.413001 0.042639 0.019068
0 0.728273 0.392015 0.036364 0.019381
0 0.407215 0.405411 0.046805 0.019364
0 0.168245 0.455116 0.046643 0.031520
0 0.255782 0.568821 0.074903 0.041394
0 0.268059 0.535204 0.070773 0.035024
0 0.638837 0.615054 0.080599 0.051315
0 0.313875 0.411702 0.044186 0.022520
0 0.126573 0.458900 0.054028 0.029175
0 0.287027 0.744382 0.102548 0.083820
0 0.195410 0.518294 0.046692 0.054454
0 0.190152 0.482218 0.048738 0.039558
