0 0.428906 0.410640 0.026225 0.019700
0 0.391604 0.403965 0.034810 0.021811
0 0.432723 0.394044 0.029831 0.020859
0 0.475972 0.403004 0.025061 0.024105
0 0.426727 0.431320 0.028207 0.027445
0 0.456134 0.434673 0.028477 0.028840
0 0.432539 0.458501 0.040309 0.030526
0 0.382640 0.484401 0.063808 0.032090
0 0.030852 0.445160 0.057017 0.027561
0 0.092502 0.442926 0.053819 0.032301
0 0.511406 0.419315 0.027912 0.031314
0 0.482112 0.439692 0.026895 0.026374
0 0.177353 0.424733 0.042863 0.024774
0 0.234087 0.412514 0.040558 0.026581
0 0.300428 0.509850 0.067591 0.039976
0 0.295645 0.407317 0.035185 0.021010
0 0.471057 0.464556 0.044582 0.030275
0 0.354785 0.394442 0.038084 0.024141
0 0.709402 0.391233 0.032536 0.021360
0 0.682256 0.420748 0.036291 0.026714
0 0.450104 0.487396 0.060589 0.036797
0 0.175952 0.550566 0.070934 0.040530
0 0.622980 0.429568 0.034910 0.027344
0 0.416440 0.384731 0.039559 0.024735
0 0.373842 0.515676 0.069310 0.040911
0 0.550507 0.466061 0.046145 0.031469
0 0.450490 0.517314 0.065474 0.041779
0 0.180215 0.411403 0.047402 0.025883
0 0.267970 0.547663 0.071213 0.046164
0 0.336287 0.557781 0.066149 0.044697
0 0.053102 0.585278 0.076577 0.041869
0 0.172246 0.590482 0.081264 0.053278
0 0.251388 0.602212 0.068518 0.045366
0 0.445184 0.376857 0.025838 0.018173
0 0.116289 0.410923 0.040295 0.028883
