0 0.431439 0.412468 0.025915 0.022465
0 0.392556 0.404172 0.034810 0.021811
0 0.432583 0.395728 0.029831 0.021835
0 0.477854 0.405856 0.025061 0.025914
0 0.416499 0.452962 0.032982 0.029354
0 0.398287 0.477111 0.050755 0.033311
0 0.338963 0.495801 0.054405 0.032421
0 0.269894 0.517549 0.069448 0.034490
0 0.763197 0.386007 0.034520 0.024232
0 0.764349 0.366122 0.035482 0.018244
0 0.022497 0.460149 0.041091 0.032429
0 0.170592 0.424462 0.054859 0.027561
0 0.672697 0.401377 0.031629 0.025669
0 0.257324 0.405564 0.046882 0.028245
0 0.652792 0.427616 0.039158 0.030227
0 0.504063 0.437196 0.034892 0.035063
0 0.490881 0.478101 0.053953 0.038474
0 0.578511 0.447811 0.038656 0.029296
0 0.380360 0.507166 0.058667 0.035375
0 0.320544 0.398265 0.040668 0.021753
0 0.379087 0.388998 0.038900 0.021143
0 0.448392 0.513401 0.058371 0.042684
0 0.312589 0.541156 0.068164 0.041356
0 0.151045 0.547053 0.075776 0.041204
0 0.435082 0.383540 0.030802 0.019874
0 0.087955 0.434364 0.044947 0.027908
0 0.137578 0.606535 0.094864 0.054367
0 0.152931 0.577639 0.081312 0.045482
0 0.493189 0.372605 0.034508 0.019035
0 0.056130 0.430066 0.047998 0.023044
0 0.106132 0.616301 0.091611 0.058247
0 0.209708 0.400964 0.047716 0.022507
