0 0.432461 0.413206 0.025789 0.023581
0 0.393956 0.404400 0.034810 0.021811
0 0.433460 0.396550 0.029831 0.022422
0 0.477942 0.407220 0.025061 0.027803
0 0.414736 0.456095 0.033892 0.030801
0 0.396654 0.479366 0.050755 0.033311
0 0.334316 0.496567 0.054405 0.032421
0 0.260639 0.515489 0.069448 0.033358
0 0.765542 0.373293 0.022208 0.020394
0 0.788792 0.377632 0.023963 0.020977
0 0.739824 0.398758 0.032435 0.023657
0 0.711915 0.389175 0.028139 0.027164
0 0.651585 0.421445 0.039359 0.027005
0 0.095884 0.437763 0.052860 0.032205
0 0.057556 0.419443 0.055163 0.034097
0 0.595827 0.449077 0.046210 0.035192
0 0.573830 0.431585 0.047782 0.031306
0 0.553677 0.468925 0.035794 0.037471
0 0.172400 0.423061 0.040488 0.026558
0 0.285443 0.404019 0.047630 0.023439
0 0.490120 0.474972 0.049695 0.035916
0 0.371152 0.388488 0.042171 0.024124
0 0.449412 0.512069 0.060465 0.040942
0 0.342554 0.519737 0.071081 0.044387
0 0.030245 0.448586 0.046998 0.033817
0 0.215047 0.569741 0.081523 0.047593
0 0.268150 0.582414 0.080558 0.050344
0 0.124426 0.568873 0.075492 0.042285
0 0.444003 0.380305 0.040668 0.019874
0 0.492117 0.374738 0.038900 0.021143
0 0.076265 0.641852 0.103616 0.054125
0 0.057060 0.608561 0.088852 0.046514
0 0.196077 0.400151 0.039214 0.030009
