0 0.798378 0.442285 0.027973 0.026517
0 0.837125 0.445707 0.030785 0.027122
0 0.865558 0.452656 0.027999 0.034604
0 0.857573 0.432390 0.027394 0.024722
0 0.375111 0.424806 0.040896 0.026064
0 0.310965 0.495672 0.046237 0.048883
0 0.247759 0.477013 0.027575 0.035416
0 0.493343 0.414145 0.037018 0.024757
0 0.576292 0.411556 0.043300 0.027500
0 0.273480 0.487447 0.033602 0.045127
0 0.802387 0.469360 0.032461 0.030817
0 0.843207 0.511065 0.067238 0.029620
0 0.660798 0.411622 0.042585 0.025778
0 0.165947 0.506132 0.041082 0.042255
0 0.976620 0.490511 0.046761 0.033506
0 0.806687 0.531216 0.063790 0.042756
0 0.699110 0.505436 0.063866 0.038261
0 0.711391 0.545375 0.070898 0.039249
0 0.630922 0.534343 0.067169 0.038412
0 0.576090 0.392558 0.039528 0.019619
0 0.510977 0.390060 0.034421 0.021386
0 0.733763 0.413641 0.040957 0.021360
0 0.578143 0.567190 0.079048 0.046364
0 0.896894 0.541841 0.066294 0.047580
0 0.406427 0.551150 0.076044 0.041412
0 0.643304 0.392479 0.041096 0.019881
0 0.183042 0.450818 0.055472 0.026555
0 0.302526 0.583073 0.080054 0.045913
0 0.212636 0.554874 0.072279 0.038891
0 0.225059 0.525375 0.070020 0.036191
0 0.810629 0.417733 0.046743 0.024757
0 0.461119 0.408730 0.043152 0.025883
0 0.149849 0.583109 0.072154 0.043138
0 0.405017 0.410956 0.040957 0.023444
0 0.612524 0.403272 0.040303 0.022663
0 0.713391 0.401579 0.039868 0.020839
0 0.058445 0.564037 0.074809 0.049003
0 0.097703 0.536813 0.071556 0.039669
0 0.474855 0.689111 0.042208 0.050552
0 0.537745 0.403521 0.044301 0.026633
0 0.270095 0.442095 0.044053 0.034481
0 0.210453 0.502080 0.044888 0.047798
0 0.201658 0.474583 0.047456 0.034442
