0 0.342520 0.384210 0.037809 0.019370
0 0.349955 0.396112 0.040448 0.021811
0 0.404033 0.383278 0.024620 0.024010
0 0.435326 0.387210 0.023485 0.025329
0 0.467101 0.394536 0.021259 0.022247
0 0.440938 0.416470 0.024410 0.027805
0 0.420696 0.445611 0.032222 0.032688
0 0.473867 0.418109 0.024635 0.030557
0 0.068241 0.452403 0.053606 0.028715
0 0.154962 0.429044 0.047725 0.027997
0 0.298734 0.512785 0.068969 0.039580
0 0.226827 0.417368 0.049507 0.024876
0 0.196924 0.533128 0.073476 0.045180
0 0.472703 0.379137 0.026791 0.019900
0 0.498224 0.403845 0.031248 0.033310
0 0.290677 0.405452 0.040134 0.022893
0 0.098630 0.561858 0.081478 0.053995
0 0.390945 0.481100 0.052679 0.033380
0 0.706366 0.405625 0.037128 0.025241
0 0.622115 0.437097 0.038746 0.028906
0 0.496737 0.450368 0.038171 0.029244
0 0.471405 0.476712 0.056385 0.035465
0 0.386449 0.520725 0.068324 0.053736
0 0.310849 0.565196 0.067166 0.055141
0 0.216818 0.587203 0.077153 0.051394
0 0.124615 0.723729 0.200606 0.195831
