0 0.430530 0.422789 0.026810 0.029947
0 0.287829 0.374893 0.110754 0.044187
0 0.403690 0.401314 0.038650 0.029149
0 0.369417 0.483391 0.060060 0.030449
0 0.381973 0.503241 0.054174 0.038059
0 0.309097 0.536703 0.072664 0.043280
0 0.668795 0.422243 0.044886 0.026888
0 0.422782 0.461722 0.031340 0.030637
0 0.359882 0.543524 0.059714 0.044792
0 0.294999 0.514705 0.052735 0.032987
0 0.127514 0.430475 0.046031 0.027908
0 0.459561 0.476984 0.041109 0.034445
0 0.414591 0.513618 0.046947 0.036688
0 0.213726 0.573636 0.080985 0.050855
0 0.292198 0.577293 0.068279 0.048745
0 0.186186 0.417668 0.046601 0.028133
0 0.208732 0.540711 0.074556 0.043113
0 0.237170 0.408408 0.043905 0.025507
0 0.030648 0.436462 0.054022 0.035407
0 0.614827 0.432798 0.037607 0.031004
0 0.507933 0.490617 0.044811 0.040413
0 0.412523 0.546625 0.057884 0.045197
0 0.078101 0.585450 0.035445 0.047264
0 0.072524 0.789478 0.101691 0.086757
