0 0.428400 0.410186 0.026262 0.019370
0 0.392363 0.404061 0.034810 0.021811
0 0.433121 0.393983 0.029831 0.020859
0 0.475439 0.402547 0.025061 0.024105
0 0.426887 0.430798 0.027888 0.026402
0 0.456293 0.430344 0.028477 0.026653
0 0.444988 0.451896 0.033511 0.027831
0 0.407541 0.473830 0.052780 0.033776
0 0.032836 0.459406 0.053289 0.037625
0 0.511234 0.419053 0.027912 0.031314
0 0.482113 0.438422 0.026191 0.025674
0 0.131830 0.431712 0.044681 0.024774
0 0.209127 0.416504 0.041077 0.028285
0 0.339739 0.499400 0.059961 0.039976
0 0.272105 0.408794 0.035185 0.021010
0 0.477492 0.459676 0.040024 0.023269
0 0.349656 0.396086 0.038755 0.025249
0 0.741109 0.394582 0.033060 0.023522
0 0.509962 0.467145 0.048589 0.033344
0 0.221673 0.532866 0.064382 0.040530
0 0.700804 0.395187 0.029824 0.023696
0 0.410371 0.384529 0.039559 0.024735
0 0.411178 0.505566 0.060216 0.041302
0 0.631096 0.423400 0.038781 0.024183
0 0.564911 0.468968 0.047962 0.032624
0 0.177063 0.411550 0.047402 0.025883
0 0.319566 0.531666 0.063328 0.036531
0 0.476711 0.505584 0.053544 0.032455
0 0.089982 0.580180 0.068652 0.041250
0 0.290125 0.565557 0.072110 0.048608
0 0.418627 0.542912 0.056065 0.040472
0 0.030250 0.429106 0.041607 0.028883
0 0.191803 0.609026 0.086774 0.054674
0 0.176261 0.573933 0.074365 0.040980
0 0.257580 0.380031 0.054486 0.037250
0 0.332678 0.379197 0.038742 0.024163
0 0.241564 0.404286 0.034438 0.023865
0 0.479127 0.373960 0.041211 0.020839
