0 0.794265 0.439159 0.027985 0.025400
0 0.836057 0.439437 0.030785 0.027122
0 0.863574 0.449173 0.023097 0.030964
0 0.856430 0.430783 0.027394 0.024722
0 0.278444 0.476466 0.031022 0.040171
0 0.533267 0.514773 0.064095 0.045255
0 0.255853 0.483766 0.040075 0.038674
0 0.262890 0.454635 0.026842 0.029425
0 0.245778 0.525240 0.044856 0.048864
0 0.162306 0.459015 0.049617 0.035693
0 0.160247 0.511245 0.041082 0.042255
0 0.842917 0.472268 0.037142 0.028974
0 0.301349 0.437637 0.043779 0.026958
0 0.882444 0.469986 0.025724 0.031875
0 0.791552 0.478489 0.039838 0.030356
0 0.354863 0.429599 0.051713 0.024757
0 0.138776 0.497126 0.042083 0.037612
0 0.415826 0.419772 0.040898 0.024817
0 0.818879 0.486944 0.041399 0.028290
0 0.793881 0.561024 0.030047 0.038427
0 0.386669 0.401229 0.043597 0.024501
0 0.505010 0.410329 0.042382 0.022507
0 0.622085 0.411701 0.048578 0.025132
0 0.230860 0.438616 0.052318 0.029034
0 0.542328 0.401373 0.038025 0.019881
0 0.912455 0.497623 0.080035 0.054324
0 0.883118 0.528660 0.068769 0.041138
0 0.812370 0.512542 0.055036 0.035108
0 0.740468 0.537177 0.062276 0.042712
0 0.691984 0.411892 0.046356 0.023451
0 0.627568 0.555366 0.069052 0.039762
0 0.729467 0.573265 0.073378 0.055244
0 0.515801 0.547981 0.068077 0.038258
0 0.755448 0.411750 0.042377 0.024695
0 0.773424 0.396878 0.039236 0.020556
0 0.717804 0.399602 0.036053 0.021403
0 0.445575 0.581546 0.080289 0.044406
0 0.338419 0.550543 0.075893 0.041052
0 0.623003 0.517285 0.064599 0.041856
0 0.305030 0.581583 0.072154 0.039387
0 0.692649 0.508917 0.060533 0.035650
0 0.081783 0.468969 0.052232 0.041590
0 0.750553 0.495031 0.044271 0.036191
0 0.102671 0.577262 0.069117 0.041592
0 0.645861 0.603353 0.075441 0.064279
0 0.833698 0.412938 0.041854 0.019068
0 0.905787 0.414465 0.042639 0.019068
0 0.871626 0.397130 0.036364 0.019381
0 0.483114 0.402477 0.046805 0.019364
0 0.491776 0.665548 0.098585 0.059477
0 0.198095 0.515400 0.046370 0.053266
0 0.192205 0.480855 0.048509 0.038645
