0 0.422866 0.403758 0.026262 0.019370
0 0.374153 0.399865 0.036910 0.021811
0 0.424782 0.391990 0.029831 0.020859
0 0.456281 0.388147 0.029756 0.022470
0 0.425900 0.425834 0.027638 0.025587
0 0.456019 0.419790 0.023485 0.025329
0 0.461881 0.439807 0.033511 0.027831
0 0.429372 0.462477 0.045960 0.032895
0 0.505884 0.409915 0.027912 0.031314
0 0.477302 0.406921 0.024121 0.023617
0 0.381734 0.484246 0.052845 0.034325
0 0.494461 0.438280 0.033962 0.029810
0 0.306889 0.513824 0.060461 0.035873
0 0.158089 0.425438 0.049455 0.033198
0 0.233962 0.415181 0.047893 0.027782
0 0.296390 0.405446 0.041656 0.023811
0 0.790167 0.368261 0.069335 0.048609
0 0.210913 0.533789 0.070412 0.034580
0 0.702358 0.407518 0.034356 0.021879
0 0.440338 0.481406 0.042908 0.021851
0 0.501079 0.464555 0.046514 0.031815
0 0.358786 0.394820 0.040041 0.020453
0 0.548634 0.408694 0.018947 0.026108
0 0.572897 0.452548 0.042843 0.031964
0 0.134627 0.547732 0.073476 0.045180
0 0.712426 0.389014 0.032319 0.018315
0 0.531630 0.441697 0.035040 0.026185
0 0.457968 0.498187 0.056241 0.041085
0 0.523742 0.402256 0.023194 0.025024
0 0.385655 0.528759 0.068321 0.039846
0 0.407565 0.385507 0.033901 0.017522
0 0.048611 0.574865 0.081478 0.053995
0 0.496537 0.510946 0.055103 0.037548
0 0.059108 0.440783 0.054273 0.035635
0 0.273265 0.577305 0.083710 0.045251
0 0.214979 0.559113 0.079996 0.045376
0 0.123420 0.626526 0.093434 0.052665
