0 0.347889 0.384715 0.036763 0.019370
0 0.362224 0.397134 0.038265 0.021811
0 0.410440 0.393272 0.027101 0.024282
0 0.439899 0.394693 0.023485 0.025329
0 0.472571 0.397806 0.021259 0.022247
0 0.443687 0.426641 0.024410 0.027805
0 0.414831 0.454248 0.035644 0.032688
0 0.445415 0.375984 0.027415 0.018861
0 0.478370 0.427315 0.024635 0.030557
0 0.016562 0.462290 0.033124 0.040217
0 0.079874 0.449216 0.053606 0.028715
0 0.165481 0.427393 0.047082 0.027222
0 0.271911 0.517800 0.068969 0.039580
0 0.769562 0.371995 0.025280 0.018522
0 0.238695 0.415350 0.048181 0.024702
0 0.174572 0.536785 0.073476 0.045180
0 0.481681 0.384891 0.030313 0.019900
0 0.501358 0.408161 0.031248 0.033310
0 0.306060 0.403727 0.040134 0.022893
0 0.089218 0.564672 0.081478 0.053995
0 0.689722 0.397828 0.030909 0.020118
0 0.365655 0.492095 0.052679 0.033380
0 0.660752 0.424084 0.038565 0.025242
0 0.570705 0.456088 0.041805 0.029190
0 0.487583 0.461179 0.041122 0.029244
0 0.442485 0.487901 0.056385 0.035465
0 0.347888 0.539172 0.068324 0.053736
0 0.154209 0.627803 0.092678 0.063411
0 0.093737 0.759176 0.167083 0.196254
