0 0.796500 0.440455 0.027716 0.025400
0 0.837815 0.443371 0.030785 0.027122
0 0.864562 0.450908 0.025539 0.032778
0 0.857029 0.431625 0.027394 0.024722
0 0.282773 0.464110 0.031989 0.034416
0 0.336653 0.505262 0.057520 0.048883
0 0.252536 0.479934 0.032475 0.036693
0 0.266097 0.450351 0.036873 0.024824
0 0.289765 0.435572 0.044259 0.031253
0 0.256545 0.511565 0.042858 0.046485
0 0.803534 0.465398 0.029475 0.030056
0 0.389323 0.419482 0.044596 0.026329
0 0.163235 0.508565 0.041082 0.042255
0 0.842917 0.472268 0.037142 0.028974
0 0.144767 0.454923 0.047794 0.026404
0 0.447266 0.416596 0.040957 0.021360
0 0.928551 0.518090 0.058031 0.036215
0 0.838490 0.501463 0.050410 0.032408
0 0.772671 0.486052 0.044619 0.032839
0 0.520334 0.410790 0.046743 0.024757
0 0.046490 0.484263 0.059162 0.042698
0 0.853808 0.532916 0.059615 0.039011
0 0.142210 0.491161 0.042083 0.037612
0 0.586862 0.405427 0.041155 0.026241
0 0.639744 0.411537 0.039432 0.024226
0 0.763374 0.542617 0.078971 0.048404
0 0.707263 0.509541 0.071070 0.039669
0 0.739045 0.564167 0.063138 0.040512
0 0.658836 0.537373 0.071526 0.042763
0 0.558418 0.530341 0.066677 0.036299
0 0.665423 0.564246 0.035778 0.038030
0 0.721857 0.584448 0.031622 0.043753
0 0.708069 0.410870 0.040780 0.022953
0 0.683159 0.394911 0.048574 0.020579
0 0.468375 0.400753 0.041392 0.025360
0 0.430990 0.578646 0.076345 0.041052
0 0.423776 0.537076 0.066676 0.036719
0 0.292038 0.578182 0.075293 0.041052
0 0.787145 0.416568 0.042382 0.022507
0 0.896713 0.413890 0.040500 0.025132
0 0.744160 0.392236 0.047088 0.023632
0 0.196148 0.453893 0.056813 0.027372
0 0.550002 0.397454 0.047370 0.022112
0 0.837998 0.407889 0.041441 0.019881
0 0.841627 0.394987 0.039245 0.019881
0 0.351134 0.413226 0.027145 0.024765
0 0.247596 0.429693 0.044547 0.027008
0 0.127100 0.543486 0.113564 0.062268
0 0.048834 0.580488 0.081261 0.046525
0 0.427230 0.398080 0.040782 0.021006
0 0.301746 0.744062 0.115685 0.091697
0 0.342323 0.523911 0.072385 0.038296
0 0.079946 0.851048 0.131711 0.116768
0 0.204572 0.508418 0.045593 0.050400
0 0.197160 0.477568 0.047957 0.036442
