0 0.309895 0.388701 0.037116 0.027073
0 0.426433 0.393710 0.024057 0.027854
0 0.414902 0.434271 0.025587 0.031495
0 0.397851 0.474689 0.059456 0.039034
0 0.348039 0.386777 0.040766 0.026770
0 0.428580 0.413119 0.021888 0.023337
0 0.371959 0.365670 0.102449 0.037926
0 0.434476 0.453414 0.032961 0.032753
0 0.327309 0.502259 0.061058 0.034570
0 0.474831 0.385983 0.023329 0.024986
0 0.447909 0.384209 0.020887 0.022039
0 0.299635 0.530865 0.065263 0.038059
0 0.259700 0.566595 0.072664 0.049504
0 0.497949 0.408764 0.029665 0.045335
0 0.294546 0.586297 0.093220 0.053476
0 0.479059 0.445707 0.029303 0.036641
0 0.377827 0.508228 0.050536 0.032362
0 0.164617 0.645337 0.085518 0.062118
0 0.243014 0.529301 0.052735 0.032987
0 0.127514 0.430475 0.046031 0.027908
0 0.454050 0.480279 0.045595 0.036569
0 0.399384 0.523120 0.049658 0.044735
0 0.154013 0.604727 0.084451 0.056490
0 0.058878 0.708597 0.100465 0.070068
0 0.186186 0.417668 0.046601 0.028133
0 0.156176 0.563592 0.074556 0.044892
0 0.237170 0.408408 0.043905 0.025507
0 0.565130 0.463194 0.067111 0.051105
0 0.047378 0.428852 0.052273 0.032860
0 0.430812 0.541231 0.055572 0.046782
0 0.080381 0.750251 0.101834 0.076544
