0 0.777449 0.432246 0.021185 0.030373
0 0.788814 0.417201 0.024371 0.030227
0 0.145515 0.576695 0.055626 0.053896
0 0.227508 0.541171 0.041629 0.047037
0 0.281559 0.449167 0.042166 0.046252
0 0.812959 0.413779 0.024139 0.029501
0 0.842565 0.447322 0.028575 0.032556
0 0.816508 0.461911 0.026681 0.033471
0 0.405579 0.421338 0.043849 0.023004
0 0.459864 0.414747 0.041729 0.026283
0 0.840636 0.416239 0.028603 0.026112
0 0.516078 0.405186 0.041486 0.020438
0 0.779986 0.458010 0.030307 0.034815
0 0.889694 0.472836 0.031551 0.035148
0 0.877291 0.442867 0.037417 0.032360
0 0.757453 0.517717 0.048969 0.039805
0 0.068378 0.477740 0.051648 0.035624
0 0.546809 0.584628 0.069273 0.056738
0 0.155449 0.458068 0.054179 0.034612
0 0.697947 0.412592 0.035069 0.023962
0 0.332265 0.671211 0.091972 0.066764
0 0.211437 0.480520 0.040796 0.036524
0 0.214951 0.432657 0.047571 0.031444
0 0.383345 0.710471 0.102985 0.072891
