0 0.791913 0.437794 0.028267 0.025400
0 0.833874 0.435115 0.030785 0.027122
0 0.863574 0.449173 0.023097 0.030964
0 0.855800 0.429896 0.027394 0.024722
0 0.249200 0.540880 0.037883 0.051715
0 0.663167 0.510887 0.064095 0.038069
0 0.388992 0.549692 0.075124 0.047084
0 0.227363 0.498734 0.035464 0.040657
0 0.842917 0.472268 0.037142 0.028974
0 0.285243 0.447187 0.043772 0.033361
0 0.883088 0.468376 0.025724 0.031875
0 0.792402 0.476152 0.039838 0.030356
0 0.075626 0.614378 0.055734 0.069544
0 0.340820 0.429252 0.042690 0.025539
0 0.822480 0.487818 0.041399 0.028290
0 0.897217 0.559157 0.030047 0.038427
0 0.416612 0.415679 0.042382 0.022507
0 0.504117 0.411966 0.048578 0.025132
0 0.466333 0.401403 0.042996 0.019881
0 0.560404 0.410547 0.044241 0.023451
0 0.620673 0.408306 0.042377 0.024695
0 0.577546 0.398035 0.039236 0.017198
0 0.525541 0.396922 0.036053 0.021403
0 0.925913 0.496143 0.051725 0.028668
0 0.915167 0.521999 0.051995 0.031822
0 0.788185 0.502364 0.049675 0.032393
0 0.829276 0.528690 0.055957 0.034594
0 0.963677 0.524221 0.060521 0.043310
0 0.687941 0.410904 0.041854 0.019068
0 0.740664 0.413691 0.042639 0.019068
0 0.325745 0.419081 0.046805 0.019364
0 0.664291 0.550660 0.074903 0.041394
0 0.748235 0.526761 0.067366 0.041333
0 0.861678 0.550024 0.067591 0.037496
0 0.031133 0.484227 0.050557 0.037216
0 0.143802 0.454219 0.053013 0.037989
0 0.785426 0.414892 0.035031 0.018443
0 0.701043 0.396368 0.044704 0.023132
0 0.103220 0.555794 0.042986 0.048942
0 0.844150 0.411668 0.045227 0.027195
0 0.250343 0.445072 0.038691 0.031930
0 0.634098 0.585381 0.067124 0.046435
0 0.738610 0.510580 0.054107 0.038479
0 0.190610 0.488709 0.041630 0.040982
0 0.099482 0.643172 0.069584 0.081136
0 0.144593 0.566980 0.043205 0.057999
