0 0.349110 0.387024 0.037116 0.027073
0 0.426577 0.401826 0.024057 0.031306
0 0.414895 0.441492 0.029300 0.031495
0 0.383635 0.481594 0.066639 0.039034
0 0.395295 0.385936 0.038660 0.026770
0 0.430027 0.422274 0.023337 0.028178
0 0.416219 0.363808 0.089141 0.037926
0 0.429737 0.460726 0.039015 0.036602
0 0.317363 0.504825 0.064942 0.034570
0 0.473644 0.404692 0.023329 0.027410
0 0.450733 0.392223 0.020887 0.024560
0 0.293310 0.532176 0.065263 0.038059
0 0.257182 0.569272 0.072664 0.049504
0 0.494224 0.427727 0.037383 0.045335
0 0.200265 0.604962 0.093220 0.053476
0 0.470650 0.472455 0.036036 0.037849
0 0.355325 0.521161 0.053483 0.032362
0 0.145088 0.661944 0.085915 0.062118
0 0.231455 0.532946 0.052735 0.037240
0 0.127514 0.430475 0.046031 0.027908
0 0.418328 0.510127 0.054891 0.044559
0 0.345987 0.557922 0.053261 0.042548
0 0.078205 0.659750 0.091346 0.065504
0 0.046148 0.727326 0.092297 0.081006
0 0.203031 0.412802 0.043741 0.028133
0 0.146006 0.566309 0.074556 0.055418
0 0.276466 0.397588 0.040500 0.025507
0 0.317076 0.609900 0.090349 0.081774
0 0.192331 0.690737 0.066257 0.060006
0 0.091286 0.771663 0.111867 0.090632
