0 0.426938 0.408487 0.026262 0.019370
0 0.388263 0.403095 0.035306 0.021811
0 0.431817 0.394373 0.029831 0.020859
0 0.474124 0.401416 0.025061 0.024105
0 0.426792 0.429493 0.027638 0.025587
0 0.456538 0.425976 0.027340 0.025032
0 0.447347 0.450573 0.033511 0.027831
0 0.415289 0.469643 0.052780 0.033776
0 0.510810 0.418408 0.027912 0.031314
0 0.482116 0.435286 0.024452 0.023945
0 0.023543 0.456489 0.047087 0.028507
0 0.093800 0.442576 0.045487 0.027378
0 0.359674 0.492300 0.059961 0.032693
0 0.156335 0.429640 0.035185 0.021010
0 0.480462 0.456681 0.039754 0.028402
0 0.234664 0.414214 0.038985 0.025630
0 0.686835 0.397437 0.035779 0.022586
0 0.289574 0.518893 0.060461 0.035873
0 0.377171 0.388161 0.040740 0.026215
0 0.589380 0.430017 0.042611 0.030198
0 0.743560 0.388256 0.031303 0.023132
0 0.089706 0.426704 0.047402 0.020592
0 0.482477 0.476875 0.050501 0.032238
0 0.691058 0.416819 0.033753 0.022902
0 0.250637 0.543432 0.068467 0.041653
0 0.562894 0.466681 0.049123 0.033359
0 0.650226 0.433744 0.033425 0.026228
0 0.500139 0.496956 0.056457 0.038782
0 0.407628 0.502736 0.059225 0.037420
0 0.112520 0.404639 0.060443 0.037250
0 0.162175 0.414812 0.040969 0.021624
0 0.444641 0.378078 0.041211 0.020839
0 0.236703 0.402428 0.034481 0.020435
0 0.030665 0.430174 0.047363 0.022793
0 0.304505 0.550100 0.063715 0.040680
0 0.502232 0.371251 0.036103 0.023757
0 0.072927 0.623497 0.145855 0.112731
0 0.148867 0.559736 0.070913 0.035127
