0 0.772817 0.430505 0.034272 0.025400
0 0.805202 0.407716 0.031387 0.023232
0 0.835487 0.404714 0.030480 0.025093
0 0.719353 0.503228 0.063419 0.038069
0 0.831964 0.437443 0.029030 0.027815
0 0.868023 0.444586 0.031626 0.031875
0 0.801250 0.463676 0.024371 0.027415
0 0.833727 0.462842 0.026682 0.028290
0 0.089575 0.487250 0.062025 0.032258
0 0.125503 0.650305 0.079639 0.077794
0 0.136013 0.465957 0.048752 0.024426
0 0.222565 0.449760 0.051716 0.031379
0 0.817734 0.484845 0.038636 0.032393
0 0.292876 0.442197 0.042805 0.029962
0 0.392538 0.423642 0.042639 0.023721
0 0.458848 0.418120 0.037976 0.020574
0 0.566828 0.408717 0.045227 0.027195
0 0.872376 0.473181 0.028670 0.031629
0 0.782660 0.498696 0.048390 0.032982
0 0.795831 0.522179 0.055719 0.034173
0 0.838696 0.508606 0.050325 0.036911
0 0.714610 0.531826 0.056070 0.035225
0 0.653314 0.412382 0.043849 0.021061
0 0.705789 0.411468 0.041729 0.026283
0 0.795808 0.541987 0.075896 0.037817
0 0.088093 0.617826 0.064520 0.060457
0 0.756612 0.411648 0.039224 0.020438
0 0.257296 0.687449 0.091180 0.071683
0 0.207719 0.774556 0.118635 0.085144
0 0.153055 0.851325 0.055138 0.054618
