0 0.769051 0.428019 0.034272 0.025400
0 0.742053 0.494182 0.050008 0.038069
0 0.824242 0.425033 0.028664 0.025729
0 0.857154 0.432574 0.031626 0.028755
0 0.800636 0.462861 0.024371 0.027415
0 0.831858 0.449602 0.026682 0.028290
0 0.028383 0.726653 0.056766 0.078827
0 0.027893 0.481744 0.051706 0.024426
0 0.164301 0.462732 0.051716 0.031379
0 0.826486 0.478705 0.038636 0.032393
0 0.256650 0.468132 0.038830 0.039941
0 0.358965 0.428809 0.042639 0.023721
0 0.417842 0.420364 0.037976 0.020574
0 0.515214 0.409852 0.047352 0.027752
0 0.868608 0.457148 0.028670 0.031629
0 0.789938 0.494944 0.044972 0.032286
0 0.803570 0.520775 0.055719 0.034173
0 0.852837 0.496552 0.038560 0.032556
0 0.733389 0.524237 0.053107 0.035218
0 0.605554 0.413068 0.043849 0.021061
0 0.669603 0.410351 0.041729 0.026283
0 0.858134 0.531171 0.054875 0.034215
0 0.025713 0.666414 0.051425 0.053053
0 0.735547 0.411815 0.039224 0.020438
0 0.405853 0.625779 0.082559 0.063974
0 0.261162 0.434137 0.046925 0.036079
0 0.114331 0.462852 0.057976 0.038034
0 0.408536 0.687667 0.096258 0.067494
0 0.264418 0.779102 0.055138 0.054618
0 0.125566 0.802931 0.117908 0.090483
