0 0.429107 0.410786 0.026201 0.019920
0 0.391272 0.403924 0.034810 0.021811
0 0.432337 0.394121 0.029831 0.020859
0 0.476205 0.403205 0.025061 0.024105
0 0.426657 0.431548 0.028347 0.027902
0 0.456064 0.436567 0.028477 0.029796
0 0.423593 0.463948 0.045514 0.030526
0 0.366862 0.487218 0.063808 0.029944
0 0.041374 0.445156 0.058621 0.027561
0 0.119505 0.436185 0.051321 0.028752
0 0.511481 0.419429 0.027912 0.031314
0 0.482112 0.440248 0.027203 0.026681
0 0.194328 0.422178 0.042863 0.024774
0 0.241650 0.411590 0.040211 0.025445
0 0.781764 0.364155 0.029734 0.021836
0 0.281884 0.516463 0.067591 0.039976
0 0.300083 0.406332 0.035185 0.021010
0 0.466732 0.466682 0.047620 0.034390
0 0.357029 0.393722 0.037790 0.023657
0 0.673227 0.403742 0.036166 0.025371
0 0.657614 0.432220 0.039703 0.030224
0 0.434240 0.492969 0.060589 0.036797
0 0.160336 0.554456 0.070934 0.040530
0 0.585557 0.449268 0.037638 0.029338
0 0.419325 0.385060 0.039559 0.024735
0 0.363919 0.520733 0.069310 0.040911
0 0.507306 0.493363 0.061528 0.039399
0 0.391199 0.540943 0.075720 0.044303
0 0.181594 0.411338 0.047402 0.025883
0 0.239504 0.554276 0.071213 0.046164
0 0.267806 0.579668 0.070050 0.047625
0 0.041217 0.588671 0.076577 0.050528
0 0.122958 0.598846 0.081264 0.053278
0 0.162901 0.629347 0.075021 0.050622
0 0.465093 0.373860 0.036913 0.018378
0 0.048462 0.427409 0.051789 0.021006
0 0.155758 0.403259 0.038279 0.028883
