0 0.773922 0.431034 0.034272 0.025400
0 0.810554 0.412546 0.031387 0.023232
0 0.840901 0.412132 0.030480 0.026900
0 0.710379 0.504421 0.064095 0.038069
0 0.836216 0.463874 0.031526 0.028172
0 0.871734 0.449275 0.029810 0.031875
0 0.800896 0.464671 0.027544 0.028018
0 0.831722 0.439152 0.028950 0.025418
0 0.114895 0.481574 0.060924 0.032258
0 0.145093 0.627020 0.071665 0.073046
0 0.157627 0.460995 0.046388 0.023526
0 0.233221 0.447806 0.051716 0.031379
0 0.815441 0.486381 0.046106 0.031660
0 0.308891 0.436379 0.042430 0.028921
0 0.407679 0.422107 0.042639 0.023721
0 0.476133 0.416882 0.037976 0.020574
0 0.581378 0.409130 0.045227 0.027195
0 0.033789 0.683208 0.067578 0.069061
0 0.871421 0.475723 0.030683 0.031629
0 0.779885 0.500175 0.049687 0.033475
0 0.793152 0.522666 0.055719 0.034173
0 0.835633 0.510455 0.050778 0.037079
0 0.711298 0.532016 0.056070 0.035225
0 0.661806 0.412687 0.043849 0.020609
0 0.713584 0.411690 0.041729 0.026283
0 0.767093 0.545005 0.077093 0.038057
0 0.968961 0.518338 0.045721 0.031507
0 0.100324 0.600981 0.058343 0.057090
0 0.760763 0.411717 0.039224 0.020438
0 0.044293 0.479296 0.044134 0.032475
0 0.196844 0.714011 0.105022 0.082778
0 0.138958 0.801655 0.129620 0.090716
