0 0.688436 0.519455 0.052972 0.038403
0 0.798139 0.514826 0.049783 0.035968
0 0.631432 0.390039 0.038816 0.023680
0 0.762778 0.417304 0.039959 0.021801
0 0.565375 0.536500 0.028949 0.042210
0 0.418474 0.514744 0.029399 0.035030
0 0.310930 0.419594 0.041384 0.031968
0 0.193733 0.486304 0.031317 0.043122
0 0.361421 0.527413 0.027144 0.040962
0 0.216801 0.799082 0.128376 0.095899
0 0.839022 0.466885 0.032349 0.038389
0 0.817950 0.429871 0.031146 0.027302
0 0.756643 0.496694 0.048710 0.034052
0 0.768325 0.446668 0.028893 0.033274
0 0.846565 0.423829 0.034714 0.026308
0 0.490712 0.411325 0.045846 0.027227
0 0.824029 0.402185 0.031942 0.026023
0 0.665738 0.412466 0.044059 0.023382
0 0.562614 0.405223 0.041615 0.027766
