0 0.434477 0.414660 0.025542 0.025781
0 0.396717 0.404850 0.034810 0.021811
0 0.435191 0.398170 0.029831 0.023580
0 0.479534 0.409828 0.028390 0.030863
0 0.410153 0.459486 0.041635 0.033869
0 0.027017 0.448177 0.042796 0.031690
0 0.373684 0.486416 0.058712 0.033311
0 0.118974 0.412525 0.052400 0.031604
0 0.309740 0.504387 0.059153 0.035899
0 0.513259 0.463835 0.051242 0.027592
0 0.657797 0.417119 0.043430 0.033697
0 0.413979 0.500994 0.056279 0.037389
0 0.233334 0.524364 0.069448 0.032992
0 0.513744 0.493267 0.063437 0.039233
0 0.155542 0.428596 0.046943 0.029897
0 0.203440 0.411896 0.042812 0.023650
0 0.334685 0.393625 0.040019 0.023832
0 0.254918 0.542045 0.068177 0.037658
0 0.344256 0.545405 0.071183 0.047373
0 0.257455 0.410423 0.041032 0.024726
0 0.304108 0.390121 0.043144 0.021565
0 0.211413 0.599176 0.085581 0.054801
0 0.153235 0.563857 0.071884 0.050093
0 0.076239 0.610914 0.082104 0.051250
