0 0.430072 0.411482 0.026082 0.020973
0 0.390682 0.403866 0.034810 0.021811
0 0.431408 0.394629 0.029831 0.021049
0 0.477320 0.404163 0.025061 0.024105
0 0.418422 0.445179 0.032112 0.027967
0 0.436359 0.463844 0.042270 0.033311
0 0.379007 0.488264 0.050337 0.030526
0 0.310580 0.504711 0.063808 0.029638
0 0.075034 0.442003 0.058621 0.027561
0 0.149898 0.427326 0.050964 0.028245
0 0.511492 0.423260 0.027912 0.032971
0 0.743111 0.388205 0.032042 0.023126
0 0.482707 0.452798 0.032745 0.026724
0 0.221647 0.416142 0.042863 0.024774
0 0.274321 0.407253 0.038900 0.021143
0 0.709273 0.407897 0.035005 0.023938
0 0.624628 0.425693 0.041150 0.028928
0 0.216843 0.532448 0.074387 0.038285
0 0.323682 0.401115 0.034410 0.021010
0 0.565776 0.454466 0.046841 0.028979
0 0.429948 0.491236 0.052438 0.034978
0 0.378105 0.390562 0.036333 0.021174
0 0.411332 0.382368 0.036108 0.023638
0 0.487463 0.489204 0.051808 0.038525
0 0.517250 0.503572 0.060549 0.038368
0 0.333942 0.524654 0.068762 0.036797
0 0.106498 0.568329 0.072973 0.040530
0 0.357056 0.550459 0.064207 0.042495
0 0.054951 0.429827 0.040526 0.024574
0 0.495213 0.371489 0.039559 0.025802
0 0.249746 0.555773 0.076508 0.053278
0 0.154091 0.404238 0.043457 0.021381
0 0.201730 0.604090 0.088277 0.050763
