0 0.558131 0.569482 0.057022 0.051768
0 0.284049 0.449218 0.050888 0.033318
0 0.407016 0.407910 0.035195 0.029956
0 0.029209 0.676231 0.058418 0.070861
0 0.399080 0.545666 0.065493 0.062722
0 0.686551 0.563493 0.074885 0.054714
0 0.763100 0.540912 0.059926 0.048013
0 0.632283 0.539710 0.061686 0.048401
0 0.706424 0.522815 0.058131 0.041406
0 0.776491 0.478321 0.039546 0.034420
0 0.819128 0.522485 0.059143 0.046296
0 0.027683 0.478773 0.055365 0.043242
0 0.228234 0.496796 0.064313 0.068621
0 0.877552 0.499331 0.059434 0.039983
0 0.370936 0.421663 0.053766 0.031566
0 0.507688 0.410608 0.045846 0.032336
0 0.891076 0.456009 0.037047 0.039983
0 0.861994 0.429775 0.035276 0.031566
0 0.780609 0.432612 0.034712 0.032618
0 0.819596 0.438495 0.041446 0.032618
0 0.676436 0.413946 0.044059 0.023382
0 0.567238 0.404814 0.041615 0.027766
