0 0.794074 0.439048 0.028007 0.025400
0 0.835880 0.439085 0.030785 0.027122
0 0.863574 0.449173 0.023097 0.030964
0 0.856379 0.430711 0.027394 0.024722
0 0.278074 0.477523 0.030939 0.040663
0 0.555455 0.512339 0.064095 0.042383
0 0.256137 0.484094 0.040725 0.038844
0 0.262571 0.454750 0.026842 0.029425
0 0.244857 0.526410 0.045027 0.049068
0 0.116753 0.471577 0.050902 0.040729
0 0.159991 0.511474 0.041082 0.042255
0 0.842917 0.472268 0.037142 0.028974
0 0.301735 0.438156 0.043779 0.027492
0 0.882496 0.469855 0.025724 0.031875
0 0.791621 0.478299 0.039838 0.030356
0 0.348753 0.430172 0.051713 0.024757
0 0.138278 0.497770 0.042083 0.037612
0 0.407674 0.420571 0.042690 0.025539
0 0.819172 0.487015 0.041399 0.028290
0 0.814382 0.558593 0.030047 0.038427
0 0.356060 0.406403 0.043597 0.024839
0 0.490205 0.411483 0.042382 0.022507
0 0.600798 0.411155 0.048578 0.025132
0 0.201103 0.445729 0.052790 0.029447
0 0.536087 0.401435 0.038025 0.019881
0 0.961468 0.485956 0.072143 0.054324
0 0.934928 0.519675 0.064542 0.041138
0 0.874191 0.503794 0.050076 0.032375
0 0.806182 0.531359 0.059403 0.039099
0 0.670471 0.411783 0.044981 0.023451
0 0.689692 0.545345 0.066061 0.039224
0 0.745561 0.568916 0.073378 0.055244
0 0.577789 0.544494 0.067122 0.038258
0 0.733613 0.411532 0.042377 0.024695
0 0.747296 0.395130 0.039236 0.018373
0 0.691676 0.398509 0.036053 0.021403
0 0.509407 0.578660 0.080289 0.043868
0 0.404395 0.550318 0.075893 0.041052
0 0.638093 0.515652 0.064599 0.041856
0 0.377257 0.582793 0.072154 0.039387
0 0.705058 0.510019 0.060533 0.035650
0 0.026934 0.481798 0.053868 0.041589
0 0.750553 0.495031 0.044271 0.036191
0 0.183186 0.583457 0.069117 0.041592
0 0.663291 0.597163 0.075441 0.063113
0 0.810767 0.412828 0.041854 0.019068
0 0.883861 0.414683 0.042639 0.019068
0 0.844858 0.396255 0.036364 0.019381
0 0.465220 0.403400 0.046805 0.019364
0 0.508431 0.658714 0.070690 0.047909
0 0.197541 0.515997 0.046437 0.053511
0 0.191782 0.481136 0.048556 0.038833
