0 0.407022 0.391526 0.026262 0.019370
0 0.365880 0.397971 0.037850 0.021811
0 0.427642 0.415455 0.027638 0.025587
0 0.449036 0.407882 0.023485 0.025329
0 0.480062 0.416408 0.022506 0.022654
0 0.435050 0.456724 0.045960 0.032895
0 0.390003 0.476962 0.052845 0.034325
0 0.474256 0.399665 0.027415 0.025368
0 0.477271 0.457269 0.034733 0.034332
0 0.042047 0.453490 0.055320 0.039794
0 0.124115 0.439185 0.055515 0.028673
0 0.208337 0.419988 0.042518 0.024255
0 0.252668 0.520503 0.068969 0.039580
0 0.682865 0.398187 0.032674 0.021098
0 0.289714 0.404545 0.040317 0.023816
0 0.811122 0.363932 0.027767 0.018318
0 0.161980 0.539214 0.073476 0.045180
0 0.508364 0.403101 0.028946 0.026847
0 0.520631 0.426529 0.027604 0.036345
0 0.460371 0.372395 0.024595 0.022044
0 0.645275 0.430290 0.040387 0.022770
0 0.348600 0.395081 0.035557 0.018995
0 0.079275 0.567715 0.081478 0.053995
0 0.779890 0.377717 0.027786 0.020609
0 0.583438 0.452034 0.041585 0.031833
0 0.324635 0.507823 0.059668 0.033465
0 0.488779 0.496696 0.061665 0.035514
0 0.386060 0.524714 0.062475 0.039012
0 0.427504 0.492870 0.055181 0.035613
0 0.345978 0.514543 0.060105 0.037004
0 0.152730 0.645267 0.082691 0.069287
