0 0.587751 0.552937 0.057022 0.047372
0 0.237579 0.472270 0.052201 0.039301
0 0.364538 0.416048 0.042677 0.035406
0 0.211123 0.797975 0.117860 0.091716
0 0.470999 0.566089 0.074516 0.063490
0 0.708978 0.556222 0.074077 0.053908
0 0.785585 0.534903 0.058983 0.045396
0 0.650812 0.531747 0.061686 0.047876
0 0.722304 0.515101 0.054815 0.042901
0 0.778775 0.458055 0.032585 0.032675
0 0.851546 0.512975 0.055033 0.046296
0 0.182334 0.543297 0.074761 0.081975
0 0.945098 0.494994 0.055885 0.039983
0 0.310671 0.436126 0.053649 0.037070
0 0.505736 0.410516 0.045846 0.030802
0 0.880255 0.447364 0.037047 0.036500
0 0.853873 0.424060 0.035276 0.031566
0 0.772327 0.420963 0.033793 0.030881
0 0.811922 0.433520 0.039349 0.031024
0 0.673508 0.413577 0.044059 0.023382
0 0.566634 0.404867 0.041615 0.027766
