0 0.800828 0.445676 0.026079 0.030659
0 0.835177 0.448510 0.030785 0.027122
0 0.856202 0.470912 0.040319 0.036179
0 0.862924 0.435708 0.030947 0.027233
0 0.587876 0.412070 0.040896 0.026064
0 0.308237 0.493991 0.046237 0.048883
0 0.243335 0.476059 0.027575 0.035416
0 0.678991 0.414459 0.037018 0.024757
0 0.756331 0.415317 0.043300 0.027500
0 0.319295 0.435516 0.050619 0.030309
0 0.757751 0.499862 0.058827 0.032285
0 0.974251 0.509740 0.044750 0.036022
0 0.860425 0.512990 0.065111 0.034499
0 0.695508 0.531437 0.069736 0.042681
0 0.478612 0.541892 0.074141 0.039387
0 0.816137 0.415484 0.042585 0.025778
0 0.173153 0.498105 0.041082 0.038259
0 0.605370 0.528437 0.073183 0.039972
0 0.448481 0.568993 0.070994 0.046551
0 0.336562 0.533982 0.070271 0.038261
0 0.276027 0.578542 0.076232 0.044638
0 0.231068 0.554306 0.068075 0.040714
0 0.764116 0.393720 0.039528 0.017800
0 0.690011 0.387242 0.034421 0.018755
0 0.882601 0.416109 0.040957 0.021360
0 0.847993 0.404342 0.025228 0.019785
0 0.745250 0.584257 0.027670 0.038825
0 0.890292 0.533369 0.031667 0.035650
0 0.090404 0.572044 0.079048 0.046364
0 0.276797 0.427893 0.046325 0.027290
0 0.180143 0.455492 0.048582 0.028654
0 0.506883 0.412909 0.042534 0.027710
0 0.213777 0.498497 0.044489 0.046327
0 0.399350 0.398228 0.042940 0.024475
0 0.222704 0.459206 0.047245 0.033601
