0 0.416120 0.409658 0.021655 0.031495
0 0.423828 0.453099 0.040436 0.035139
0 0.419407 0.388623 0.021515 0.022092
0 0.312443 0.374306 0.110754 0.044187
0 0.440137 0.425935 0.025624 0.029702
0 0.347487 0.493533 0.060060 0.032739
0 0.342189 0.519127 0.065263 0.038059
0 0.281699 0.552944 0.072664 0.049504
0 0.486701 0.389291 0.032928 0.040778
0 0.570661 0.466811 0.051086 0.034840
0 0.477830 0.414630 0.024114 0.030800
0 0.409662 0.481820 0.044869 0.032362
0 0.320317 0.565721 0.064657 0.048523
0 0.253878 0.525386 0.052735 0.032987
0 0.127514 0.430475 0.046031 0.027908
0 0.459027 0.476984 0.042177 0.034445
0 0.414591 0.513618 0.046947 0.036688
0 0.184603 0.587106 0.084451 0.056490
0 0.208525 0.625662 0.075677 0.054989
0 0.186186 0.417668 0.046601 0.028133
0 0.164777 0.559519 0.074556 0.043113
0 0.237170 0.408408 0.043905 0.025507
0 0.774152 0.373344 0.038597 0.029576
0 0.038319 0.433680 0.054121 0.034069
0 0.697676 0.403731 0.034608 0.025937
0 0.463853 0.525560 0.060380 0.043944
0 0.159013 0.712969 0.095614 0.080717
