0 0.390665 0.396728 0.030577 0.028088
0 0.420953 0.382457 0.026488 0.023726
0 0.050441 0.453354 0.049502 0.028468
0 0.418011 0.459041 0.041689 0.033933
0 0.178118 0.426546 0.049507 0.024876
0 0.319293 0.501788 0.063677 0.039295
0 0.458406 0.386135 0.034203 0.028893
0 0.247501 0.414203 0.040134 0.022893
0 0.244431 0.521536 0.073691 0.047310
0 0.432922 0.422137 0.025832 0.029408
0 0.468448 0.410858 0.034237 0.029244
0 0.582236 0.432310 0.042233 0.030697
0 0.468843 0.434266 0.026891 0.031491
0 0.367967 0.504926 0.057535 0.034696
0 0.472460 0.491038 0.107060 0.106157
0 0.266696 0.572866 0.073116 0.045260
0 0.155113 0.552517 0.073183 0.049262
0 0.378352 0.526862 0.057127 0.038892
0 0.109999 0.670942 0.087871 0.067257
0 0.118021 0.433579 0.049006 0.026474
0 0.095686 0.747939 0.101109 0.085906
