0 0.772694 0.430446 0.034272 0.025400
0 0.804686 0.406953 0.031387 0.023232
0 0.834455 0.403892 0.030480 0.025093
0 0.720335 0.502971 0.062743 0.038069
0 0.831528 0.436824 0.029030 0.027815
0 0.867409 0.444233 0.031626 0.031875
0 0.801226 0.463645 0.024371 0.027415
0 0.833656 0.462333 0.026682 0.028290
0 0.086215 0.488190 0.062300 0.032258
0 0.121767 0.653183 0.080784 0.078067
0 0.132849 0.466662 0.049343 0.024426
0 0.221386 0.449854 0.051716 0.031379
0 0.818071 0.484608 0.038636 0.032393
0 0.291418 0.443031 0.042899 0.030222
0 0.391158 0.423771 0.042639 0.023721
0 0.457002 0.418175 0.037976 0.020574
0 0.564982 0.408699 0.045227 0.027195
0 0.872523 0.472505 0.028670 0.031629
0 0.782940 0.498552 0.048258 0.032956
0 0.796128 0.522125 0.055719 0.034173
0 0.839240 0.508143 0.049873 0.036744
0 0.715408 0.531533 0.056070 0.035225
0 0.651639 0.412475 0.043849 0.021061
0 0.704595 0.411412 0.041729 0.026283
0 0.798356 0.541591 0.074698 0.037576
0 0.085550 0.619990 0.065850 0.061060
0 0.756150 0.411640 0.039224 0.020438
0 0.263667 0.684764 0.091180 0.071683
0 0.215419 0.771048 0.118178 0.085034
0 0.156630 0.848640 0.055138 0.054618
