0 0.794589 0.439346 0.027946 0.025400
0 0.836358 0.440031 0.030785 0.027122
0 0.863624 0.449261 0.023222 0.031057
0 0.856517 0.430905 0.027394 0.024722
0 0.279071 0.474677 0.031162 0.039338
0 0.489610 0.518208 0.064095 0.048883
0 0.255373 0.483211 0.038975 0.038387
0 0.263430 0.454442 0.026842 0.029425
0 0.247337 0.523261 0.044567 0.048520
0 0.217417 0.446002 0.043077 0.029909
0 0.160679 0.510857 0.041082 0.042255
0 0.842917 0.472268 0.037142 0.028974
0 0.310117 0.437439 0.043780 0.026589
0 0.882355 0.470208 0.025724 0.031875
0 0.791414 0.478674 0.039838 0.030356
0 0.365527 0.426873 0.051713 0.024757
0 0.139618 0.496035 0.042083 0.037612
0 0.433487 0.418965 0.039432 0.024226
0 0.818063 0.487383 0.042532 0.028290
0 0.765639 0.567440 0.030047 0.038427
0 0.441624 0.397106 0.042949 0.020579
0 0.977630 0.550381 0.044740 0.041052
0 0.979067 0.508924 0.041865 0.036183
0 0.551378 0.409995 0.042382 0.022507
0 0.658357 0.411303 0.048578 0.025132
0 0.271856 0.428909 0.049975 0.025285
0 0.583543 0.401831 0.032023 0.019881
0 0.818801 0.511647 0.085279 0.056790
0 0.786757 0.542239 0.076139 0.043473
0 0.021002 0.490681 0.042004 0.033375
0 0.705399 0.528936 0.061801 0.038835
0 0.629436 0.547939 0.066193 0.047639
0 0.729167 0.412328 0.047519 0.023451
0 0.520372 0.569833 0.072518 0.039762
0 0.702551 0.581243 0.073378 0.055244
0 0.406276 0.552979 0.069379 0.038258
0 0.789884 0.412107 0.042377 0.024695
0 0.817388 0.398014 0.039236 0.022402
0 0.760331 0.400441 0.040080 0.021230
0 0.330196 0.584984 0.080289 0.043141
0 0.209719 0.553576 0.075893 0.041052
0 0.593810 0.517850 0.064599 0.041856
0 0.178570 0.579155 0.072154 0.039387
0 0.671254 0.506442 0.060533 0.035650
0 0.170894 0.446446 0.052164 0.034711
0 0.750553 0.495031 0.044271 0.036191
0 0.874094 0.412858 0.041854 0.019068
0 0.523016 0.403566 0.046805 0.022209
0 0.424060 0.692931 0.106817 0.067452
0 0.559613 0.392632 0.039463 0.018223
0 0.199032 0.514389 0.046258 0.052851
0 0.192922 0.480379 0.048429 0.038326
