0 0.408819 0.383816 0.019919 0.024773
0 0.429604 0.428422 0.027780 0.030639
0 0.291923 0.374933 0.110754 0.044187
0 0.414754 0.405930 0.037581 0.027953
0 0.365074 0.484764 0.060060 0.030449
0 0.375682 0.504913 0.057471 0.038059
0 0.303887 0.539009 0.072664 0.046392
0 0.477570 0.376521 0.033381 0.031036
0 0.656450 0.428061 0.044886 0.026888
0 0.467975 0.401544 0.026830 0.030800
0 0.423698 0.460381 0.034700 0.032362
0 0.359882 0.543524 0.059714 0.044792
0 0.282704 0.517321 0.052735 0.032987
0 0.127514 0.430475 0.046031 0.027908
0 0.459561 0.476984 0.041109 0.034445
0 0.414591 0.513618 0.046947 0.036688
0 0.207891 0.576003 0.080985 0.050855
0 0.287877 0.580409 0.070460 0.050242
0 0.186186 0.417668 0.046601 0.028133
0 0.199251 0.544946 0.074556 0.043113
0 0.237170 0.408408 0.043905 0.025507
0 0.032009 0.435969 0.054040 0.035170
0 0.592353 0.445649 0.039130 0.031004
0 0.474145 0.512607 0.049122 0.040819
0 0.365898 0.574530 0.065489 0.052420
0 0.038767 0.587101 0.032971 0.047264
