0 0.795442 0.481920 0.037019 0.032653
0 0.793804 0.406835 0.040514 0.027359
0 0.841713 0.478099 0.032177 0.032847
0 0.647501 0.520556 0.065650 0.043840
0 0.339736 0.530616 0.073183 0.039540
0 0.182284 0.551456 0.073179 0.048614
0 0.145206 0.532788 0.067762 0.038243
0 0.846386 0.414469 0.039031 0.022023
0 0.842867 0.403126 0.040107 0.020831
0 0.439591 0.409793 0.044941 0.036947
0 0.899412 0.406629 0.041741 0.025063
0 0.392564 0.417226 0.044452 0.030638
0 0.043781 0.566591 0.068696 0.044077
0 0.923563 0.418042 0.037018 0.024757
0 0.225680 0.584286 0.039031 0.035650
0 0.576485 0.397887 0.039650 0.025509
0 0.704760 0.417427 0.044237 0.030197
0 0.344388 0.427744 0.050521 0.035371
0 0.654318 0.410604 0.044059 0.023382
0 0.520188 0.406138 0.041615 0.027766
