0 0.374085 0.392120 0.040148 0.027073
0 0.424320 0.408575 0.024057 0.031306
0 0.406247 0.452798 0.039319 0.031495
0 0.387341 0.377034 0.037615 0.022131
0 0.054021 0.453274 0.044315 0.032591
0 0.346024 0.493223 0.073250 0.044332
0 0.417160 0.391142 0.038660 0.026770
0 0.428336 0.433763 0.025529 0.033633
0 0.455646 0.375619 0.078624 0.046564
0 0.415534 0.480997 0.047060 0.036602
0 0.275879 0.514343 0.068603 0.034570
0 0.497828 0.432499 0.028138 0.035444
0 0.502683 0.409804 0.023960 0.026368
0 0.336611 0.526704 0.052279 0.032570
0 0.668549 0.415025 0.039148 0.029945
0 0.465247 0.437719 0.029439 0.030025
0 0.119111 0.438040 0.039654 0.026049
0 0.455191 0.410832 0.029600 0.030692
0 0.271960 0.543749 0.067042 0.041541
0 0.536858 0.455318 0.041414 0.034482
0 0.192053 0.422187 0.042969 0.028980
0 0.236364 0.583203 0.083925 0.049504
0 0.407976 0.513013 0.059103 0.045147
0 0.532906 0.463835 0.040643 0.034567
0 0.260756 0.408667 0.039078 0.025790
0 0.332252 0.563538 0.085831 0.074002
0 0.054002 0.614622 0.093220 0.053476
0 0.096391 0.774844 0.100898 0.093424
0 0.046639 0.736335 0.093278 0.094407
