0 0.434376 0.414587 0.025554 0.025671
0 0.396579 0.404827 0.034810 0.021811
0 0.435105 0.398089 0.029831 0.023522
0 0.479128 0.409716 0.027458 0.030863
0 0.410460 0.459513 0.040827 0.033700
0 0.375856 0.486199 0.058712 0.033311
0 0.099760 0.415759 0.053632 0.033487
0 0.312247 0.504139 0.057824 0.034925
0 0.541638 0.454152 0.049431 0.027592
0 0.682558 0.405683 0.041995 0.027871
0 0.445323 0.491152 0.055052 0.036828
0 0.234358 0.523752 0.069448 0.032992
0 0.544221 0.479503 0.056674 0.037623
0 0.135869 0.432271 0.049196 0.030638
0 0.183458 0.415537 0.042812 0.024058
0 0.314548 0.396553 0.040019 0.023832
0 0.285462 0.533296 0.066642 0.037658
0 0.383722 0.532193 0.069779 0.046530
0 0.237392 0.413893 0.042399 0.025461
0 0.282089 0.393891 0.043144 0.021565
0 0.261504 0.584609 0.083303 0.053403
0 0.187068 0.556437 0.066924 0.048053
0 0.118278 0.600143 0.081438 0.050237
0 0.387895 0.381117 0.035609 0.022758
0 0.433699 0.379668 0.042160 0.021877
0 0.471203 0.353966 0.051386 0.031185
