0 0.798476 0.443083 0.028442 0.027635
0 0.837040 0.445994 0.030785 0.027122
0 0.865681 0.452871 0.028302 0.034829
0 0.857640 0.432484 0.027394 0.024722
0 0.418618 0.419720 0.040896 0.026064
0 0.311514 0.495766 0.046237 0.048883
0 0.246638 0.476822 0.027575 0.035416
0 0.534602 0.413925 0.037018 0.024757
0 0.615734 0.410671 0.043300 0.027500
0 0.279559 0.477429 0.033602 0.043367
0 0.801241 0.473321 0.035448 0.031577
0 0.765774 0.520616 0.067238 0.029620
0 0.694315 0.411622 0.042585 0.025778
0 0.166282 0.505833 0.041082 0.042255
0 0.895972 0.502755 0.061578 0.039972
0 0.744107 0.546226 0.063790 0.042756
0 0.646111 0.515249 0.067869 0.038261
0 0.642783 0.553095 0.075361 0.039249
0 0.544018 0.541624 0.067169 0.038412
0 0.614051 0.392115 0.039528 0.019619
0 0.546902 0.391610 0.034421 0.021386
0 0.770616 0.414974 0.040957 0.021360
0 0.968110 0.533887 0.024886 0.037297
0 0.472812 0.574888 0.079048 0.046364
0 0.827428 0.558840 0.066294 0.047580
0 0.036003 0.482994 0.062475 0.042244
0 0.305274 0.551870 0.076044 0.041412
0 0.682747 0.391593 0.041096 0.019881
0 0.263200 0.434685 0.054125 0.025271
0 0.197620 0.580597 0.075560 0.045913
0 0.131351 0.555955 0.072279 0.038891
0 0.140771 0.531722 0.070020 0.036191
0 0.838808 0.417993 0.046743 0.024757
0 0.501610 0.406490 0.039214 0.025883
0 0.051895 0.582344 0.072154 0.043138
0 0.660855 0.402829 0.040303 0.022663
0 0.389886 0.721367 0.045556 0.051024
0 0.580053 0.403299 0.042644 0.026633
0 0.326313 0.431550 0.043691 0.032869
0 0.211177 0.501299 0.044801 0.047477
0 0.202212 0.474215 0.047394 0.034196
