0 0.431785 0.412718 0.025872 0.022843
0 0.393029 0.404249 0.034810 0.021811
0 0.432879 0.396006 0.029831 0.022033
0 0.477884 0.406317 0.025061 0.026553
0 0.415903 0.454021 0.033290 0.029843
0 0.395978 0.477711 0.050755 0.033311
0 0.337392 0.496060 0.054405 0.032421
0 0.266765 0.516853 0.069448 0.034107
0 0.759840 0.381074 0.028751 0.023870
0 0.713225 0.403547 0.034520 0.024232
0 0.708126 0.385784 0.037902 0.018244
0 0.066139 0.449107 0.043435 0.030843
0 0.212128 0.416677 0.054859 0.027561
0 0.619392 0.421309 0.037756 0.029153
0 0.291429 0.400856 0.046882 0.028245
0 0.592815 0.451987 0.046956 0.033926
0 0.484546 0.456898 0.047331 0.035063
0 0.406028 0.508494 0.062800 0.038474
0 0.491985 0.495607 0.048127 0.038019
0 0.295503 0.530484 0.062698 0.037629
0 0.353163 0.392912 0.040668 0.020886
0 0.415649 0.383335 0.038900 0.021143
0 0.342495 0.554353 0.068547 0.045429
0 0.226051 0.566877 0.074784 0.046514
0 0.105738 0.561710 0.075776 0.051588
0 0.477510 0.374794 0.030802 0.019874
0 0.030928 0.450469 0.043887 0.031714
0 0.134330 0.422347 0.044947 0.027908
0 0.091013 0.629368 0.094864 0.055622
0 0.055780 0.604836 0.076998 0.049155
0 0.061276 0.425981 0.039214 0.026637
