0 0.306030 0.394977 0.042429 0.021811
0 0.408834 0.375695 0.022914 0.025859
0 0.407823 0.410028 0.029665 0.029562
0 0.438435 0.397076 0.031165 0.026112
0 0.085812 0.444499 0.048126 0.028123
0 0.392319 0.476604 0.050633 0.036588
0 0.201173 0.421874 0.049507 0.024876
0 0.293312 0.505295 0.070035 0.038429
0 0.471980 0.394359 0.033875 0.028893
0 0.257957 0.411681 0.040134 0.022893
0 0.212037 0.529549 0.081478 0.051018
0 0.431716 0.439412 0.027227 0.029408
0 0.768390 0.381428 0.028148 0.019423
0 0.484371 0.420593 0.034237 0.029244
0 0.574739 0.435583 0.042233 0.030697
0 0.462182 0.450829 0.036854 0.036908
0 0.340105 0.516336 0.071163 0.027944
0 0.408040 0.538876 0.140863 0.127246
0 0.212123 0.600207 0.077989 0.049516
0 0.105739 0.556077 0.073183 0.049262
0 0.100350 0.760138 0.112569 0.093596
0 0.147828 0.427179 0.048600 0.025228
