0 0.790016 0.436694 0.028494 0.025400
0 0.832113 0.431631 0.030785 0.027122
0 0.860721 0.443537 0.023097 0.030964
0 0.855292 0.429182 0.027394 0.024722
0 0.677513 0.508789 0.064095 0.038069
0 0.754928 0.551553 0.076693 0.050149
0 0.842419 0.460349 0.037142 0.028974
0 0.229864 0.496031 0.037976 0.039613
0 0.883607 0.467077 0.025724 0.031875
0 0.795152 0.472856 0.039838 0.030356
0 0.274366 0.478724 0.031630 0.040423
0 0.827718 0.484272 0.041399 0.028290
0 0.165077 0.467792 0.050479 0.030985
0 0.342937 0.430296 0.048578 0.025132
0 0.275594 0.437036 0.051808 0.029222
0 0.397767 0.418927 0.046031 0.023451
0 0.459124 0.413295 0.042377 0.024695
0 0.797115 0.498333 0.049675 0.032393
0 0.561061 0.409671 0.041854 0.019068
0 0.629120 0.411071 0.042639 0.022558
0 0.920008 0.502511 0.056353 0.036460
0 0.706541 0.414140 0.035031 0.018443
0 0.780223 0.411840 0.045227 0.027195
0 0.201632 0.484572 0.038697 0.037454
0 0.835205 0.511914 0.050348 0.038706
0 0.743771 0.509827 0.054107 0.038479
0 0.159238 0.534730 0.047619 0.049984
0 0.517204 0.536159 0.066609 0.039457
0 0.618046 0.540937 0.076622 0.037704
0 0.062508 0.475716 0.057312 0.033378
0 0.211855 0.448457 0.044980 0.029744
0 0.163045 0.543977 0.062240 0.038057
