0 0.801940 0.445908 0.024140 0.030659
0 0.834306 0.449436 0.030785 0.027122
0 0.848461 0.477100 0.041760 0.032757
0 0.864973 0.436906 0.032369 0.028237
0 0.607637 0.412671 0.040896 0.026064
0 0.306396 0.493191 0.046237 0.048883
0 0.243631 0.475882 0.027575 0.035416
0 0.696116 0.415694 0.037018 0.024757
0 0.772175 0.415590 0.043300 0.027500
0 0.332059 0.431893 0.050619 0.030309
0 0.741521 0.503913 0.062022 0.032285
0 0.931841 0.519194 0.048625 0.036022
0 0.816931 0.518649 0.066806 0.034499
0 0.652345 0.535989 0.071903 0.043811
0 0.686619 0.395731 0.037274 0.019797
0 0.434648 0.542374 0.074141 0.039387
0 0.827855 0.415221 0.042585 0.025778
0 0.175579 0.495303 0.041082 0.036660
0 0.562804 0.531202 0.073183 0.039972
0 0.401880 0.569182 0.070994 0.046551
0 0.295068 0.536964 0.070271 0.038261
0 0.225463 0.579490 0.076232 0.044638
0 0.197147 0.554304 0.068075 0.037306
0 0.783263 0.394220 0.039528 0.017255
0 0.709980 0.388249 0.034421 0.018755
0 0.893993 0.415161 0.040957 0.021360
0 0.857116 0.405482 0.025228 0.019785
0 0.711299 0.594716 0.030145 0.040184
0 0.848827 0.539510 0.031667 0.035650
0 0.049734 0.574503 0.079048 0.046364
0 0.528144 0.411829 0.042534 0.027710
0 0.214118 0.498130 0.044449 0.046176
0 0.424620 0.400528 0.042940 0.024475
0 0.233481 0.455499 0.047245 0.033601
