0 0.403563 0.394226 0.033645 0.029947
0 0.273074 0.382409 0.110754 0.044187
0 0.341546 0.393169 0.043484 0.029475
0 0.367254 0.486046 0.060060 0.030449
0 0.392782 0.498059 0.050878 0.038059
0 0.330903 0.526366 0.072664 0.042997
0 0.432262 0.423720 0.028872 0.028695
0 0.359882 0.543524 0.059714 0.044792
0 0.305842 0.509965 0.052735 0.032987
0 0.127514 0.430475 0.046031 0.027908
0 0.459561 0.476984 0.041109 0.034445
0 0.414591 0.513618 0.046947 0.036688
0 0.244502 0.564282 0.075347 0.045989
0 0.292591 0.577010 0.068080 0.048609
0 0.186186 0.417668 0.046601 0.028133
0 0.236097 0.528542 0.074556 0.039311
0 0.237170 0.408408 0.043905 0.025507
0 0.023222 0.441999 0.046443 0.035472
0 0.723885 0.384505 0.030438 0.021643
0 0.650706 0.411500 0.031921 0.025976
0 0.586696 0.445945 0.046512 0.032557
0 0.227841 0.584310 0.035670 0.040482
0 0.435065 0.534260 0.055867 0.049130
0 0.326471 0.605849 0.064342 0.057017
0 0.130743 0.642178 0.045715 0.045013
