0 0.439831 0.422944 0.025505 0.026111
0 0.402789 0.408525 0.032589 0.025281
0 0.442118 0.401582 0.032286 0.026743
0 0.459698 0.441489 0.042666 0.030863
0 0.257528 0.526357 0.070891 0.040918
0 0.027283 0.454344 0.044532 0.030418
0 0.093769 0.432288 0.052182 0.025210
0 0.147206 0.432013 0.048983 0.026537
0 0.501045 0.479702 0.050446 0.035348
0 0.332239 0.400058 0.041588 0.025371
0 0.292251 0.390676 0.035590 0.019282
0 0.430583 0.377759 0.036633 0.026428
0 0.426869 0.361103 0.035200 0.023523
0 0.291363 0.584143 0.031573 0.042014
0 0.474329 0.365970 0.037062 0.020555
0 0.059247 0.576421 0.073065 0.044653
