0 0.794392 0.413055 0.028967 0.022362
0 0.172863 0.574889 0.059567 0.055468
0 0.245539 0.485443 0.037739 0.039074
0 0.327665 0.431800 0.047344 0.026788
0 0.609540 0.412041 0.039800 0.025079
0 0.774993 0.417065 0.028265 0.028202
0 0.784763 0.451094 0.031163 0.029732
0 0.775054 0.477875 0.034615 0.037914
0 0.422387 0.418755 0.048656 0.026760
0 0.726597 0.401278 0.034215 0.018373
0 0.863579 0.455494 0.031365 0.033787
0 0.063886 0.483630 0.059423 0.028331
0 0.133378 0.461235 0.048813 0.030232
0 0.765089 0.509336 0.043712 0.039099
0 0.485778 0.413354 0.043615 0.023257
0 0.263881 0.445695 0.045554 0.026858
