0 0.798447 0.442848 0.028304 0.027306
0 0.837065 0.445910 0.030785 0.027122
0 0.865644 0.452808 0.028213 0.034763
0 0.857620 0.432457 0.027394 0.024722
0 0.405281 0.421306 0.040896 0.026064
0 0.311353 0.495738 0.046237 0.048883
0 0.246968 0.476878 0.027575 0.035416
0 0.523960 0.414826 0.037018 0.024757
0 0.604134 0.410931 0.043300 0.027500
0 0.279107 0.480491 0.033602 0.044624
0 0.801578 0.472156 0.034569 0.031353
0 0.789901 0.517547 0.067238 0.029620
0 0.684457 0.411622 0.042585 0.025778
0 0.166183 0.505921 0.041082 0.042255
0 0.920784 0.501323 0.061578 0.039972
0 0.762416 0.544180 0.063790 0.042756
0 0.663873 0.512999 0.063866 0.038261
0 0.666668 0.549156 0.070898 0.039249
0 0.570840 0.541905 0.067169 0.038412
0 0.602886 0.392245 0.039528 0.019619
0 0.536336 0.391154 0.034421 0.021386
0 0.759854 0.414766 0.040957 0.021360
0 0.507069 0.574212 0.079048 0.046364
0 0.845395 0.553725 0.066294 0.047580
0 0.020034 0.485053 0.040068 0.039433
0 0.334449 0.552320 0.076044 0.041412
0 0.671146 0.391854 0.041096 0.019881
0 0.241645 0.439616 0.055472 0.026555
0 0.228023 0.583523 0.078770 0.045913
0 0.155531 0.555955 0.072279 0.038891
0 0.165805 0.531047 0.070020 0.036191
0 0.829573 0.417993 0.046743 0.024757
0 0.489955 0.407532 0.039214 0.025883
0 0.076365 0.582119 0.072154 0.043138
0 0.646640 0.402959 0.040303 0.022663
0 0.414877 0.711880 0.044571 0.050885
0 0.567610 0.403364 0.043131 0.026633
0 0.310180 0.434280 0.044053 0.034481
0 0.210964 0.501529 0.044827 0.047571
0 0.202049 0.474323 0.047412 0.034268
