0 0.796739 0.416442 0.028967 0.022362
0 0.238768 0.499905 0.042323 0.042096
0 0.290032 0.450863 0.038862 0.030431
0 0.374623 0.418827 0.044720 0.023159
0 0.632291 0.411199 0.039800 0.025079
0 0.828610 0.403473 0.023073 0.023823
0 0.784862 0.429059 0.028265 0.028202
0 0.778491 0.469214 0.035003 0.032889
0 0.753758 0.498008 0.044971 0.040788
0 0.461919 0.414067 0.048656 0.026760
0 0.726569 0.401342 0.034215 0.017646
0 0.865058 0.480487 0.035541 0.038423
0 0.152394 0.466136 0.053354 0.028331
0 0.175892 0.445959 0.043957 0.024926
0 0.700143 0.545421 0.055411 0.042623
0 0.530414 0.408090 0.043615 0.023257
