0 0.691135 0.518787 0.052512 0.038007
0 0.828325 0.501125 0.041527 0.033604
0 0.630499 0.389798 0.038816 0.023680
0 0.741913 0.409375 0.039959 0.023704
0 0.673206 0.539840 0.029543 0.042665
0 0.497792 0.526834 0.033184 0.036168
0 0.302338 0.422185 0.043539 0.031968
0 0.178484 0.520324 0.039969 0.049757
0 0.212585 0.461237 0.032935 0.044192
0 0.418167 0.536877 0.028613 0.040962
0 0.389354 0.712188 0.113425 0.083107
0 0.837515 0.454407 0.031119 0.033730
0 0.806457 0.416974 0.031146 0.027302
0 0.764201 0.491965 0.045680 0.034052
0 0.766159 0.443989 0.028893 0.033274
0 0.843016 0.420700 0.033444 0.025777
0 0.489083 0.411513 0.045846 0.027382
0 0.822806 0.399784 0.031942 0.023905
0 0.665292 0.412394 0.044059 0.023382
0 0.562220 0.405258 0.041615 0.027766
