0 0.789619 0.436463 0.028542 0.025400
0 0.831745 0.430902 0.030785 0.027122
0 0.859959 0.442031 0.023097 0.030964
0 0.855186 0.429032 0.027394 0.024722
0 0.680158 0.508388 0.064095 0.038069
0 0.812779 0.537992 0.074207 0.038720
0 0.841089 0.457298 0.037142 0.028974
0 0.218006 0.510828 0.040382 0.044543
0 0.883716 0.466806 0.025724 0.031875
0 0.795984 0.471992 0.039838 0.030356
0 0.269551 0.490131 0.034031 0.043913
0 0.828869 0.483430 0.041399 0.028290
0 0.068720 0.487125 0.056495 0.033098
0 0.319167 0.435563 0.049997 0.028505
0 0.261156 0.449112 0.040252 0.031622
0 0.372601 0.422522 0.046388 0.023451
0 0.437139 0.414563 0.042377 0.024695
0 0.798985 0.497489 0.049675 0.032393
0 0.522161 0.411151 0.041854 0.019068
0 0.585269 0.410595 0.042639 0.023721
0 0.965376 0.492925 0.056353 0.032308
0 0.663692 0.413412 0.035031 0.018443
0 0.734623 0.410760 0.045227 0.027195
0 0.199062 0.488829 0.038699 0.039585
0 0.856431 0.497377 0.042530 0.034600
0 0.744851 0.509670 0.054107 0.038479
0 0.150581 0.549099 0.050286 0.052471
0 0.611355 0.537501 0.066609 0.039457
0 0.705651 0.535404 0.071532 0.037704
0 0.176586 0.469891 0.046314 0.032956
0 0.344184 0.541339 0.062240 0.038057
0 0.805958 0.414958 0.043849 0.018620
0 0.860420 0.414542 0.041729 0.026640
0 0.165327 0.552754 0.077093 0.038057
0 0.235894 0.438496 0.043144 0.030022
