0 0.360817 0.380815 0.040613 0.027462
0 0.257766 0.382112 0.111273 0.047695
0 0.322531 0.394037 0.043484 0.029475
0 0.364995 0.483346 0.060060 0.030449
0 0.397300 0.494548 0.050878 0.038059
0 0.330903 0.526366 0.072664 0.042997
0 0.432426 0.392188 0.022608 0.026460
0 0.359882 0.543524 0.059714 0.044792
0 0.305842 0.509965 0.052735 0.032987
0 0.127514 0.430475 0.046031 0.027908
0 0.459561 0.476984 0.041109 0.034445
0 0.414591 0.513618 0.046947 0.036688
0 0.245004 0.564225 0.075347 0.045989
0 0.292591 0.577010 0.068080 0.048609
0 0.186186 0.417668 0.046601 0.028133
0 0.236097 0.528542 0.074556 0.039311
0 0.237170 0.408408 0.043905 0.025507
0 0.699446 0.395796 0.037042 0.026161
0 0.472747 0.493216 0.042318 0.038961
0 0.462844 0.527678 0.058338 0.046504
0 0.341818 0.583084 0.031403 0.038636
0 0.119166 0.748789 0.104978 0.095519
