0 0.792236 0.437981 0.028228 0.025400
0 0.834174 0.435709 0.030785 0.027122
0 0.863574 0.449173 0.023097 0.030964
0 0.855887 0.430018 0.027394 0.024722
0 0.267340 0.503073 0.032387 0.047410
0 0.656303 0.511708 0.064095 0.038069
0 0.336560 0.529722 0.063727 0.042682
0 0.246026 0.472174 0.032643 0.035968
0 0.037522 0.730069 0.075043 0.097012
0 0.842917 0.472268 0.037142 0.028974
0 0.295235 0.443999 0.043773 0.032622
0 0.883000 0.468597 0.025724 0.031875
0 0.792285 0.476474 0.039838 0.030356
0 0.095050 0.582281 0.046128 0.062338
0 0.354784 0.425555 0.042690 0.025539
0 0.821985 0.487697 0.041399 0.028290
0 0.896881 0.559291 0.030047 0.038427
0 0.425433 0.416569 0.042382 0.022507
0 0.511119 0.411734 0.048578 0.025132
0 0.468553 0.405796 0.042996 0.019881
0 0.568745 0.410444 0.044241 0.023451
0 0.630549 0.408079 0.042377 0.024695
0 0.590229 0.398385 0.039236 0.017198
0 0.540519 0.396844 0.036053 0.021403
0 0.969191 0.497564 0.061617 0.035771
0 0.854603 0.511186 0.059001 0.034554
0 0.865511 0.535644 0.059502 0.031822
0 0.786662 0.503051 0.049675 0.032393
0 0.743759 0.548010 0.061342 0.036526
0 0.954482 0.527604 0.060521 0.043310
0 0.692456 0.410074 0.041854 0.019068
0 0.743892 0.414108 0.042639 0.019068
0 0.357749 0.411998 0.046805 0.019364
0 0.604384 0.554071 0.074903 0.041394
0 0.675887 0.529805 0.070773 0.041840
0 0.816943 0.558709 0.072000 0.044313
0 0.104424 0.467002 0.057532 0.035664
0 0.206780 0.434546 0.053013 0.037989
0 0.794614 0.414816 0.035031 0.018443
0 0.716309 0.396317 0.044704 0.023132
0 0.121958 0.524547 0.040051 0.045014
0 0.851177 0.411356 0.045227 0.027195
0 0.756784 0.395838 0.037224 0.017193
0 0.291949 0.427295 0.038691 0.022583
0 0.737729 0.510708 0.054107 0.038479
0 0.216364 0.461521 0.044224 0.033828
0 0.139814 0.594381 0.057452 0.074088
0 0.158698 0.533740 0.039043 0.052012
