0 0.429726 0.411232 0.026125 0.020596
0 0.390253 0.403795 0.034810 0.021811
0 0.431151 0.394358 0.029831 0.020859
0 0.476921 0.403820 0.025061 0.024105
0 0.423647 0.441173 0.029437 0.027967
0 0.446657 0.453931 0.034959 0.030898
0 0.397957 0.479569 0.050337 0.030526
0 0.323435 0.499441 0.063808 0.029638
0 0.061232 0.442801 0.058621 0.027561
0 0.140715 0.429741 0.050964 0.028245
0 0.511492 0.421852 0.027912 0.032359
0 0.787231 0.373251 0.027656 0.018572
0 0.483988 0.449724 0.028347 0.026724
0 0.212667 0.418424 0.042863 0.024774
0 0.264878 0.408753 0.039148 0.021954
0 0.754967 0.393131 0.029172 0.018831
0 0.687750 0.402022 0.034376 0.025977
0 0.234188 0.529840 0.073250 0.039976
0 0.313713 0.403307 0.035185 0.021010
0 0.632769 0.423978 0.040828 0.024461
0 0.450923 0.478560 0.049307 0.034978
0 0.366636 0.392390 0.037329 0.022895
0 0.552679 0.455182 0.044249 0.032643
0 0.579581 0.473960 0.048484 0.036235
0 0.381968 0.510132 0.064494 0.036797
0 0.125658 0.560907 0.070934 0.040530
0 0.450254 0.511546 0.055627 0.037445
0 0.459893 0.377136 0.039559 0.024735
0 0.322426 0.532664 0.070114 0.044444
0 0.072364 0.423355 0.049327 0.026074
0 0.336096 0.556232 0.074966 0.043534
0 0.162886 0.609802 0.084498 0.053798
0 0.284025 0.387104 0.038240 0.019992
0 0.186885 0.411167 0.047402 0.025883
0 0.111920 0.594373 0.075393 0.048244
