0 0.772448 0.430329 0.034272 0.025400
0 0.803655 0.405426 0.031387 0.023232
0 0.832392 0.402247 0.030480 0.025093
0 0.722301 0.502457 0.061392 0.038069
0 0.830654 0.435584 0.029030 0.027815
0 0.866181 0.443529 0.031626 0.031875
0 0.801179 0.463582 0.024371 0.027415
0 0.833512 0.461314 0.026682 0.028290
0 0.079497 0.490069 0.062851 0.032258
0 0.114296 0.658938 0.083074 0.078612
0 0.126521 0.468071 0.050524 0.024426
0 0.219028 0.450042 0.051716 0.031379
0 0.818744 0.484136 0.038636 0.032393
0 0.288503 0.444700 0.043087 0.030742
0 0.388397 0.424031 0.042639 0.023721
0 0.453311 0.418287 0.037976 0.020574
0 0.561290 0.408661 0.045227 0.027195
0 0.872818 0.471154 0.028670 0.031629
0 0.783500 0.498263 0.047995 0.032902
0 0.796724 0.522017 0.055719 0.034173
0 0.840328 0.507215 0.048968 0.036409
0 0.717005 0.530945 0.056070 0.035225
0 0.648288 0.412660 0.043849 0.021061
0 0.702206 0.411301 0.041729 0.026283
0 0.803451 0.540801 0.072303 0.037096
0 0.080464 0.624318 0.068511 0.062268
0 0.755228 0.411625 0.039224 0.020438
0 0.276408 0.679394 0.091180 0.071683
0 0.230820 0.764032 0.117264 0.084812
0 0.163779 0.843270 0.055138 0.054618
