0 0.765139 0.425140 0.034272 0.025400
0 0.760146 0.482384 0.042571 0.038069
0 0.815340 0.417015 0.028428 0.024380
0 0.844099 0.416063 0.031626 0.026736
0 0.800045 0.462076 0.024371 0.027415
0 0.825910 0.438004 0.026682 0.028290
0 0.078955 0.485123 0.057741 0.036880
0 0.833504 0.469719 0.038636 0.032393
0 0.220433 0.505104 0.042808 0.043290
0 0.331624 0.434074 0.044778 0.027929
0 0.387887 0.423734 0.038471 0.021674
0 0.461526 0.412752 0.051603 0.028864
0 0.861013 0.442313 0.028670 0.031629
0 0.801756 0.488389 0.043526 0.031991
0 0.820167 0.514356 0.047981 0.034173
0 0.865839 0.481688 0.033582 0.030713
0 0.752230 0.518996 0.050144 0.035210
0 0.553596 0.412026 0.043849 0.021061
0 0.627227 0.409640 0.041729 0.026283
0 0.895154 0.514182 0.047932 0.034215
0 0.701963 0.412252 0.039224 0.020438
0 0.525049 0.580102 0.071463 0.051148
0 0.231878 0.440610 0.047050 0.036374
0 0.065895 0.474048 0.053369 0.038034
0 0.147154 0.455586 0.055553 0.035938
0 0.279913 0.437990 0.046818 0.037630
0 0.393556 0.704040 0.046164 0.048916
0 0.305698 0.716067 0.100261 0.067018
