0 0.425013 0.406252 0.026262 0.019370
0 0.381593 0.401568 0.036064 0.021811
0 0.430100 0.394886 0.029831 0.020859
0 0.472393 0.399929 0.025061 0.024105
0 0.426371 0.427763 0.027638 0.025587
0 0.456770 0.424076 0.025149 0.025201
0 0.448613 0.449334 0.033511 0.027831
0 0.419226 0.467722 0.052780 0.033776
0 0.510252 0.417558 0.027912 0.031314
0 0.482331 0.420860 0.024121 0.023617
0 0.361996 0.486514 0.059961 0.032693
0 0.027254 0.460346 0.038776 0.026615
0 0.482501 0.453085 0.034734 0.029622
0 0.101282 0.438480 0.045503 0.025630
0 0.291444 0.513880 0.060461 0.035873
0 0.251113 0.413731 0.044283 0.030657
0 0.721812 0.392420 0.027601 0.019867
0 0.780450 0.377908 0.030634 0.020534
0 0.725254 0.400244 0.032632 0.026727
0 0.664443 0.405369 0.036743 0.025712
0 0.054060 0.439689 0.040969 0.021624
0 0.323642 0.399455 0.046458 0.021162
0 0.393505 0.384760 0.036103 0.023757
0 0.559025 0.465433 0.129534 0.086329
0 0.199976 0.533966 0.066023 0.035263
0 0.419093 0.536057 0.068980 0.038987
0 0.185534 0.574128 0.065624 0.040677
0 0.314585 0.530788 0.062153 0.048164
0 0.461911 0.378051 0.036626 0.018524
0 0.364320 0.563451 0.031283 0.044113
0 0.163834 0.593761 0.077676 0.051263
0 0.113063 0.558923 0.079469 0.051765
0 0.432956 0.504955 0.049408 0.029624
0 0.417786 0.493008 0.049730 0.034660
0 0.538136 0.428286 0.024650 0.022760
0 0.140563 0.744593 0.048788 0.054316
