0 0.703190 0.515804 0.050459 0.036239
0 0.853210 0.444592 0.030130 0.032500
0 0.920137 0.509041 0.028528 0.033152
0 0.187886 0.450421 0.050111 0.033504
0 0.049282 0.653783 0.082938 0.090199
0 0.481004 0.536464 0.068903 0.041034
0 0.740141 0.551834 0.028613 0.040962
0 0.847160 0.550272 0.068932 0.051101
0 0.802419 0.416336 0.031796 0.031556
0 0.788165 0.458152 0.031726 0.035104
0 0.735477 0.424508 0.043540 0.030317
0 0.829957 0.410744 0.030734 0.024645
0 0.481807 0.412354 0.045846 0.028078
0 0.663299 0.412069 0.044059 0.023382
0 0.560459 0.405414 0.041615 0.027766
