0 0.308296 0.394977 0.042429 0.021811
0 0.413534 0.384045 0.024410 0.027805
0 0.415942 0.416237 0.027659 0.032688
0 0.447757 0.401334 0.031165 0.026112
0 0.031148 0.460780 0.062296 0.028715
0 0.103043 0.439985 0.047725 0.027997
0 0.375251 0.484928 0.059842 0.038725
0 0.210095 0.420093 0.049507 0.024876
0 0.281367 0.508109 0.070035 0.038429
0 0.476183 0.395492 0.033875 0.028893
0 0.262713 0.410489 0.040134 0.022893
0 0.192671 0.535392 0.081478 0.051018
0 0.428264 0.448680 0.031409 0.029408
0 0.760023 0.384710 0.028883 0.019860
0 0.491074 0.425602 0.034237 0.029244
0 0.569502 0.437586 0.042233 0.030697
0 0.454488 0.462601 0.043879 0.036908
0 0.321069 0.524776 0.071163 0.027944
0 0.365177 0.573200 0.184257 0.147605
0 0.178798 0.623457 0.086168 0.058513
0 0.078927 0.561730 0.073183 0.049262
0 0.141111 0.684944 0.085526 0.068764
0 0.162025 0.423555 0.047992 0.023359
