0 0.325408 0.395016 0.042429 0.021811
0 0.451885 0.383804 0.021259 0.022247
0 0.428844 0.401153 0.024410 0.027805
0 0.422266 0.431668 0.027659 0.032688
0 0.462650 0.412598 0.030533 0.026542
0 0.044141 0.458071 0.058531 0.028715
0 0.133308 0.432472 0.047725 0.027997
0 0.342542 0.500269 0.063525 0.039580
0 0.216160 0.419006 0.049507 0.024876
0 0.246914 0.517264 0.073476 0.045180
0 0.465641 0.374703 0.026521 0.019900
0 0.485008 0.398124 0.033621 0.029321
0 0.272362 0.408070 0.040134 0.022893
0 0.141843 0.543326 0.081478 0.053995
0 0.413306 0.464104 0.042641 0.033380
0 0.693826 0.411828 0.032835 0.022701
0 0.495963 0.439241 0.034237 0.029244
0 0.529588 0.454999 0.043540 0.030697
0 0.430058 0.486697 0.047539 0.037415
0 0.363876 0.534747 0.058720 0.043504
0 0.275541 0.555993 0.073262 0.043413
0 0.259329 0.633972 0.206813 0.179623
0 0.100435 0.684502 0.093858 0.083125
