0 0.600869 0.548728 0.057022 0.047372
0 0.204678 0.503002 0.051638 0.049236
0 0.326800 0.422525 0.047702 0.037260
0 0.069331 0.859473 0.135050 0.103027
0 0.806809 0.407861 0.035010 0.026217
0 0.662900 0.395050 0.044205 0.023680
0 0.365109 0.723928 0.099600 0.074536
0 0.543980 0.572698 0.074516 0.056885
0 0.724652 0.550484 0.066405 0.046258
0 0.820779 0.522278 0.050027 0.045396
0 0.669370 0.528117 0.061686 0.042894
0 0.737828 0.509363 0.050004 0.042901
0 0.766016 0.439423 0.030852 0.030612
0 0.886421 0.498437 0.055033 0.046296
0 0.123721 0.592207 0.110132 0.104473
0 0.266440 0.452003 0.052543 0.047628
0 0.504124 0.410439 0.045846 0.029535
0 0.873485 0.441716 0.037047 0.032384
0 0.847241 0.417291 0.033591 0.030224
0 0.767215 0.415368 0.033104 0.028827
0 0.808957 0.431553 0.035725 0.028272
0 0.671089 0.413273 0.044059 0.023382
0 0.566135 0.404911 0.041615 0.027766
