0 0.798580 0.443928 0.028940 0.028818
0 0.836950 0.446299 0.030785 0.027122
0 0.865585 0.453613 0.028889 0.034968
0 0.857711 0.432584 0.027394 0.024722
0 0.469110 0.415725 0.040896 0.026064
0 0.312095 0.495865 0.046237 0.048883
0 0.245451 0.476619 0.027575 0.035416
0 0.574560 0.414156 0.037018 0.024757
0 0.660384 0.412598 0.043300 0.027500
0 0.281185 0.466404 0.033602 0.038841
0 0.799018 0.477842 0.038258 0.032292
0 0.932525 0.497721 0.056028 0.030308
0 0.680354 0.529550 0.074141 0.029620
0 0.733126 0.413185 0.042585 0.025778
0 0.166635 0.505515 0.041082 0.042255
0 0.805015 0.512352 0.067833 0.039972
0 0.674917 0.555058 0.070994 0.042756
0 0.566751 0.522227 0.070271 0.038261
0 0.545005 0.561835 0.078038 0.039249
0 0.450583 0.548672 0.067156 0.042914
0 0.660617 0.392037 0.039528 0.019619
0 0.587584 0.392709 0.034421 0.018755
0 0.809359 0.415724 0.040957 0.021360
0 0.912584 0.543431 0.024886 0.037297
0 0.350615 0.577168 0.079048 0.046364
0 0.760060 0.579424 0.076345 0.052449
0 0.118436 0.463944 0.055962 0.031784
0 0.209968 0.553851 0.076044 0.041412
0 0.728268 0.390135 0.041096 0.019881
0 0.339903 0.417987 0.048824 0.021056
0 0.095930 0.582968 0.073634 0.045913
0 0.053512 0.555960 0.072279 0.038891
0 0.550571 0.405277 0.039214 0.025883
0 0.288572 0.764591 0.051756 0.053645
0 0.623227 0.404039 0.042351 0.026633
0 0.383417 0.422091 0.042534 0.027710
0 0.211945 0.500472 0.044709 0.047138
0 0.202799 0.473826 0.047328 0.033935
