0 0.768895 0.427904 0.034272 0.025400
0 0.742777 0.493710 0.049711 0.038069
0 0.824019 0.424631 0.028643 0.025607
0 0.856840 0.432054 0.031626 0.028572
0 0.800612 0.462829 0.024371 0.027415
0 0.831786 0.449092 0.026682 0.028290
0 0.028383 0.726653 0.056766 0.078827
0 0.027893 0.481744 0.051706 0.024426
0 0.161534 0.463523 0.051716 0.031379
0 0.826823 0.478469 0.038636 0.032393
0 0.255344 0.469352 0.038340 0.040493
0 0.357795 0.429102 0.042639 0.023721
0 0.416631 0.420492 0.037976 0.020574
0 0.513038 0.409981 0.047545 0.027802
0 0.868308 0.456562 0.028670 0.031629
0 0.790218 0.494800 0.044841 0.032259
0 0.803868 0.520721 0.055719 0.034173
0 0.853381 0.496088 0.038108 0.032388
0 0.734008 0.523947 0.052838 0.035217
0 0.603497 0.413004 0.043849 0.021061
0 0.667942 0.410325 0.041729 0.026283
0 0.860326 0.530727 0.054598 0.034215
0 0.025713 0.666414 0.051425 0.053053
0 0.734261 0.411840 0.039224 0.020438
0 0.410671 0.623834 0.081775 0.063273
0 0.259902 0.434634 0.046987 0.036227
0 0.112225 0.463257 0.057976 0.038034
0 0.416292 0.684551 0.094847 0.066041
0 0.269667 0.776198 0.055138 0.054618
0 0.133460 0.799140 0.117042 0.089539
