0 0.434925 0.415183 0.025505 0.026111
0 0.396992 0.405260 0.034532 0.022245
0 0.435538 0.398494 0.029831 0.023812
0 0.480825 0.410946 0.031186 0.030863
0 0.408923 0.459377 0.044866 0.034542
0 0.056654 0.449529 0.055202 0.039553
0 0.097445 0.418642 0.045577 0.027514
0 0.126751 0.424046 0.049657 0.031690
0 0.357452 0.493962 0.058712 0.033311
0 0.189652 0.399665 0.049938 0.027838
0 0.287011 0.509795 0.059723 0.036316
0 0.403524 0.502079 0.058902 0.038486
0 0.544445 0.464798 0.052333 0.041704
0 0.300324 0.533967 0.076900 0.037389
0 0.207758 0.532505 0.069448 0.047786
0 0.358199 0.551165 0.080761 0.046838
0 0.234544 0.412945 0.042437 0.028416
0 0.281790 0.398189 0.036071 0.022834
0 0.418620 0.380304 0.038219 0.019543
0 0.137133 0.568414 0.079478 0.033567
0 0.160292 0.596108 0.084350 0.053542
0 0.340781 0.396031 0.037412 0.023257
0 0.387506 0.377339 0.043144 0.021565
