0 0.375805 0.392245 0.040741 0.027073
0 0.424102 0.409226 0.024057 0.031306
0 0.408086 0.458433 0.039319 0.031495
0 0.387341 0.377034 0.037615 0.022131
0 0.077291 0.447628 0.041244 0.025361
0 0.339445 0.496779 0.073691 0.044685
0 0.420968 0.390548 0.038660 0.026770
0 0.428496 0.435493 0.025529 0.033633
0 0.466169 0.382457 0.071913 0.060241
0 0.408351 0.486295 0.050918 0.039463
0 0.268421 0.518148 0.068603 0.038179
0 0.493823 0.443667 0.030063 0.036881
0 0.502801 0.419703 0.023960 0.026368
0 0.329500 0.532761 0.052279 0.039162
0 0.630781 0.433209 0.042095 0.031109
0 0.464212 0.443681 0.029439 0.030025
0 0.138049 0.433215 0.039654 0.026049
0 0.456605 0.414262 0.029606 0.031029
0 0.267471 0.546670 0.068169 0.043745
0 0.511652 0.463701 0.035525 0.035965
0 0.214523 0.417096 0.042969 0.028980
0 0.049328 0.430199 0.049768 0.025855
0 0.222349 0.588038 0.084675 0.049504
0 0.376576 0.533888 0.060233 0.045913
0 0.475756 0.513805 0.060163 0.044103
0 0.284701 0.403152 0.037532 0.025790
0 0.133531 0.664565 0.093714 0.076839
