0 0.438619 0.421242 0.025505 0.026111
0 0.400963 0.408291 0.032589 0.025281
0 0.440506 0.400902 0.031624 0.026061
0 0.471295 0.430022 0.034860 0.030863
0 0.305030 0.511491 0.059589 0.037389
0 0.037334 0.445591 0.052182 0.027675
0 0.099976 0.442438 0.053099 0.031146
0 0.585049 0.446785 0.046030 0.031629
0 0.279373 0.407331 0.041588 0.025371
0 0.231677 0.399855 0.035590 0.019282
0 0.378070 0.386423 0.037585 0.026428
0 0.378288 0.368992 0.035200 0.020316
0 0.388574 0.550849 0.030714 0.037966
0 0.427498 0.372759 0.037062 0.020555
0 0.127002 0.562461 0.067767 0.044653
0 0.472305 0.356407 0.040002 0.027838
