0 0.371549 0.391936 0.039273 0.027073
0 0.424641 0.407616 0.024057 0.031306
0 0.410364 0.449790 0.039319 0.031495
0 0.387341 0.377034 0.037615 0.022131
0 0.014250 0.462849 0.028500 0.027589
0 0.358488 0.491046 0.067080 0.039387
0 0.414261 0.390472 0.038660 0.026770
0 0.428099 0.431214 0.025529 0.033633
0 0.441015 0.369557 0.082863 0.037926
0 0.418050 0.476073 0.047060 0.036602
0 0.285715 0.507231 0.068603 0.034570
0 0.499332 0.419691 0.027835 0.035217
0 0.492991 0.393757 0.023960 0.026368
0 0.725807 0.395831 0.035539 0.023544
0 0.466249 0.430619 0.029439 0.030025
0 0.077351 0.446020 0.042781 0.032798
0 0.453537 0.406846 0.029597 0.030479
0 0.278576 0.539444 0.065381 0.038291
0 0.622610 0.438380 0.045483 0.030499
0 0.158989 0.429546 0.042969 0.028980
0 0.240932 0.578006 0.073415 0.049504
0 0.451865 0.484918 0.046675 0.036713
0 0.530560 0.420044 0.031984 0.032504
0 0.226401 0.416036 0.040705 0.025790
0 0.390203 0.522908 0.072300 0.060877
0 0.093029 0.610558 0.093220 0.053476
0 0.391233 0.565640 0.060587 0.045545
0 0.129754 0.674317 0.096885 0.077169
0 0.063815 0.769946 0.098559 0.085650
