0 0.421922 0.402662 0.026262 0.019370
0 0.370882 0.399116 0.037281 0.021811
0 0.415479 0.389071 0.029831 0.020859
0 0.425693 0.424986 0.027638 0.025587
0 0.454740 0.415871 0.023485 0.025329
0 0.464514 0.438331 0.033511 0.027831
0 0.431617 0.460202 0.045960 0.032895
0 0.489502 0.394496 0.027912 0.031314
0 0.446092 0.382440 0.024726 0.022165
0 0.385003 0.481366 0.052845 0.034325
0 0.497033 0.429409 0.032900 0.029090
0 0.391043 0.509378 0.060461 0.035873
0 0.107720 0.436765 0.050173 0.033198
0 0.206220 0.420970 0.046437 0.028135
0 0.274869 0.408184 0.041656 0.023811
0 0.841355 0.349350 0.055593 0.042390
0 0.235392 0.524596 0.068969 0.040012
0 0.511772 0.454103 0.043331 0.022317
0 0.581539 0.436126 0.038371 0.027455
0 0.333168 0.400100 0.040470 0.022579
0 0.661921 0.414237 0.037522 0.024672
0 0.137600 0.545955 0.073476 0.045180
0 0.535232 0.425940 0.027928 0.026847
0 0.498541 0.476361 0.049254 0.035219
0 0.521107 0.401744 0.029027 0.025024
0 0.478725 0.505349 0.064824 0.038580
0 0.379884 0.389555 0.035557 0.018995
0 0.054111 0.573443 0.081478 0.053995
0 0.613170 0.449352 0.039581 0.027684
0 0.048341 0.441938 0.051058 0.031199
0 0.371015 0.544685 0.081063 0.045251
0 0.310444 0.516840 0.075914 0.039672
0 0.283030 0.573224 0.084506 0.044568
0 0.181023 0.594462 0.083723 0.049304
0 0.205193 0.551518 0.074674 0.039570
0 0.086339 0.605697 0.084414 0.052804
