0 0.380856 0.392265 0.031278 0.027073
0 0.428041 0.437969 0.029971 0.031759
0 0.134078 0.436041 0.049507 0.024876
0 0.341451 0.493900 0.062212 0.039295
0 0.419942 0.380345 0.049522 0.028893
0 0.203847 0.419724 0.040134 0.022893
0 0.267323 0.516338 0.073691 0.045376
0 0.427467 0.410317 0.025832 0.029408
0 0.454162 0.399438 0.031294 0.025559
0 0.591747 0.428001 0.042233 0.030697
0 0.461882 0.420140 0.026891 0.031491
0 0.401229 0.480207 0.044621 0.034042
0 0.508407 0.447032 0.061673 0.096254
0 0.331801 0.532535 0.061154 0.046733
0 0.185203 0.540508 0.069808 0.043129
0 0.377388 0.532997 0.054217 0.042350
0 0.442902 0.496183 0.049665 0.034758
0 0.213663 0.604774 0.066655 0.043428
0 0.350746 0.583426 0.071317 0.055933
0 0.445025 0.473192 0.037792 0.028788
0 0.062088 0.450044 0.049006 0.026474
0 0.321985 0.390378 0.028628 0.026049
0 0.463566 0.448526 0.029610 0.031259
0 0.104582 0.648796 0.082714 0.061614
0 0.091538 0.725942 0.086674 0.075094
