0 0.790266 0.436839 0.028464 0.025400
0 0.832345 0.432090 0.030785 0.027122
0 0.861201 0.444486 0.023097 0.030964
0 0.855359 0.429276 0.027394 0.024722
0 0.675849 0.509042 0.064095 0.038069
0 0.710975 0.559540 0.076693 0.050149
0 0.064834 0.713519 0.084793 0.075529
0 0.843257 0.462269 0.037142 0.028974
0 0.236328 0.488441 0.036995 0.037605
0 0.883539 0.467249 0.025724 0.031875
0 0.794628 0.473401 0.039838 0.030356
0 0.278012 0.471021 0.031954 0.037957
0 0.826993 0.484802 0.041399 0.028290
0 0.217423 0.453827 0.044462 0.028872
0 0.366049 0.425823 0.048578 0.025132
0 0.290749 0.431218 0.053948 0.028778
0 0.423211 0.416052 0.044818 0.023451
0 0.482770 0.411857 0.042377 0.024695
0 0.795939 0.498864 0.049675 0.032393
0 0.587768 0.409206 0.041854 0.019068
0 0.660233 0.412634 0.042639 0.019068
0 0.048640 0.484444 0.065048 0.031881
0 0.892487 0.509380 0.056353 0.036460
0 0.725378 0.414460 0.035031 0.018443
0 0.799995 0.412639 0.045227 0.027195
0 0.203251 0.481892 0.038695 0.036113
0 0.817704 0.525173 0.050348 0.038706
0 0.743090 0.509926 0.054107 0.038479
0 0.164688 0.525682 0.045939 0.048418
0 0.419812 0.538236 0.066609 0.039457
0 0.525196 0.546368 0.076622 0.037704
0 0.114040 0.466275 0.052743 0.029579
0 0.230332 0.435406 0.044980 0.026272
