0 0.373089 0.392048 0.039804 0.027073
0 0.424446 0.408198 0.024057 0.031306
0 0.407864 0.451616 0.039319 0.031495
0 0.387341 0.377034 0.037615 0.022131
0 0.037403 0.458218 0.042943 0.030090
0 0.350920 0.492368 0.070826 0.042389
0 0.415823 0.390991 0.038660 0.026770
0 0.428242 0.432762 0.025529 0.033633
0 0.449554 0.371660 0.082509 0.038646
0 0.416523 0.479063 0.047060 0.036602
0 0.279743 0.511549 0.068603 0.034570
0 0.499231 0.427972 0.027835 0.035217
0 0.499912 0.403766 0.023960 0.026368
0 0.690686 0.408476 0.038682 0.025780
0 0.465846 0.434267 0.029439 0.030025
0 0.107524 0.440736 0.039654 0.026049
0 0.454372 0.408846 0.029597 0.030497
0 0.274559 0.542058 0.066390 0.040264
0 0.573900 0.465609 0.049594 0.037996
0 0.179044 0.425134 0.042969 0.028980
0 0.238159 0.581161 0.079796 0.049504
0 0.426196 0.502247 0.052889 0.040930
0 0.529994 0.432448 0.031984 0.032504
0 0.246894 0.411860 0.039973 0.025790
0 0.351927 0.546278 0.085831 0.074002
0 0.068586 0.613215 0.093220 0.053476
0 0.147296 0.734198 0.088234 0.079894
0 0.074458 0.718420 0.100814 0.098728
