0 0.435341 0.416053 0.025505 0.026111
0 0.396595 0.406239 0.033739 0.023484
0 0.435785 0.398725 0.029831 0.023977
0 0.481033 0.413185 0.031186 0.030863
0 0.407341 0.464723 0.046058 0.034566
0 0.028101 0.456842 0.044130 0.032730
0 0.128222 0.431725 0.043867 0.026428
0 0.151677 0.405692 0.045577 0.027514
0 0.647736 0.436718 0.023648 0.026272
0 0.197119 0.408677 0.042957 0.028311
0 0.336389 0.498440 0.053780 0.030956
0 0.243489 0.387298 0.042511 0.027838
0 0.267454 0.516544 0.059723 0.036316
0 0.333579 0.521816 0.068811 0.038826
0 0.061866 0.437369 0.035393 0.022552
0 0.058748 0.423408 0.048655 0.023609
0 0.441603 0.506300 0.064082 0.048594
0 0.222195 0.559846 0.077256 0.039079
0 0.151512 0.549683 0.071075 0.047828
0 0.227159 0.593123 0.083093 0.047177
0 0.289434 0.402023 0.042437 0.028416
0 0.342560 0.389351 0.036071 0.022834
0 0.450531 0.376307 0.037769 0.018471
0 0.399045 0.386295 0.036778 0.023257
0 0.439272 0.371601 0.043144 0.021565
