0 0.435320 0.416010 0.025505 0.026111
0 0.396615 0.406190 0.033779 0.023422
0 0.435772 0.398714 0.029831 0.023969
0 0.481022 0.413073 0.031186 0.030863
0 0.407933 0.464374 0.045520 0.034566
0 0.024947 0.457603 0.043859 0.032730
0 0.124639 0.432571 0.043867 0.026428
0 0.148956 0.406114 0.045577 0.027514
0 0.193798 0.409118 0.042957 0.028311
0 0.337945 0.498039 0.053780 0.030447
0 0.240153 0.387740 0.042511 0.027838
0 0.270230 0.515909 0.059723 0.036316
0 0.337257 0.520907 0.068458 0.038656
0 0.058807 0.437940 0.035393 0.022552
0 0.056573 0.423915 0.048655 0.023609
0 0.447579 0.504154 0.063162 0.048530
0 0.226935 0.558641 0.077078 0.038234
0 0.155455 0.548679 0.070262 0.047807
0 0.234726 0.590670 0.081927 0.047007
0 0.286405 0.402465 0.042437 0.028416
0 0.339531 0.389847 0.036071 0.022834
0 0.449409 0.376400 0.037769 0.018471
0 0.396163 0.386803 0.036778 0.023257
0 0.436725 0.371876 0.043144 0.021565
