0 0.433627 0.414047 0.025646 0.024854
0 0.395553 0.404660 0.034810 0.021811
0 0.434462 0.397487 0.029831 0.023092
0 0.478042 0.408776 0.025061 0.029958
0 0.412725 0.459669 0.034929 0.032453
0 0.388994 0.482479 0.050755 0.033311
0 0.325506 0.499909 0.054405 0.032421
0 0.729866 0.388276 0.035859 0.024946
0 0.636265 0.419793 0.041484 0.027140
0 0.245568 0.518915 0.069448 0.032992
0 0.698261 0.409019 0.039988 0.027960
0 0.025003 0.450786 0.048609 0.031326
0 0.173662 0.420890 0.047006 0.031619
0 0.527203 0.459257 0.045556 0.030969
0 0.603133 0.449515 0.045895 0.034105
0 0.090370 0.443252 0.046500 0.025461
0 0.120296 0.423196 0.050039 0.024490
0 0.521106 0.490418 0.052549 0.036081
0 0.417193 0.490963 0.050894 0.034681
0 0.403746 0.518997 0.056348 0.041340
0 0.248385 0.400818 0.040853 0.026296
0 0.293489 0.399349 0.044227 0.028891
0 0.296965 0.373682 0.047904 0.027601
0 0.321157 0.559827 0.072704 0.052137
0 0.224369 0.553601 0.079596 0.045668
0 0.190914 0.603182 0.061407 0.049867
0 0.342758 0.391447 0.035069 0.022552
0 0.439164 0.380126 0.042142 0.022924
0 0.115994 0.595844 0.080830 0.048628
0 0.521102 0.366820 0.041582 0.023609
