0 0.431684 0.412645 0.025885 0.022733
0 0.392891 0.404226 0.034810 0.021811
0 0.432793 0.395925 0.029831 0.021975
0 0.477875 0.406182 0.025061 0.026366
0 0.416077 0.453712 0.033200 0.029700
0 0.396651 0.477536 0.050755 0.033311
0 0.337850 0.495984 0.054405 0.032421
0 0.267678 0.517056 0.069448 0.034219
0 0.772940 0.376959 0.026291 0.021970
0 0.730131 0.397804 0.034520 0.024232
0 0.724351 0.379514 0.035482 0.018244
0 0.051699 0.451596 0.044577 0.032429
0 0.199838 0.418908 0.054859 0.027561
0 0.635800 0.415160 0.034909 0.028959
0 0.285022 0.400627 0.046882 0.028245
0 0.611590 0.443547 0.042083 0.033720
0 0.494348 0.449127 0.044019 0.035063
0 0.432012 0.500219 0.059808 0.038474
0 0.520582 0.482331 0.044139 0.035073
0 0.322553 0.522512 0.062474 0.037504
0 0.342736 0.393945 0.040668 0.021753
0 0.400763 0.383650 0.038900 0.021143
0 0.374928 0.541788 0.065932 0.042684
0 0.249487 0.561360 0.072485 0.046227
0 0.125502 0.553608 0.075776 0.051588
0 0.462435 0.376751 0.030802 0.019874
0 0.119531 0.426685 0.044947 0.027908
0 0.133933 0.618804 0.094864 0.054367
0 0.082800 0.599958 0.081312 0.045482
0 0.518585 0.368815 0.034508 0.024794
