0 0.547853 0.572803 0.057022 0.051768
0 0.295818 0.443669 0.048897 0.030857
0 0.050905 0.653134 0.074041 0.064184
0 0.381868 0.540262 0.063486 0.064184
0 0.681051 0.565000 0.074885 0.054714
0 0.757735 0.542249 0.059926 0.048760
0 0.627356 0.542039 0.061686 0.048401
0 0.702354 0.524846 0.058933 0.040979
0 0.772416 0.483172 0.042706 0.035247
0 0.811477 0.524702 0.059926 0.046296
0 0.059976 0.475967 0.071979 0.046296
0 0.236185 0.485301 0.063962 0.068115
0 0.968413 0.509047 0.048107 0.039983
0 0.861076 0.500994 0.059926 0.039983
0 0.385068 0.419106 0.053766 0.031566
0 0.508197 0.410632 0.045846 0.032736
0 0.894600 0.459120 0.037047 0.039983
0 0.864046 0.430894 0.035276 0.031566
0 0.783430 0.436121 0.035602 0.032618
0 0.822431 0.440281 0.041446 0.032618
0 0.677200 0.414042 0.044059 0.023382
0 0.567396 0.404800 0.041615 0.027766
