0 0.056688 0.655440 0.081069 0.065407
0 0.162363 0.613251 0.061500 0.059714
0 0.259901 0.476873 0.041411 0.047643
0 0.824096 0.426062 0.028575 0.026088
0 0.817895 0.447619 0.023086 0.029415
0 0.389751 0.421193 0.043849 0.024092
0 0.452019 0.415626 0.041729 0.026283
0 0.499039 0.401567 0.042752 0.020438
0 0.770962 0.442463 0.030307 0.034815
0 0.875439 0.455658 0.031551 0.030544
0 0.858087 0.428707 0.033934 0.028622
0 0.788585 0.499067 0.043345 0.034994
0 0.636425 0.550734 0.061496 0.044219
0 0.071105 0.478722 0.061511 0.038295
0 0.686610 0.408827 0.035069 0.023962
0 0.479924 0.612499 0.080894 0.058409
0 0.718513 0.593990 0.068305 0.052673
0 0.699304 0.552620 0.061537 0.047233
0 0.171572 0.524548 0.047994 0.046178
0 0.164980 0.448712 0.047571 0.031444
0 0.634860 0.395634 0.040698 0.022552
0 0.726482 0.401535 0.034215 0.015438
0 0.181664 0.463337 0.052740 0.037200
0 0.242375 0.433429 0.046592 0.030657
0 0.300097 0.437853 0.047181 0.026428
