0 0.432101 0.412946 0.025833 0.023188
0 0.393463 0.404319 0.034810 0.021811
0 0.433151 0.396261 0.029831 0.022215
0 0.477911 0.406739 0.025061 0.027138
0 0.415357 0.454992 0.033571 0.030291
0 0.393861 0.478261 0.050755 0.033311
0 0.335952 0.496297 0.054405 0.032421
0 0.263898 0.516215 0.069448 0.033757
0 0.786165 0.375940 0.030649 0.020600
0 0.711720 0.397729 0.031620 0.026087
0 0.037530 0.455639 0.056024 0.032205
0 0.659633 0.424712 0.039827 0.033328
0 0.650831 0.409629 0.040725 0.024572
0 0.617070 0.442406 0.030640 0.034099
0 0.116083 0.437599 0.041436 0.028067
0 0.247004 0.410491 0.054859 0.027561
0 0.563829 0.444770 0.045830 0.028735
0 0.324521 0.395120 0.046882 0.028245
0 0.530635 0.479955 0.054423 0.039057
0 0.434660 0.485757 0.059181 0.042204
0 0.320827 0.537354 0.070529 0.042435
0 0.395475 0.535294 0.062720 0.038686
0 0.213550 0.553599 0.069972 0.041994
0 0.398616 0.385265 0.040668 0.019874
0 0.454735 0.377389 0.038900 0.021143
0 0.226980 0.594812 0.080695 0.048631
0 0.150153 0.587387 0.088121 0.046514
0 0.037574 0.580120 0.069137 0.051588
0 0.514769 0.369011 0.030802 0.019874
0 0.186438 0.412935 0.044947 0.027908
0 0.117681 0.414204 0.039214 0.027986
