0 0.306030 0.394977 0.042429 0.021811
0 0.408267 0.373150 0.022233 0.024975
0 0.402752 0.406422 0.030577 0.028141
0 0.433049 0.393591 0.030441 0.025728
0 0.075564 0.447017 0.048454 0.028227
0 0.401144 0.471555 0.046695 0.035565
0 0.194558 0.423208 0.049507 0.024876
0 0.300736 0.503975 0.069017 0.038567
0 0.468749 0.392732 0.033875 0.028893
0 0.255103 0.412396 0.040134 0.022893
0 0.222542 0.526644 0.080232 0.050425
0 0.432867 0.434100 0.025832 0.029408
0 0.479987 0.417672 0.034237 0.029244
0 0.577369 0.434514 0.042233 0.030697
0 0.465416 0.444942 0.033293 0.036041
0 0.349775 0.512219 0.069040 0.029024
0 0.427691 0.521781 0.132806 0.117875
0 0.229502 0.590601 0.077266 0.048794
0 0.120299 0.555091 0.073183 0.049262
0 0.331237 0.544684 0.057127 0.043088
0 0.139934 0.730970 0.104330 0.084700
0 0.139310 0.429354 0.048965 0.026349
