0 0.430144 0.411534 0.026074 0.021051
0 0.390781 0.403882 0.034810 0.021811
0 0.431470 0.394687 0.029831 0.021090
0 0.477404 0.404235 0.025061 0.024105
0 0.418379 0.446065 0.032112 0.027967
0 0.433002 0.465407 0.043841 0.033311
0 0.375948 0.489670 0.050337 0.030526
0 0.307902 0.505809 0.063808 0.029638
0 0.078359 0.441928 0.058621 0.027561
0 0.151810 0.426823 0.050964 0.028245
0 0.511492 0.423553 0.027912 0.033099
0 0.732917 0.391674 0.032988 0.023126
0 0.482440 0.453438 0.033661 0.026724
0 0.223308 0.415480 0.042863 0.024774
0 0.275764 0.406953 0.038900 0.021143
0 0.699078 0.410522 0.035005 0.023938
0 0.610785 0.432070 0.042799 0.028928
0 0.212685 0.532259 0.075018 0.037346
0 0.327234 0.400342 0.033765 0.021010
0 0.550404 0.461877 0.048568 0.030296
0 0.424144 0.494706 0.052438 0.034978
0 0.383318 0.389183 0.035504 0.019740
0 0.417791 0.381817 0.036108 0.023638
0 0.474011 0.495672 0.053772 0.039270
0 0.502233 0.509904 0.061408 0.038653
0 0.321394 0.528405 0.068762 0.036797
0 0.104319 0.568433 0.074105 0.040530
0 0.334781 0.558756 0.064994 0.042771
0 0.073176 0.424585 0.039516 0.023805
0 0.501118 0.371707 0.039559 0.026691
0 0.230416 0.561400 0.078944 0.053278
0 0.171528 0.401590 0.040687 0.021381
0 0.171418 0.613841 0.093368 0.053946
