0 0.794545 0.439321 0.027951 0.025400
0 0.836317 0.439950 0.030785 0.027122
0 0.863603 0.449223 0.023168 0.031017
0 0.856505 0.430888 0.027394 0.024722
0 0.278985 0.474921 0.031143 0.039452
0 0.496499 0.518073 0.064095 0.048883
0 0.255438 0.483287 0.039125 0.038427
0 0.263357 0.454468 0.026842 0.029425
0 0.247124 0.523531 0.044606 0.048567
0 0.211282 0.446514 0.043077 0.029909
0 0.160620 0.510910 0.041082 0.042255
0 0.842917 0.472268 0.037142 0.028974
0 0.308032 0.437402 0.043780 0.026589
0 0.882368 0.470177 0.025724 0.031875
0 0.791439 0.478689 0.039838 0.030356
0 0.364220 0.427394 0.051713 0.024757
0 0.139503 0.496184 0.042083 0.037612
0 0.430405 0.419247 0.039432 0.024226
0 0.818268 0.487160 0.042046 0.028290
0 0.768825 0.566520 0.030047 0.038427
0 0.434240 0.398054 0.043057 0.021233
0 0.545614 0.409857 0.042382 0.022507
0 0.653377 0.411538 0.048578 0.025132
0 0.266612 0.430189 0.050614 0.026308
0 0.577624 0.401893 0.034023 0.019881
0 0.832298 0.510486 0.084069 0.056221
0 0.800760 0.540564 0.075235 0.042934
0 0.720307 0.526181 0.061801 0.038835
0 0.644073 0.545833 0.066193 0.047639
0 0.723991 0.412234 0.047519 0.023451
0 0.535506 0.568753 0.072518 0.039762
0 0.706221 0.580155 0.073378 0.055244
0 0.422313 0.552506 0.069379 0.038258
0 0.785531 0.412060 0.042377 0.024695
0 0.811428 0.398108 0.039236 0.022402
0 0.754763 0.400464 0.038982 0.021277
0 0.347532 0.584512 0.080289 0.043683
0 0.227214 0.553723 0.075893 0.041052
0 0.598688 0.518498 0.064599 0.041856
0 0.197051 0.579597 0.072154 0.039387
0 0.674171 0.506779 0.060533 0.035650
0 0.161550 0.449090 0.051736 0.036587
0 0.750553 0.495031 0.044271 0.036191
0 0.868369 0.412905 0.041854 0.019068
0 0.518109 0.403423 0.046805 0.022209
0 0.436435 0.688563 0.106406 0.065595
0 0.556633 0.393163 0.039463 0.018223
0 0.198904 0.514527 0.046273 0.052908
0 0.192825 0.480444 0.048440 0.038369
