0 0.699591 0.516695 0.051072 0.036767
0 0.859770 0.460620 0.030130 0.032500
0 0.990205 0.505251 0.019590 0.028796
0 0.801789 0.520671 0.029713 0.033152
0 0.240833 0.437220 0.044988 0.031968
0 0.021968 0.686743 0.043936 0.063699
0 0.137619 0.575423 0.055799 0.068010
0 0.356470 0.510862 0.057048 0.040842
0 0.643021 0.553187 0.028613 0.040962
0 0.737348 0.582577 0.070261 0.052639
0 0.810959 0.424046 0.031796 0.031556
0 0.786452 0.470247 0.036863 0.034102
0 0.756712 0.433541 0.029590 0.032714
0 0.833094 0.412620 0.030734 0.024645
0 0.483979 0.412103 0.045846 0.027870
0 0.663894 0.412166 0.044059 0.023382
0 0.560984 0.405368 0.041615 0.027766
