0 0.425790 0.407155 0.026262 0.019370
0 0.384287 0.402185 0.035758 0.021811
0 0.430794 0.394679 0.029831 0.020859
0 0.473092 0.400529 0.025061 0.024105
0 0.426541 0.428462 0.027638 0.025587
0 0.456676 0.424843 0.026034 0.025133
0 0.448102 0.449835 0.033511 0.027831
0 0.417636 0.468498 0.052780 0.033776
0 0.510477 0.417901 0.027912 0.031314
0 0.482379 0.427156 0.024121 0.023617
0 0.018869 0.459727 0.036920 0.027378
0 0.359737 0.487050 0.059961 0.032693
0 0.090912 0.442089 0.040433 0.026615
0 0.481678 0.454537 0.036761 0.029129
0 0.154087 0.426564 0.044106 0.025630
0 0.794198 0.358293 0.026996 0.018047
0 0.288675 0.512800 0.060461 0.035873
0 0.296175 0.402682 0.044283 0.030657
0 0.712470 0.387914 0.032431 0.022711
0 0.837577 0.351067 0.021489 0.018800
0 0.646443 0.412644 0.043927 0.023499
0 0.800170 0.371790 0.023927 0.020587
0 0.700469 0.406059 0.039572 0.020534
0 0.765415 0.384565 0.027119 0.022489
0 0.649478 0.431382 0.036985 0.030380
0 0.530324 0.460122 0.047705 0.029621
0 0.024151 0.420030 0.048303 0.042234
0 0.082849 0.433870 0.040969 0.021624
0 0.369384 0.392487 0.046458 0.021162
0 0.489795 0.478675 0.047115 0.036072
0 0.445570 0.380291 0.036103 0.023757
0 0.376627 0.537995 0.205190 0.112061
0 0.190164 0.404768 0.038924 0.021881
0 0.158713 0.548661 0.066023 0.047318
0 0.122193 0.419799 0.039998 0.024382
0 0.204155 0.600985 0.083172 0.054072
0 0.076157 0.590746 0.065254 0.045638
0 0.234968 0.545906 0.062153 0.048164
0 0.168955 0.691335 0.052085 0.052633
