0 0.229969 0.505506 0.045304 0.044360
0 0.576837 0.409340 0.039800 0.025079
0 0.766803 0.414716 0.028265 0.022205
0 0.770104 0.439836 0.032112 0.036775
0 0.300617 0.441978 0.048656 0.030156
0 0.837352 0.414119 0.025996 0.027827
0 0.809521 0.427867 0.026168 0.032747
0 0.363040 0.429560 0.043615 0.023257
0 0.344020 0.530110 0.066446 0.041787
0 0.186163 0.449354 0.049447 0.031054
0 0.241606 0.466443 0.037735 0.032498
0 0.041102 0.648087 0.033676 0.042621
0 0.501494 0.412648 0.037167 0.024103
0 0.414716 0.417793 0.044594 0.030445
