0 0.756834 0.419834 0.034272 0.025400
0 0.769046 0.467060 0.034025 0.038069
0 0.799377 0.405049 0.028428 0.024380
0 0.826370 0.399926 0.025679 0.020396
0 0.801457 0.457627 0.024371 0.027415
0 0.810738 0.422808 0.029348 0.028290
0 0.828690 0.447636 0.028245 0.030632
0 0.148571 0.581017 0.059748 0.061042
0 0.282779 0.448491 0.045802 0.030559
0 0.344530 0.431042 0.039955 0.024973
0 0.410730 0.417684 0.051603 0.028864
0 0.840886 0.416049 0.028670 0.026966
0 0.823121 0.473266 0.038921 0.031991
0 0.846687 0.498792 0.040792 0.034173
0 0.868444 0.454207 0.027843 0.030713
0 0.785328 0.506394 0.048213 0.035210
0 0.492423 0.416625 0.043849 0.021061
0 0.563338 0.410198 0.041729 0.026283
0 0.897530 0.484059 0.034795 0.034215
0 0.637906 0.411233 0.039224 0.020438
0 0.670296 0.526501 0.063729 0.033521
0 0.151757 0.463185 0.050612 0.038007
0 0.043991 0.478268 0.055553 0.035938
0 0.230349 0.467853 0.044361 0.046710
0 0.767744 0.549169 0.061635 0.039992
0 0.960977 0.501787 0.056480 0.036951
0 0.487205 0.630295 0.078562 0.055939
0 0.240202 0.429010 0.048761 0.026491
