0 0.430803 0.421342 0.026810 0.029947
0 0.286712 0.374882 0.110754 0.044187
0 0.399923 0.402047 0.037957 0.029475
0 0.370602 0.483017 0.060060 0.030449
0 0.383689 0.502786 0.053275 0.038059
0 0.310731 0.536156 0.072664 0.042997
0 0.672162 0.420656 0.044886 0.026888
0 0.411271 0.482556 0.034700 0.032362
0 0.359882 0.543524 0.059714 0.044792
0 0.297089 0.514017 0.052735 0.032987
0 0.127514 0.430475 0.046031 0.027908
0 0.459561 0.476984 0.041109 0.034445
0 0.414591 0.513618 0.046947 0.036688
0 0.215475 0.572946 0.080654 0.050569
0 0.292591 0.577010 0.068080 0.048609
0 0.186186 0.417668 0.046601 0.028133
0 0.211492 0.539597 0.074556 0.042733
0 0.237170 0.408408 0.043905 0.025507
0 0.030276 0.436597 0.054017 0.035472
0 0.620956 0.429293 0.037192 0.031004
0 0.517148 0.484620 0.043635 0.040302
0 0.424542 0.539812 0.057192 0.044541
0 0.088136 0.585840 0.035670 0.047264
0 0.089117 0.776119 0.098377 0.084015
