0 0.807129 0.453982 0.021942 0.034031
0 0.833212 0.446621 0.029295 0.027382
0 0.748454 0.503578 0.057788 0.038579
0 0.661975 0.522413 0.073183 0.039540
0 0.452871 0.543498 0.073179 0.048614
0 0.511100 0.522632 0.067762 0.038243
0 0.785704 0.418481 0.039031 0.022023
0 0.821225 0.405135 0.040632 0.020310
0 0.368343 0.425908 0.046080 0.036947
0 0.866064 0.406932 0.037489 0.018914
0 0.311248 0.432280 0.046007 0.031778
0 0.281360 0.566866 0.079715 0.044077
0 0.857669 0.418916 0.037018 0.024757
0 0.920459 0.413620 0.039841 0.029454
0 0.554959 0.408563 0.046410 0.026258
0 0.121759 0.531089 0.068703 0.036761
0 0.148424 0.577603 0.065566 0.038261
0 0.071468 0.558152 0.072467 0.037511
0 0.499161 0.580502 0.042295 0.038901
0 0.054995 0.590411 0.035236 0.042781
0 0.511714 0.404289 0.045547 0.028909
0 0.702040 0.416788 0.044237 0.030197
0 0.271521 0.453338 0.047715 0.040495
0 0.653010 0.410391 0.044059 0.023382
0 0.441868 0.414295 0.045038 0.027766
