0 0.791472 0.437538 0.028320 0.025400
0 0.833464 0.434305 0.030785 0.027122
0 0.863517 0.449061 0.023097 0.030964
0 0.855682 0.429730 0.027394 0.024722
0 0.201548 0.610760 0.061235 0.063876
0 0.667818 0.510261 0.064095 0.038069
0 0.464480 0.565175 0.076693 0.050149
0 0.202286 0.551822 0.035464 0.042540
0 0.842917 0.472268 0.037142 0.028974
0 0.264883 0.460457 0.043772 0.033361
0 0.883209 0.468074 0.025724 0.031875
0 0.792561 0.475714 0.039838 0.030356
0 0.315707 0.437889 0.042690 0.025539
0 0.823497 0.487358 0.041399 0.028290
0 0.897676 0.558975 0.030047 0.038427
0 0.375982 0.422166 0.042382 0.023145
0 0.481762 0.411752 0.048578 0.025132
0 0.412596 0.408239 0.042996 0.019881
0 0.545395 0.409318 0.044241 0.023451
0 0.605833 0.408683 0.042377 0.024695
0 0.560338 0.397657 0.039236 0.017198
0 0.498929 0.398191 0.036053 0.021403
0 0.790262 0.501426 0.049675 0.032393
0 0.910350 0.500897 0.050027 0.033587
0 0.675606 0.410982 0.041854 0.019068
0 0.736261 0.413122 0.042639 0.019068
0 0.270711 0.433042 0.046805 0.024026
0 0.738529 0.539198 0.064879 0.037865
0 0.837259 0.515906 0.058299 0.034304
0 0.900352 0.539559 0.065988 0.035017
0 0.043800 0.478625 0.065532 0.039812
0 0.773776 0.414892 0.035031 0.018443
0 0.077045 0.602516 0.042986 0.048942
0 0.838283 0.412360 0.045227 0.027195
0 0.216942 0.465266 0.038691 0.031930
0 0.689058 0.570510 0.063302 0.045761
0 0.739810 0.510405 0.054107 0.038479
0 0.183979 0.495906 0.040703 0.043537
0 0.212891 0.435586 0.049834 0.028190
0 0.114233 0.620575 0.052559 0.066662
