0 0.797838 0.441231 0.027556 0.025400
0 0.837360 0.444911 0.030785 0.027122
0 0.865219 0.452060 0.027161 0.033982
0 0.857388 0.432130 0.027394 0.024722
0 0.293191 0.450261 0.033221 0.027885
0 0.320077 0.498840 0.049471 0.048883
0 0.250550 0.477640 0.027925 0.035507
0 0.395895 0.421740 0.037018 0.024757
0 0.472855 0.414371 0.043300 0.027500
0 0.262991 0.503378 0.041662 0.045060
0 0.803534 0.465398 0.029475 0.030056
0 0.546982 0.410833 0.037277 0.025778
0 0.165024 0.506961 0.041082 0.042255
0 0.950791 0.518651 0.054433 0.036777
0 0.808500 0.489222 0.056548 0.031380
0 0.864458 0.527183 0.057331 0.036555
0 0.828464 0.508630 0.060401 0.033015
0 0.454031 0.396375 0.039528 0.019619
0 0.363494 0.404310 0.034421 0.021386
0 0.627199 0.411132 0.040957 0.021360
0 0.778645 0.539842 0.066399 0.046364
0 0.664722 0.530990 0.076044 0.041412
0 0.529761 0.395653 0.036996 0.019881
0 0.589345 0.566857 0.080054 0.045913
0 0.486375 0.549688 0.072279 0.038891
0 0.458662 0.522782 0.064245 0.036191
0 0.707142 0.413565 0.046743 0.024757
0 0.351835 0.419427 0.043152 0.025883
0 0.458475 0.574661 0.082466 0.043138
0 0.284282 0.431226 0.040957 0.023444
0 0.586919 0.401752 0.039868 0.020839
0 0.778806 0.409942 0.045532 0.027352
0 0.844258 0.413480 0.039432 0.024226
0 0.321165 0.570214 0.074809 0.049003
0 0.320347 0.532802 0.071556 0.039669
0 0.158625 0.587022 0.067762 0.041262
0 0.154850 0.550415 0.071526 0.042763
0 0.084665 0.541856 0.066677 0.036299
0 0.078014 0.584330 0.035778 0.043429
0 0.247330 0.427105 0.039868 0.025007
0 0.640855 0.625587 0.031622 0.043753
0 0.430952 0.412174 0.045929 0.026633
0 0.053577 0.481776 0.056306 0.038989
0 0.208450 0.504239 0.045128 0.048684
0 0.200126 0.475599 0.047626 0.035123
