0 0.410433 0.389676 0.020613 0.027462
0 0.428584 0.436320 0.031175 0.033062
0 0.297133 0.374984 0.110754 0.044187
0 0.425051 0.412491 0.031143 0.026432
0 0.359546 0.486512 0.060060 0.030449
0 0.367675 0.507040 0.061667 0.038059
0 0.297468 0.542119 0.072664 0.049504
0 0.477570 0.376521 0.033381 0.031036
0 0.639744 0.435905 0.045074 0.027489
0 0.467975 0.401544 0.026830 0.030800
0 0.420294 0.467642 0.034700 0.032362
0 0.358531 0.543672 0.059773 0.045538
0 0.267837 0.520763 0.052735 0.032987
0 0.127514 0.430475 0.046031 0.027908
0 0.459561 0.476984 0.041109 0.034445
0 0.414591 0.513618 0.046947 0.036688
0 0.201145 0.578783 0.081678 0.051982
0 0.280545 0.584350 0.072642 0.051740
0 0.186186 0.417668 0.046601 0.028133
0 0.186444 0.550833 0.074556 0.043113
0 0.237170 0.408408 0.043905 0.025507
0 0.033741 0.435341 0.054062 0.034867
0 0.563354 0.462703 0.041529 0.031908
0 0.430445 0.540262 0.054309 0.041754
0 0.172897 0.714753 0.091085 0.077993
