0 0.785394 0.434914 0.030156 0.025400
0 0.829640 0.427776 0.028845 0.019359
0 0.857558 0.437288 0.023097 0.030964
0 0.849486 0.422156 0.027394 0.024722
0 0.688482 0.507124 0.064095 0.038069
0 0.949589 0.510995 0.057779 0.038720
0 0.832437 0.478613 0.037142 0.028974
0 0.119754 0.632772 0.068238 0.065175
0 0.882705 0.464352 0.025724 0.031875
0 0.798602 0.469269 0.039838 0.030356
0 0.219037 0.581147 0.053565 0.062465
0 0.835286 0.447745 0.033621 0.028290
0 0.235834 0.453930 0.050707 0.030191
0 0.225186 0.513294 0.033827 0.047998
0 0.256867 0.435886 0.046388 0.019566
0 0.327200 0.427067 0.042377 0.025301
0 0.804869 0.494834 0.049675 0.032393
0 0.418880 0.417818 0.042007 0.023502
0 0.501316 0.412206 0.042639 0.023721
0 0.563220 0.412676 0.037976 0.020574
0 0.630017 0.408289 0.045227 0.027195
0 0.155535 0.555691 0.045815 0.052081
0 0.865110 0.490808 0.038481 0.031629
0 0.748252 0.509174 0.054107 0.038479
0 0.775569 0.528384 0.055719 0.034173
0 0.823170 0.516775 0.053327 0.037079
0 0.085559 0.596002 0.052491 0.062656
0 0.659768 0.532142 0.059734 0.036906
0 0.689825 0.412297 0.043849 0.018620
0 0.744184 0.410396 0.041729 0.026283
0 0.568385 0.550342 0.077093 0.038057
0 0.746028 0.560001 0.067255 0.042124
0 0.159730 0.506587 0.038422 0.040367
0 0.143294 0.460317 0.053521 0.034099
0 0.809883 0.412144 0.039224 0.020438
