0 0.425112 0.385293 0.021919 0.026966
0 0.414356 0.422839 0.021655 0.031495
0 0.412445 0.466509 0.050093 0.037086
0 0.287326 0.393018 0.042997 0.026770
0 0.425856 0.405373 0.021515 0.022092
0 0.338813 0.368302 0.110036 0.043561
0 0.439972 0.440415 0.030433 0.032313
0 0.335749 0.499776 0.060060 0.034570
0 0.467796 0.374729 0.020966 0.021503
0 0.434830 0.372067 0.020887 0.021391
0 0.313205 0.526401 0.065263 0.038059
0 0.262226 0.564849 0.072664 0.049504
0 0.498805 0.404842 0.029665 0.045335
0 0.450309 0.525474 0.066944 0.045013
0 0.480271 0.438631 0.028304 0.034084
0 0.392436 0.498155 0.046720 0.032362
0 0.227711 0.611288 0.085518 0.051307
0 0.248299 0.527397 0.052735 0.032987
0 0.127514 0.430475 0.046031 0.027908
0 0.458215 0.476984 0.043801 0.034445
0 0.411214 0.514920 0.046947 0.036688
0 0.169196 0.595034 0.084451 0.056490
0 0.116043 0.682693 0.092377 0.070541
0 0.186186 0.417668 0.046601 0.028133
0 0.157448 0.561988 0.074556 0.043706
0 0.237170 0.408408 0.043905 0.025507
0 0.672886 0.406047 0.052566 0.043339
0 0.043021 0.431975 0.054181 0.033248
0 0.572640 0.460136 0.046512 0.028436
0 0.330386 0.600901 0.070924 0.061578
0 0.175538 0.685853 0.067843 0.051834
