0 0.425975 0.407370 0.026262 0.019370
0 0.384928 0.402332 0.035685 0.021811
0 0.430959 0.394629 0.029831 0.020859
0 0.473259 0.400672 0.025061 0.024105
0 0.426581 0.428628 0.027638 0.025587
0 0.456654 0.425026 0.026244 0.025117
0 0.447980 0.449954 0.033511 0.027831
0 0.417257 0.468682 0.052780 0.033776
0 0.510531 0.417983 0.027912 0.031314
0 0.482324 0.428759 0.024121 0.023617
0 0.029076 0.458923 0.045487 0.027378
0 0.359786 0.487998 0.059961 0.032693
0 0.102116 0.441196 0.040433 0.026615
0 0.481482 0.454883 0.037244 0.029012
0 0.163337 0.424331 0.039451 0.025630
0 0.789257 0.360381 0.027937 0.018279
0 0.288288 0.512962 0.060461 0.035873
0 0.308143 0.400186 0.044283 0.030657
0 0.706099 0.390306 0.033331 0.023743
0 0.833088 0.352686 0.022466 0.018849
0 0.025428 0.445511 0.050855 0.021206
0 0.625624 0.422641 0.044750 0.023779
0 0.795131 0.373806 0.024672 0.020773
0 0.679608 0.414885 0.040119 0.022226
0 0.746750 0.391400 0.027434 0.022581
0 0.629652 0.441387 0.038788 0.031315
0 0.535980 0.455884 0.049241 0.031231
0 0.034088 0.419315 0.060846 0.042234
0 0.092186 0.431861 0.040969 0.021624
0 0.384850 0.389807 0.045089 0.021078
0 0.462428 0.492662 0.048650 0.037391
0 0.457761 0.377572 0.036103 0.023757
0 0.331281 0.548364 0.200054 0.115630
0 0.200610 0.401735 0.041305 0.021881
0 0.138761 0.555154 0.067133 0.047318
0 0.135264 0.419129 0.039998 0.024382
0 0.139145 0.621465 0.088653 0.056265
0 0.042352 0.596427 0.065254 0.045638
0 0.093202 0.738977 0.059393 0.055226
