0 0.371096 0.391904 0.039116 0.027073
0 0.424698 0.407444 0.024057 0.031306
0 0.410805 0.449469 0.039048 0.031495
0 0.387341 0.377034 0.037615 0.022131
0 0.359867 0.490735 0.066639 0.039034
0 0.413801 0.390320 0.038660 0.026770
0 0.428056 0.430759 0.025529 0.033633
0 0.438519 0.369012 0.082863 0.037926
0 0.418486 0.475384 0.046407 0.036602
0 0.287059 0.506739 0.068603 0.034570
0 0.498533 0.415958 0.027835 0.035217
0 0.490377 0.390545 0.023960 0.026368
0 0.730487 0.393801 0.034753 0.023110
0 0.466322 0.428622 0.029439 0.030025
0 0.066452 0.448475 0.043563 0.034485
0 0.453299 0.406278 0.029597 0.030479
0 0.279305 0.539012 0.065263 0.038059
0 0.636268 0.432533 0.044113 0.028001
0 0.152796 0.430181 0.042969 0.028980
0 0.241975 0.577080 0.072664 0.049504
0 0.455840 0.480461 0.046675 0.036713
0 0.529834 0.417873 0.031984 0.032504
0 0.219971 0.416599 0.040705 0.025790
0 0.400124 0.517004 0.067148 0.056139
0 0.098886 0.610083 0.093220 0.053476
0 0.411335 0.552912 0.058948 0.043436
0 0.297941 0.576644 0.069539 0.052828
0 0.344314 0.526415 0.043083 0.040637
0 0.145658 0.666101 0.092558 0.075141
0 0.084900 0.752838 0.095931 0.082042
