0 0.792604 0.438195 0.028184 0.025400
0 0.834515 0.436385 0.030785 0.027122
0 0.863574 0.449173 0.023097 0.030964
0 0.855985 0.430157 0.027394 0.024722
0 0.275225 0.485652 0.030304 0.044450
0 0.648502 0.512641 0.064095 0.038069
0 0.291732 0.505784 0.050443 0.040590
0 0.256124 0.460429 0.028724 0.031547
0 0.162156 0.612608 0.072657 0.069985
0 0.074509 0.614204 0.058311 0.059496
0 0.842917 0.472268 0.037142 0.028974
0 0.304311 0.442182 0.043774 0.031596
0 0.882899 0.468849 0.025724 0.031875
0 0.792152 0.476839 0.039838 0.030356
0 0.108985 0.548300 0.041579 0.051401
0 0.370346 0.424265 0.042690 0.025539
0 0.821422 0.487561 0.041399 0.028290
0 0.896499 0.559444 0.030047 0.038427
0 0.091388 0.467924 0.055346 0.039381
0 0.439207 0.414853 0.042382 0.022507
0 0.519075 0.411469 0.048578 0.025132
0 0.484547 0.403828 0.042996 0.019881
0 0.577333 0.409991 0.044241 0.023451
0 0.967368 0.495248 0.049865 0.036476
0 0.636624 0.408079 0.042377 0.024695
0 0.604964 0.399158 0.039236 0.017198
0 0.556660 0.398273 0.036053 0.021403
0 0.875721 0.519636 0.064779 0.035771
0 0.771659 0.525416 0.059001 0.034554
0 0.780117 0.548152 0.059502 0.031822
0 0.785237 0.503051 0.049675 0.032393
0 0.654333 0.563191 0.070523 0.041592
0 0.900118 0.539936 0.060521 0.043310
0 0.697587 0.409130 0.041854 0.019068
0 0.752481 0.414038 0.042639 0.019068
0 0.380245 0.407065 0.046805 0.019364
0 0.513369 0.560658 0.074903 0.041394
0 0.560243 0.530414 0.070773 0.041840
0 0.772687 0.575562 0.072000 0.044313
0 0.186652 0.445497 0.049949 0.027901
0 0.276613 0.417100 0.045878 0.027821
0 0.808353 0.414340 0.035031 0.018443
0 0.746167 0.399708 0.044704 0.023132
0 0.142985 0.498045 0.044380 0.040571
0 0.873100 0.412001 0.045227 0.027195
0 0.809668 0.398265 0.045488 0.017193
0 0.330113 0.421396 0.038691 0.022316
0 0.169836 0.551882 0.050405 0.061670
0 0.173048 0.505106 0.042739 0.045492
