0 0.427067 0.408638 0.026262 0.019370
0 0.388712 0.403198 0.035255 0.021811
0 0.431932 0.394338 0.029831 0.020859
0 0.474241 0.401517 0.025061 0.024105
0 0.426821 0.429609 0.027638 0.025587
0 0.456522 0.426104 0.027487 0.025021
0 0.447261 0.450657 0.033511 0.027831
0 0.415024 0.469772 0.052780 0.033776
0 0.510848 0.418465 0.027912 0.031314
0 0.482116 0.435564 0.024606 0.024099
0 0.028702 0.455953 0.052940 0.028507
0 0.101826 0.441002 0.045052 0.027378
0 0.359191 0.492087 0.059961 0.032693
0 0.166484 0.426950 0.035185 0.021010
0 0.480325 0.456923 0.040092 0.028320
0 0.246690 0.412521 0.038985 0.025630
0 0.670330 0.402180 0.038285 0.022974
0 0.289747 0.519692 0.060461 0.035873
0 0.385933 0.386560 0.039559 0.024735
0 0.573329 0.436817 0.042879 0.030564
0 0.784836 0.364792 0.027233 0.019004
0 0.729298 0.394444 0.033447 0.024365
0 0.099012 0.424013 0.047402 0.020592
0 0.464054 0.482118 0.052019 0.032238
0 0.675309 0.423952 0.035240 0.023076
0 0.239581 0.546775 0.068467 0.041653
0 0.543995 0.475039 0.050832 0.033359
0 0.635377 0.439833 0.036062 0.026664
0 0.477169 0.506601 0.059188 0.041814
0 0.390442 0.507752 0.063606 0.038638
0 0.123042 0.402724 0.060443 0.037250
0 0.172586 0.412646 0.040969 0.021624
0 0.446285 0.377951 0.041211 0.020839
0 0.239116 0.402036 0.035134 0.021144
0 0.042091 0.426319 0.047098 0.022793
0 0.279854 0.558723 0.065234 0.041817
0 0.503165 0.371117 0.036103 0.023757
0 0.065369 0.603860 0.051794 0.041262
0 0.130712 0.566194 0.070913 0.043921
