0 0.801802 0.445828 0.027975 0.034031
0 0.828281 0.459719 0.031658 0.027459
0 0.804073 0.500454 0.053813 0.037953
0 0.869015 0.459301 0.032724 0.025351
0 0.680947 0.415093 0.040896 0.026064
0 0.688212 0.400498 0.040331 0.017410
0 0.297326 0.484335 0.038024 0.046275
0 0.785882 0.410418 0.037741 0.026295
0 0.247119 0.471051 0.033810 0.031488
0 0.903591 0.519646 0.065202 0.039123
0 0.755271 0.416850 0.037018 0.024757
0 0.823871 0.415464 0.043300 0.027500
0 0.393069 0.422308 0.049862 0.026258
0 0.640679 0.513312 0.064115 0.034254
0 0.740580 0.547034 0.058596 0.038261
0 0.627343 0.538835 0.066806 0.034499
0 0.462275 0.552070 0.071903 0.043811
0 0.747314 0.397816 0.036577 0.019797
0 0.270505 0.550523 0.074141 0.039387
0 0.872562 0.415186 0.042585 0.025778
0 0.201809 0.471223 0.043710 0.035006
0 0.383923 0.531702 0.073183 0.039972
0 0.212968 0.576162 0.070994 0.046551
0 0.133776 0.537895 0.070271 0.038261
0 0.047409 0.584768 0.076232 0.044638
0 0.051487 0.551195 0.068075 0.031509
0 0.844119 0.394399 0.039528 0.017255
0 0.777767 0.391419 0.034421 0.018755
0 0.635716 0.572103 0.031667 0.035650
0 0.338300 0.746967 0.103826 0.088726
0 0.441123 0.405397 0.031597 0.023258
0 0.322103 0.426132 0.031071 0.026535
0 0.611743 0.409263 0.042024 0.030197
0 0.217770 0.495195 0.044438 0.046138
0 0.513105 0.404591 0.042940 0.024475
0 0.291672 0.439792 0.047111 0.033031
