0 0.416120 0.407824 0.021655 0.031495
0 0.424450 0.451497 0.039420 0.035139
0 0.418257 0.386331 0.021515 0.022092
0 0.309723 0.374941 0.110754 0.044187
0 0.440068 0.424101 0.025624 0.029702
0 0.348659 0.492650 0.060060 0.032373
0 0.346044 0.518118 0.065263 0.038059
0 0.283988 0.551143 0.072664 0.049504
0 0.485350 0.387587 0.033290 0.040272
0 0.581116 0.461760 0.049918 0.034340
0 0.477133 0.411629 0.024114 0.030800
0 0.411529 0.479804 0.044869 0.032362
0 0.328496 0.560559 0.060938 0.048523
0 0.254465 0.525175 0.052735 0.032987
0 0.127514 0.430475 0.046031 0.027908
0 0.459112 0.476984 0.042006 0.034445
0 0.414591 0.513618 0.046947 0.036688
0 0.186667 0.586039 0.084451 0.056490
0 0.221869 0.618361 0.073249 0.052390
0 0.186186 0.417668 0.046601 0.028133
0 0.166115 0.559186 0.074556 0.043113
0 0.237170 0.408408 0.043905 0.025507
0 0.783438 0.370742 0.038597 0.028374
0 0.037824 0.433860 0.054114 0.034155
0 0.710392 0.399382 0.034107 0.025442
0 0.478279 0.517638 0.058271 0.042937
0 0.177385 0.698444 0.091395 0.076634
