0 0.430993 0.412146 0.025969 0.021978
0 0.391944 0.404072 0.034810 0.021811
0 0.432199 0.395370 0.029831 0.021578
0 0.477816 0.405260 0.025061 0.025089
0 0.417268 0.451595 0.032585 0.028721
0 0.402275 0.476101 0.050755 0.033311
0 0.347307 0.493270 0.053793 0.029836
0 0.273934 0.518449 0.069448 0.034984
0 0.129311 0.435461 0.055423 0.027561
0 0.738532 0.378908 0.028884 0.022702
0 0.210597 0.413691 0.046882 0.028245
0 0.721631 0.401571 0.036357 0.026314
0 0.511492 0.427016 0.027912 0.034604
0 0.585612 0.442068 0.043838 0.028008
0 0.669607 0.408591 0.035324 0.025523
0 0.452091 0.477690 0.045753 0.028710
0 0.278888 0.405426 0.040668 0.021753
0 0.334716 0.395914 0.038900 0.021143
0 0.558751 0.468892 0.045991 0.034894
0 0.416467 0.504886 0.059373 0.039408
0 0.166312 0.542025 0.075776 0.039983
0 0.393726 0.388655 0.030802 0.019874
0 0.040608 0.446741 0.049008 0.028659
0 0.358174 0.543308 0.070723 0.046753
0 0.265084 0.543562 0.070023 0.030473
0 0.447852 0.378763 0.034508 0.018018
0 0.492496 0.369776 0.036108 0.026633
0 0.264088 0.570675 0.078186 0.047636
0 0.163400 0.628927 0.086405 0.059886
0 0.076380 0.601950 0.084954 0.052071
0 0.054671 0.575932 0.079087 0.035413
0 0.092286 0.424896 0.047716 0.022507
