0 0.316792 0.394977 0.042429 0.021811
0 0.450349 0.382827 0.021259 0.022247
0 0.422550 0.392958 0.024410 0.027805
0 0.420399 0.424334 0.027659 0.032688
0 0.455978 0.407107 0.031165 0.026112
0 0.031148 0.460780 0.062296 0.028715
0 0.120690 0.434593 0.047725 0.027997
0 0.358542 0.493153 0.063525 0.039580
0 0.213232 0.419531 0.049507 0.024876
0 0.265650 0.512104 0.071583 0.041467
0 0.480386 0.396625 0.033875 0.028893
0 0.267469 0.409296 0.040134 0.022893
0 0.167843 0.539591 0.081478 0.052358
0 0.421774 0.456866 0.036899 0.031196
0 0.728647 0.397018 0.031638 0.021500
0 0.494573 0.432490 0.034237 0.029244
0 0.553314 0.444737 0.042233 0.030697
0 0.443582 0.474637 0.046690 0.036908
0 0.393900 0.515317 0.057901 0.039007
0 0.301017 0.543983 0.071060 0.042225
0 0.308600 0.593718 0.184257 0.147605
0 0.140645 0.652730 0.093989 0.073353
0 0.053758 0.567421 0.073183 0.049262
0 0.078647 0.729391 0.090930 0.076073
0 0.176222 0.419930 0.047384 0.021491
