0 0.807368 0.463231 0.024521 0.030135
0 0.840334 0.454405 0.027484 0.027382
0 0.716773 0.510504 0.059826 0.039943
0 0.542405 0.524384 0.073183 0.039540
0 0.345463 0.547164 0.073179 0.048614
0 0.372891 0.523272 0.067762 0.038243
0 0.807979 0.417265 0.039031 0.022023
0 0.829389 0.404378 0.040107 0.019871
0 0.397556 0.419778 0.046080 0.036947
0 0.875217 0.407279 0.041741 0.020143
0 0.340985 0.425325 0.044785 0.031778
0 0.177264 0.566193 0.079715 0.044077
0 0.883626 0.419578 0.037018 0.024757
0 0.944028 0.412639 0.039841 0.030384
0 0.582724 0.406170 0.046410 0.026258
0 0.058483 0.582329 0.065566 0.038261
0 0.403666 0.581610 0.039031 0.035650
0 0.543736 0.402417 0.048417 0.023472
0 0.703091 0.417035 0.044237 0.030197
0 0.294766 0.441114 0.050912 0.037540
0 0.653516 0.410473 0.044059 0.023382
0 0.474575 0.411762 0.042128 0.027766
