0 0.781496 0.433764 0.031985 0.025400
0 0.826358 0.425343 0.029862 0.020908
0 0.857106 0.436396 0.023097 0.030964
0 0.842819 0.414185 0.027394 0.024722
0 0.690049 0.506886 0.064095 0.038069
0 0.972300 0.505551 0.055399 0.038720
0 0.833469 0.478965 0.037142 0.028974
0 0.046315 0.693063 0.092630 0.078823
0 0.881103 0.462225 0.025724 0.031875
0 0.799095 0.468756 0.039838 0.030356
0 0.184268 0.621746 0.065504 0.068614
0 0.836021 0.448415 0.027463 0.028290
0 0.204929 0.461489 0.050707 0.030191
0 0.215939 0.532754 0.035467 0.052752
0 0.234390 0.443445 0.046388 0.019566
0 0.291612 0.430706 0.042377 0.025301
0 0.805976 0.494334 0.049675 0.032393
0 0.389913 0.421216 0.042195 0.025911
0 0.478510 0.414622 0.042639 0.023721
0 0.543878 0.412561 0.037976 0.020574
0 0.622415 0.409324 0.045227 0.027195
0 0.134463 0.584812 0.051433 0.053752
0 0.866996 0.486157 0.038481 0.031629
0 0.748892 0.509080 0.054107 0.038479
0 0.780520 0.525988 0.055719 0.034173
0 0.824772 0.516211 0.051817 0.037079
0 0.054930 0.635116 0.070108 0.066629
0 0.692843 0.531611 0.056648 0.035491
0 0.680876 0.413793 0.043849 0.018620
0 0.736485 0.410971 0.041729 0.026283
0 0.624672 0.549108 0.077093 0.038057
0 0.834803 0.547048 0.060925 0.040885
0 0.147325 0.528989 0.040773 0.047073
0 0.102321 0.470955 0.053521 0.034099
0 0.792562 0.412029 0.039224 0.020438
0 0.162182 0.450374 0.044134 0.032475
