0 0.796662 0.440549 0.027697 0.025400
0 0.837760 0.443557 0.030785 0.027122
0 0.864642 0.451047 0.025735 0.032923
0 0.857072 0.431686 0.027394 0.024722
0 0.283087 0.463215 0.032059 0.033999
0 0.334953 0.504555 0.056543 0.048883
0 0.252295 0.479657 0.031925 0.036550
0 0.273882 0.447977 0.037018 0.024757
0 0.313216 0.433211 0.044259 0.031253
0 0.257324 0.510575 0.042713 0.046312
0 0.803534 0.465398 0.029475 0.030056
0 0.401204 0.416388 0.047978 0.025778
0 0.163451 0.508371 0.041082 0.042255
0 0.842917 0.472268 0.037142 0.028974
0 0.186693 0.442122 0.045634 0.025073
0 0.463280 0.415971 0.040957 0.021360
0 0.895999 0.523028 0.059572 0.036215
0 0.806853 0.509350 0.055185 0.032408
0 0.755692 0.490742 0.048459 0.032969
0 0.538170 0.412331 0.046743 0.024757
0 0.100854 0.474330 0.051956 0.036683
0 0.818404 0.538230 0.064253 0.040976
0 0.144906 0.489706 0.045364 0.037612
0 0.611742 0.406124 0.041155 0.026241
0 0.665029 0.411915 0.039432 0.024226
0 0.725783 0.544693 0.079709 0.049003
0 0.673680 0.513150 0.071556 0.039669
0 0.677557 0.571894 0.067320 0.040869
0 0.609053 0.541066 0.071526 0.042763
0 0.500271 0.533509 0.066677 0.036299
0 0.603872 0.566557 0.035778 0.038030
0 0.721147 0.585347 0.031622 0.043753
0 0.731259 0.410930 0.040780 0.022953
0 0.700907 0.395514 0.049235 0.020579
0 0.496259 0.400545 0.041392 0.025360
0 0.353990 0.581516 0.076345 0.041052
0 0.369245 0.543490 0.066850 0.036719
0 0.219610 0.578370 0.075293 0.041052
0 0.812445 0.417292 0.042382 0.022507
0 0.903594 0.412279 0.040500 0.025132
0 0.779685 0.392556 0.047088 0.023632
0 0.224938 0.445708 0.056813 0.030584
0 0.574257 0.400813 0.047370 0.022507
0 0.279431 0.422795 0.044547 0.027008
0 0.061809 0.548644 0.113564 0.062268
0 0.237518 0.775306 0.125477 0.100800
0 0.286655 0.524784 0.072731 0.038351
0 0.205041 0.507913 0.045537 0.050193
0 0.197519 0.477330 0.047917 0.036282
