0 0.066781 0.678257 0.096994 0.096105
0 0.797826 0.420220 0.028967 0.022362
0 0.270041 0.460796 0.043262 0.033448
0 0.329293 0.434931 0.042802 0.026986
0 0.411415 0.412079 0.042752 0.020438
0 0.664787 0.413413 0.039800 0.025079
0 0.839149 0.411256 0.031551 0.026358
0 0.802180 0.445232 0.028265 0.028202
0 0.762177 0.485483 0.045230 0.038116
0 0.717893 0.517021 0.054027 0.044195
0 0.820958 0.482605 0.034669 0.037029
0 0.495868 0.411031 0.048656 0.026760
0 0.726547 0.401390 0.034215 0.017100
0 0.053789 0.492031 0.061125 0.030549
0 0.845191 0.510591 0.048137 0.039017
0 0.209712 0.449872 0.048802 0.028331
0 0.207850 0.435095 0.040315 0.022641
0 0.615733 0.577303 0.061942 0.042623
