0 0.792545 0.438161 0.028191 0.025400
0 0.834461 0.436277 0.030785 0.027122
0 0.863574 0.449173 0.023097 0.030964
0 0.855970 0.430135 0.027394 0.024722
0 0.275111 0.485977 0.030278 0.044601
0 0.649750 0.512492 0.064095 0.038069
0 0.297502 0.509529 0.052483 0.040859
0 0.254695 0.462064 0.029351 0.032255
0 0.145172 0.628376 0.077031 0.072626
0 0.063891 0.626245 0.061263 0.061811
0 0.842917 0.472268 0.037142 0.028974
0 0.302859 0.442473 0.043774 0.031761
0 0.882915 0.468809 0.025724 0.031875
0 0.792173 0.476780 0.039838 0.030356
0 0.107087 0.553651 0.041579 0.053389
0 0.368668 0.424337 0.042690 0.025539
0 0.821512 0.487583 0.041399 0.028290
0 0.896560 0.559419 0.030047 0.038427
0 0.077776 0.470888 0.056162 0.039381
0 0.438297 0.414889 0.042382 0.022507
0 0.517802 0.411512 0.048578 0.025132
0 0.481988 0.404143 0.042996 0.019881
0 0.575959 0.410063 0.044241 0.023451
0 0.977038 0.493508 0.045925 0.036476
0 0.635652 0.408079 0.042377 0.024695
0 0.602606 0.399034 0.039236 0.017198
0 0.554720 0.398204 0.036053 0.021403
0 0.889239 0.517201 0.064779 0.035771
0 0.783696 0.525195 0.059001 0.034554
0 0.793265 0.546602 0.059502 0.031822
0 0.785465 0.503051 0.049675 0.032393
0 0.666740 0.561198 0.070523 0.041592
0 0.909377 0.536836 0.060521 0.043310
0 0.696766 0.409281 0.041854 0.019068
0 0.749707 0.414204 0.042639 0.019068
0 0.378105 0.407378 0.046805 0.019364
0 0.528739 0.559773 0.074903 0.041394
0 0.580242 0.530414 0.070773 0.041840
0 0.780649 0.572905 0.072000 0.044313
0 0.173832 0.449155 0.049949 0.027901
0 0.265693 0.419739 0.046444 0.027821
0 0.806155 0.414416 0.035031 0.018443
0 0.741174 0.400205 0.044704 0.023132
0 0.139828 0.501402 0.042791 0.041174
0 0.869592 0.411898 0.045227 0.027195
0 0.799003 0.398063 0.045488 0.017193
0 0.326211 0.421715 0.038691 0.021106
0 0.166292 0.557881 0.051605 0.063938
0 0.170821 0.508973 0.041461 0.046649
