0 0.802846 0.445453 0.023375 0.034031
0 0.789982 0.486506 0.047675 0.030486
0 0.833885 0.510781 0.066585 0.038871
0 0.609680 0.534627 0.073179 0.048614
0 0.701814 0.511829 0.061344 0.038243
0 0.760310 0.418026 0.039031 0.023235
0 0.795175 0.406043 0.041943 0.021408
0 0.319965 0.437323 0.046080 0.036947
0 0.852032 0.409156 0.035162 0.025254
0 0.270441 0.447808 0.035473 0.030440
0 0.499029 0.558670 0.079715 0.044077
0 0.820224 0.416491 0.037018 0.024757
0 0.885200 0.415325 0.039841 0.027130
0 0.505526 0.411661 0.046410 0.026258
0 0.313720 0.524281 0.068703 0.036761
0 0.337781 0.576796 0.065566 0.038261
0 0.250020 0.554533 0.072467 0.037511
0 0.726061 0.557790 0.035943 0.035469
0 0.116087 0.572365 0.071903 0.041186
0 0.826994 0.399160 0.033789 0.019797
0 0.072033 0.538054 0.073183 0.039972
0 0.217561 0.595185 0.035236 0.039425
0 0.563013 0.401186 0.040695 0.026998
0 0.454218 0.409302 0.044027 0.026535
0 0.692395 0.415246 0.044237 0.030197
0 0.240569 0.473874 0.043997 0.044163
0 0.626558 0.407721 0.043723 0.023382
0 0.390654 0.420568 0.046578 0.030749
