0 0.429899 0.411357 0.026104 0.020784
0 0.390446 0.403828 0.034810 0.021811
0 0.431260 0.394490 0.029831 0.020950
0 0.477121 0.403991 0.025061 0.024105
0 0.419530 0.443102 0.031577 0.027967
0 0.443251 0.459610 0.038545 0.032829
0 0.387201 0.484499 0.050337 0.030526
0 0.317007 0.502076 0.063808 0.029638
0 0.067053 0.442183 0.058621 0.027561
0 0.145307 0.428534 0.050964 0.028245
0 0.511492 0.422556 0.027912 0.032665
0 0.766613 0.380218 0.029803 0.022216
0 0.483347 0.451261 0.030546 0.026724
0 0.217325 0.417433 0.042863 0.024774
0 0.270857 0.407973 0.038900 0.021143
0 0.733094 0.401162 0.033839 0.022917
0 0.657187 0.411776 0.037420 0.028338
0 0.226301 0.532198 0.073250 0.039976
0 0.317517 0.402463 0.035185 0.021010
0 0.601311 0.437697 0.043152 0.026177
0 0.442500 0.483704 0.051812 0.034978
0 0.370111 0.392275 0.037329 0.022895
0 0.397935 0.383030 0.024815 0.023638
0 0.519877 0.473086 0.047468 0.036276
0 0.551341 0.488531 0.056898 0.037529
0 0.361617 0.516348 0.067908 0.036797
0 0.113468 0.566694 0.070934 0.040530
0 0.407772 0.530729 0.061357 0.041088
0 0.017562 0.436117 0.035125 0.025496
0 0.478715 0.373197 0.039559 0.024735
0 0.293290 0.542574 0.071722 0.051511
0 0.116460 0.413042 0.046780 0.021381
0 0.273146 0.579787 0.079112 0.045032
0 0.087596 0.627884 0.093517 0.057772
0 0.301510 0.385890 0.039956 0.020918
0 0.190179 0.411167 0.047402 0.025883
0 0.052161 0.609675 0.079339 0.046439
