0 0.432159 0.412988 0.025826 0.023251
0 0.393542 0.404332 0.034810 0.021811
0 0.433201 0.396307 0.029831 0.022248
0 0.477916 0.406816 0.025061 0.027244
0 0.415257 0.455168 0.033623 0.030373
0 0.394126 0.478421 0.050755 0.033311
0 0.335690 0.496340 0.054405 0.032421
0 0.263376 0.516098 0.069448 0.033693
0 0.778621 0.379322 0.030649 0.020881
0 0.736354 0.377636 0.024012 0.026255
0 0.702183 0.401509 0.032349 0.026087
0 0.046944 0.453550 0.055812 0.032205
0 0.649763 0.428147 0.041311 0.034170
0 0.638676 0.413250 0.041519 0.025946
0 0.609378 0.445736 0.030640 0.034099
0 0.125231 0.435227 0.041317 0.027878
0 0.253124 0.409451 0.053956 0.027046
0 0.553011 0.449925 0.046825 0.030058
0 0.331955 0.393921 0.046293 0.027730
0 0.518014 0.484566 0.054555 0.039399
0 0.421974 0.490938 0.061879 0.043000
0 0.304162 0.542605 0.072174 0.043311
0 0.376998 0.542456 0.066169 0.040746
0 0.199239 0.556376 0.071087 0.042285
0 0.406320 0.384252 0.040668 0.019874
0 0.460762 0.376711 0.038900 0.021143
0 0.205718 0.602252 0.085513 0.049661
0 0.136151 0.591272 0.088852 0.046514
0 0.194218 0.412935 0.044947 0.027908
0 0.130355 0.412066 0.039214 0.028660
