0 0.306030 0.394977 0.042429 0.021811
0 0.408380 0.373659 0.022370 0.025152
0 0.405555 0.408588 0.030394 0.028425
0 0.435949 0.395941 0.031165 0.026112
0 0.081258 0.445618 0.048272 0.028169
0 0.396870 0.474384 0.048178 0.036019
0 0.198233 0.422467 0.049507 0.024876
0 0.296498 0.504545 0.070035 0.038429
0 0.470859 0.394057 0.033875 0.028893
0 0.256689 0.411999 0.040134 0.022893
0 0.217201 0.527991 0.081478 0.051018
0 0.432637 0.436941 0.026111 0.029408
0 0.768390 0.381428 0.028148 0.019423
0 0.482583 0.419257 0.034237 0.029244
0 0.576135 0.435048 0.042233 0.030697
0 0.464234 0.447690 0.034981 0.036908
0 0.345182 0.514086 0.071163 0.027944
0 0.417136 0.529723 0.138224 0.121535
0 0.220593 0.595081 0.077989 0.049516
0 0.112210 0.555639 0.073183 0.049262
0 0.119017 0.746946 0.108487 0.089719
0 0.144042 0.428146 0.048763 0.025726
