0 0.409429 0.397806 0.032195 0.029947
0 0.274946 0.381376 0.110754 0.044187
0 0.347934 0.393825 0.043484 0.029475
0 0.367622 0.486486 0.060060 0.030449
0 0.392047 0.498630 0.050878 0.038059
0 0.330208 0.526848 0.072664 0.042997
0 0.432013 0.427539 0.028872 0.028695
0 0.359882 0.543524 0.059714 0.044792
0 0.305842 0.509965 0.052735 0.032987
0 0.127514 0.430475 0.046031 0.027908
0 0.459561 0.476984 0.041109 0.034445
0 0.414591 0.513618 0.046947 0.036688
0 0.240988 0.564675 0.075347 0.045989
0 0.292591 0.577010 0.068080 0.048609
0 0.186186 0.417668 0.046601 0.028133
0 0.236097 0.528542 0.074556 0.039311
0 0.237170 0.408408 0.043905 0.025507
0 0.023222 0.441999 0.046443 0.035472
0 0.723885 0.384505 0.030438 0.021643
0 0.631821 0.419377 0.031921 0.025976
0 0.565336 0.456655 0.046014 0.033233
0 0.221970 0.584578 0.035670 0.040482
0 0.419354 0.542810 0.056808 0.050100
0 0.090996 0.652287 0.045715 0.045013
