0 0.793633 0.438792 0.028060 0.025400
0 0.835471 0.438275 0.030785 0.027122
0 0.863574 0.449173 0.023097 0.030964
0 0.856261 0.430545 0.027394 0.024722
0 0.277219 0.479961 0.030749 0.041799
0 0.584871 0.510149 0.064095 0.039226
0 0.256791 0.484850 0.042225 0.039235
0 0.261834 0.455014 0.026842 0.029425
0 0.242732 0.529109 0.045422 0.049537
0 0.155167 0.517790 0.042421 0.043902
0 0.842917 0.472268 0.037142 0.028974
0 0.302625 0.439354 0.043777 0.028723
0 0.882617 0.469553 0.025724 0.031875
0 0.791780 0.477861 0.039838 0.030356
0 0.348753 0.430172 0.051713 0.024757
0 0.135385 0.501438 0.042002 0.038864
0 0.399554 0.422939 0.042690 0.025539
0 0.819847 0.487179 0.041399 0.028290
0 0.856055 0.561001 0.030047 0.038427
0 0.285506 0.418434 0.047454 0.028556
0 0.456041 0.414147 0.042382 0.022507
0 0.555440 0.409804 0.048578 0.025132
0 0.112749 0.469505 0.057984 0.033994
0 0.521685 0.401580 0.038025 0.019881
0 0.976602 0.489479 0.046795 0.032375
0 0.924846 0.512034 0.056402 0.039099
0 0.624550 0.410843 0.044241 0.023451
0 0.827090 0.523793 0.060002 0.037072
0 0.802790 0.553526 0.065331 0.050735
0 0.708929 0.535093 0.060635 0.036554
0 0.690908 0.408947 0.042377 0.024695
0 0.689457 0.396655 0.039236 0.017198
0 0.629563 0.396159 0.036053 0.021403
0 0.636406 0.564932 0.080289 0.041716
0 0.537470 0.543566 0.070265 0.041052
0 0.668552 0.514015 0.064599 0.041856
0 0.518713 0.575084 0.072154 0.039387
0 0.730725 0.507973 0.060533 0.035650
0 0.750553 0.495031 0.044271 0.036191
0 0.356850 0.581365 0.075386 0.041592
0 0.721717 0.582936 0.075441 0.054836
0 0.762461 0.411712 0.041854 0.019068
0 0.833295 0.413215 0.042639 0.019068
0 0.776064 0.392437 0.036364 0.019381
0 0.423926 0.405532 0.046805 0.019364
0 0.223906 0.442559 0.046643 0.031520
0 0.135895 0.568403 0.074903 0.041394
0 0.143870 0.537522 0.070773 0.033760
0 0.367284 0.401566 0.041828 0.020318
0 0.168626 0.808441 0.122313 0.093212
0 0.196262 0.517375 0.046590 0.054077
0 0.190804 0.481785 0.048665 0.039268
