0 0.426234 0.407671 0.026262 0.019370
0 0.385826 0.402537 0.035583 0.021811
0 0.431190 0.394560 0.029831 0.020859
0 0.473492 0.400873 0.025061 0.024105
0 0.426638 0.428861 0.027638 0.025587
0 0.456623 0.425282 0.026539 0.025094
0 0.447809 0.450120 0.033511 0.027831
0 0.416728 0.468941 0.052780 0.033776
0 0.510606 0.418097 0.027912 0.031314
0 0.482245 0.431004 0.024121 0.023617
0 0.049302 0.451767 0.045487 0.027378
0 0.359856 0.489325 0.059961 0.032693
0 0.117034 0.436781 0.036169 0.022061
0 0.481207 0.455367 0.037920 0.028848
0 0.181255 0.422584 0.038985 0.025630
0 0.766200 0.370124 0.032328 0.019361
0 0.288634 0.514559 0.060461 0.035873
0 0.324692 0.397142 0.044283 0.030657
0 0.676367 0.401466 0.037529 0.028559
0 0.812140 0.360240 0.027029 0.019078
0 0.037254 0.441697 0.048049 0.020707
0 0.588933 0.436210 0.048593 0.025088
0 0.771616 0.383211 0.028149 0.021640
0 0.648870 0.429116 0.042670 0.030118
0 0.721134 0.401242 0.028907 0.023010
0 0.599644 0.452540 0.047199 0.035680
0 0.497358 0.472825 0.052826 0.034988
0 0.056500 0.416515 0.060691 0.038185
0 0.111599 0.424295 0.040969 0.021624
0 0.406645 0.384387 0.041895 0.020882
0 0.424256 0.509381 0.055288 0.039296
0 0.477494 0.374147 0.036103 0.023757
0 0.254376 0.574844 0.243282 0.120223
0 0.211749 0.395076 0.041305 0.021881
0 0.109748 0.561752 0.072316 0.047318
