0 0.421811 0.402533 0.026262 0.019370
0 0.370498 0.399028 0.037325 0.021811
0 0.409584 0.386481 0.029831 0.020859
0 0.425669 0.424887 0.027638 0.025587
0 0.454589 0.415410 0.023485 0.025329
0 0.464824 0.438157 0.033511 0.027831
0 0.431881 0.459935 0.045960 0.032895
0 0.486497 0.391411 0.028217 0.030367
0 0.441955 0.380384 0.025129 0.022165
0 0.385388 0.481027 0.052845 0.034325
0 0.496186 0.426728 0.031839 0.028369
0 0.405720 0.504988 0.060008 0.035759
0 0.098805 0.439238 0.049972 0.033198
0 0.202047 0.422018 0.046266 0.028176
0 0.271634 0.408672 0.042220 0.024102
0 0.237968 0.523504 0.068969 0.039580
0 0.523395 0.450238 0.043755 0.022782
0 0.593019 0.431223 0.037042 0.026504
0 0.330816 0.400481 0.040786 0.022845
0 0.674571 0.409921 0.036613 0.023006
0 0.138770 0.545615 0.073476 0.045180
0 0.535082 0.424391 0.025691 0.026847
0 0.502533 0.473360 0.047275 0.036658
0 0.519494 0.401178 0.029557 0.025024
0 0.492158 0.500673 0.063903 0.038173
0 0.377728 0.390076 0.035557 0.018995
0 0.054758 0.573276 0.081478 0.053995
0 0.627534 0.441960 0.038102 0.026736
0 0.046150 0.442218 0.050330 0.030175
0 0.382223 0.540485 0.079901 0.044883
0 0.310355 0.513547 0.075318 0.038631
0 0.295177 0.568835 0.083650 0.044395
0 0.198740 0.588831 0.082303 0.048706
0 0.228682 0.545672 0.073135 0.038943
0 0.110122 0.597515 0.083469 0.051997
