0 0.380549 0.392265 0.031892 0.027073
0 0.428497 0.435273 0.029293 0.031306
0 0.126435 0.437328 0.049507 0.024876
0 0.346321 0.492519 0.061297 0.039295
0 0.413124 0.379809 0.049522 0.028893
0 0.197389 0.420497 0.040134 0.022893
0 0.270670 0.515310 0.073691 0.044685
0 0.425807 0.408266 0.025752 0.029097
0 0.450554 0.397232 0.029114 0.023256
0 0.593296 0.427300 0.042233 0.030697
0 0.460267 0.418034 0.026891 0.031491
0 0.406907 0.476094 0.040764 0.033633
0 0.510240 0.439889 0.054789 0.093292
0 0.339657 0.528662 0.061154 0.046733
0 0.188610 0.538598 0.068603 0.040938
0 0.388604 0.525781 0.053879 0.040855
0 0.450390 0.490612 0.048861 0.034593
0 0.228209 0.591162 0.066655 0.043428
0 0.369418 0.573883 0.071317 0.055933
0 0.446613 0.470555 0.037732 0.028449
0 0.054122 0.452361 0.049006 0.026474
0 0.313320 0.394625 0.031105 0.026049
0 0.465088 0.445858 0.029610 0.031259
0 0.124188 0.636696 0.082714 0.061614
0 0.119049 0.707415 0.086674 0.075094
0 0.063161 0.799591 0.106310 0.108626
