0 0.096205 0.615171 0.060876 0.064184
0 0.348965 0.530634 0.059997 0.064184
0 0.670968 0.567764 0.074885 0.054714
0 0.747898 0.544701 0.059926 0.050131
0 0.618324 0.546309 0.061686 0.048401
0 0.694892 0.528570 0.060404 0.040197
0 0.761760 0.492772 0.050013 0.039795
0 0.799515 0.528540 0.059926 0.046296
0 0.122694 0.460226 0.061126 0.046296
0 0.252064 0.470493 0.060099 0.062546
0 0.924064 0.526838 0.053936 0.039983
0 0.833651 0.506925 0.059926 0.039983
0 0.405654 0.419106 0.053766 0.031566
0 0.509130 0.410677 0.045846 0.033470
0 0.903061 0.468190 0.037047 0.039983
0 0.866088 0.434033 0.035276 0.031566
0 0.789703 0.441353 0.038811 0.032618
0 0.827099 0.443072 0.041446 0.032618
0 0.678600 0.414218 0.044059 0.023382
0 0.567685 0.404774 0.041615 0.027766
