0 0.430230 0.411596 0.026063 0.021145
0 0.390899 0.403902 0.034810 0.021811
0 0.431544 0.394756 0.029831 0.021140
0 0.477504 0.404320 0.025061 0.024105
0 0.418326 0.447128 0.032112 0.027967
0 0.428975 0.467282 0.045727 0.033311
0 0.372278 0.491358 0.050337 0.030526
0 0.304688 0.507127 0.063808 0.029638
0 0.082349 0.441838 0.058621 0.027561
0 0.154106 0.426219 0.050964 0.028245
0 0.511492 0.423906 0.027912 0.033252
0 0.720685 0.395838 0.034122 0.023126
0 0.482120 0.454207 0.034761 0.026724
0 0.225301 0.414686 0.042863 0.024774
0 0.277495 0.406593 0.038900 0.021143
0 0.686843 0.413673 0.035005 0.023938
0 0.594172 0.439723 0.044777 0.028928
0 0.207694 0.532033 0.075776 0.036218
0 0.331497 0.399416 0.032990 0.021010
0 0.531957 0.470770 0.050640 0.031877
0 0.417180 0.498869 0.052438 0.034978
0 0.389575 0.387528 0.034508 0.018018
0 0.425541 0.381155 0.036108 0.023638
0 0.457869 0.503433 0.056128 0.040164
0 0.484212 0.517503 0.062439 0.038996
0 0.306336 0.532907 0.068762 0.036797
0 0.101705 0.568558 0.075463 0.040530
0 0.308051 0.568712 0.065939 0.043103
0 0.095046 0.418294 0.038304 0.022882
0 0.508204 0.371968 0.039559 0.027758
0 0.207220 0.568152 0.081867 0.053278
0 0.192454 0.398413 0.037363 0.021381
0 0.135044 0.625542 0.099478 0.057767
