0 0.791957 0.437819 0.028261 0.025400
0 0.833915 0.435196 0.030785 0.027122
0 0.863574 0.449173 0.023097 0.030964
0 0.855812 0.429913 0.027394 0.024722
0 0.252736 0.534397 0.036702 0.051715
0 0.662231 0.510999 0.064095 0.038069
0 0.380975 0.548074 0.074183 0.045245
0 0.228660 0.494647 0.035464 0.039528
0 0.842917 0.472268 0.037142 0.028974
0 0.287836 0.445778 0.043772 0.033361
0 0.883076 0.468406 0.025724 0.031875
0 0.792386 0.476196 0.039838 0.030356
0 0.080988 0.609092 0.054672 0.068840
0 0.342656 0.428683 0.042690 0.025539
0 0.822412 0.487801 0.041399 0.028290
0 0.897171 0.559176 0.030047 0.038427
0 0.406802 0.419646 0.042382 0.022507
0 0.505071 0.411935 0.048578 0.025132
0 0.454879 0.403997 0.042996 0.019881
0 0.561905 0.410670 0.044241 0.023451
0 0.622157 0.408268 0.042377 0.024695
0 0.579267 0.398072 0.039236 0.017198
0 0.547496 0.396687 0.036053 0.021403
0 0.916189 0.498195 0.052717 0.029470
0 0.908396 0.523860 0.053019 0.031822
0 0.787978 0.502458 0.049675 0.032393
0 0.818515 0.531545 0.057635 0.034929
0 0.963677 0.524221 0.060521 0.043310
0 0.688557 0.410791 0.041854 0.019068
0 0.741104 0.413748 0.042639 0.019068
0 0.330342 0.418077 0.046805 0.019364
0 0.656122 0.551125 0.074903 0.041394
0 0.739166 0.527522 0.068218 0.041460
0 0.855578 0.551209 0.068192 0.038425
0 0.039770 0.483683 0.059049 0.037216
0 0.152569 0.451816 0.053013 0.037989
0 0.786591 0.414892 0.035031 0.018443
0 0.702811 0.396172 0.044704 0.023132
0 0.104871 0.551143 0.042986 0.048942
0 0.844736 0.411599 0.045227 0.027195
0 0.299793 0.438322 0.038691 0.028938
0 0.628979 0.587346 0.068557 0.046688
0 0.738490 0.510597 0.054107 0.038479
0 0.193401 0.485203 0.042186 0.039449
0 0.107144 0.633587 0.063924 0.081136
0 0.147072 0.561128 0.041560 0.056454
