0 0.796735 0.440591 0.027688 0.025400
0 0.837735 0.443641 0.030785 0.027122
0 0.864678 0.451110 0.025824 0.032989
0 0.857092 0.431714 0.027394 0.024722
0 0.283229 0.462809 0.032090 0.033810
0 0.334180 0.504233 0.056099 0.048883
0 0.252186 0.479531 0.031675 0.036484
0 0.277766 0.446816 0.037018 0.024757
0 0.323883 0.431992 0.044259 0.031253
0 0.257678 0.510125 0.042648 0.046234
0 0.803534 0.465398 0.029475 0.030056
0 0.406457 0.414794 0.049857 0.025778
0 0.163549 0.508283 0.041082 0.042255
0 0.842917 0.472268 0.037142 0.028974
0 0.205202 0.436308 0.045634 0.025073
0 0.030528 0.480177 0.053890 0.034286
0 0.470966 0.415690 0.040957 0.021360
0 0.973979 0.485717 0.052042 0.034350
0 0.881490 0.525185 0.059572 0.036215
0 0.791803 0.513011 0.057352 0.032408
0 0.747626 0.492885 0.050253 0.032969
0 0.546484 0.413363 0.046743 0.024757
0 0.123174 0.468618 0.050679 0.036172
0 0.802380 0.540418 0.066572 0.041959
0 0.146252 0.488991 0.047005 0.037612
0 0.623271 0.406686 0.041155 0.026241
0 0.676637 0.412102 0.039432 0.024226
0 0.708379 0.545318 0.079709 0.049003
0 0.657920 0.514758 0.071556 0.039669
0 0.649323 0.575466 0.069411 0.041048
0 0.585973 0.542584 0.071526 0.042763
0 0.473456 0.535027 0.066677 0.036299
0 0.575489 0.567450 0.035778 0.038030
0 0.720824 0.585755 0.031622 0.043753
0 0.741836 0.410930 0.040780 0.022953
0 0.712436 0.395608 0.049235 0.020579
0 0.509200 0.400451 0.041392 0.025360
0 0.321906 0.581857 0.076345 0.041052
0 0.339157 0.544172 0.066850 0.036719
0 0.191803 0.577518 0.075293 0.041052
0 0.824097 0.417453 0.042382 0.022507
0 0.905162 0.411689 0.040500 0.025132
0 0.792413 0.392931 0.047088 0.023632
0 0.237408 0.441346 0.056813 0.032369
0 0.586491 0.400926 0.047370 0.022507
0 0.207723 0.790395 0.130158 0.105469
0 0.263411 0.524272 0.072731 0.038351
0 0.205254 0.507684 0.045512 0.050098
0 0.197682 0.477221 0.047899 0.036210
