0 0.415809 0.397847 0.026262 0.019370
0 0.366970 0.398220 0.037726 0.021811
0 0.426285 0.420922 0.027638 0.025587
0 0.451822 0.410445 0.023485 0.025329
0 0.477813 0.423713 0.029575 0.024964
0 0.434302 0.457482 0.045960 0.032895
0 0.388913 0.477921 0.052845 0.034325
0 0.479078 0.404919 0.027415 0.025368
0 0.466876 0.465214 0.034733 0.034332
0 0.047254 0.452381 0.058424 0.042541
0 0.140774 0.433237 0.045744 0.028556
0 0.230797 0.414821 0.044963 0.025512
0 0.249197 0.521212 0.068969 0.039580
0 0.647457 0.409110 0.036820 0.025520
0 0.705133 0.389729 0.032230 0.023100
0 0.306179 0.402723 0.042083 0.024452
0 0.782572 0.372889 0.030941 0.018318
0 0.159893 0.539676 0.073476 0.045180
0 0.518758 0.410020 0.028946 0.026847
0 0.522882 0.439471 0.027604 0.036345
0 0.469107 0.379760 0.026850 0.022421
0 0.610271 0.447213 0.045848 0.026827
0 0.355887 0.394056 0.035557 0.018995
0 0.076879 0.568454 0.081478 0.053995
0 0.748803 0.389252 0.031982 0.022379
0 0.542342 0.478616 0.053088 0.033420
0 0.323153 0.506403 0.062633 0.030625
0 0.435399 0.521991 0.066401 0.039757
0 0.341172 0.541984 0.062475 0.039012
0 0.402468 0.504653 0.055181 0.040743
0 0.309979 0.528625 0.060105 0.037004
0 0.062496 0.705014 0.108779 0.080038
