0 0.360726 0.388266 0.037116 0.027073
0 0.425672 0.404533 0.024057 0.031306
0 0.414975 0.446477 0.031376 0.031495
0 0.373713 0.486347 0.066639 0.039034
0 0.405989 0.387724 0.038660 0.026770
0 0.427163 0.427569 0.024018 0.029873
0 0.419459 0.364720 0.085326 0.037926
0 0.425735 0.467604 0.039015 0.036602
0 0.305209 0.507177 0.068603 0.034570
0 0.466541 0.417575 0.023329 0.027410
0 0.452586 0.399809 0.023594 0.027790
0 0.286563 0.535469 0.065263 0.038059
0 0.252355 0.570886 0.072664 0.049504
0 0.477883 0.445150 0.026789 0.021333
0 0.489379 0.386415 0.032026 0.025629
0 0.052297 0.454935 0.049877 0.031683
0 0.462250 0.474961 0.059879 0.052021
0 0.147150 0.608211 0.093220 0.053476
0 0.686554 0.412950 0.036771 0.026891
0 0.368377 0.516581 0.051083 0.032487
0 0.353731 0.520097 0.047840 0.029705
0 0.573956 0.465400 0.041067 0.031244
0 0.141365 0.660873 0.096385 0.062118
0 0.143147 0.422147 0.035075 0.025268
0 0.111313 0.557784 0.064035 0.040512
0 0.239220 0.403300 0.038425 0.027908
0 0.345729 0.554234 0.067772 0.044559
0 0.299828 0.601335 0.061326 0.055898
0 0.052074 0.676382 0.097622 0.067739
0 0.130956 0.743275 0.097302 0.087576
