0 0.431137 0.412250 0.025952 0.022135
0 0.392142 0.404104 0.034810 0.021811
0 0.432323 0.395485 0.029831 0.021661
0 0.477828 0.405452 0.025061 0.025355
0 0.417020 0.452036 0.032713 0.028925
0 0.400307 0.476586 0.050755 0.033311
0 0.343144 0.494598 0.054133 0.031272
0 0.272631 0.518159 0.069448 0.034825
0 0.139694 0.432310 0.054859 0.027561
0 0.717294 0.386252 0.029121 0.023153
0 0.223250 0.412940 0.046882 0.028245
0 0.700613 0.408389 0.036922 0.027555
0 0.511492 0.427603 0.027912 0.034859
0 0.556121 0.453372 0.047014 0.031282
0 0.639889 0.418772 0.035982 0.026030
0 0.437057 0.486564 0.049299 0.031781
0 0.292602 0.403283 0.040668 0.021753
0 0.347892 0.393163 0.038900 0.021143
0 0.527694 0.482114 0.049839 0.039720
0 0.383583 0.516223 0.060172 0.040137
0 0.162084 0.543493 0.075776 0.039983
0 0.405297 0.388330 0.030802 0.019874
0 0.053963 0.441715 0.046166 0.028133
0 0.321532 0.559288 0.075113 0.047991
0 0.228004 0.553708 0.070023 0.037477
0 0.459250 0.377138 0.034508 0.018018
0 0.505493 0.368597 0.036108 0.026633
0 0.215938 0.586043 0.084509 0.051364
0 0.084418 0.648779 0.087533 0.065479
0 0.131594 0.415368 0.047716 0.022507
