0 0.793386 0.411603 0.028967 0.022362
0 0.125848 0.617557 0.070520 0.063113
0 0.228026 0.504474 0.040623 0.043466
0 0.310313 0.437890 0.047344 0.026788
0 0.606593 0.412159 0.039800 0.025079
0 0.771439 0.415326 0.028265 0.028202
0 0.786170 0.443753 0.031163 0.029732
0 0.781237 0.469669 0.031715 0.037408
0 0.403871 0.421510 0.048656 0.026760
0 0.726609 0.401250 0.034215 0.018685
0 0.860851 0.447184 0.028979 0.031138
0 0.032059 0.488414 0.059423 0.028331
0 0.112891 0.466365 0.049732 0.031159
0 0.787855 0.494692 0.038495 0.037085
0 0.467008 0.416444 0.043615 0.023257
0 0.250493 0.454945 0.044427 0.030459
0 0.566988 0.405704 0.037167 0.024103
0 0.520202 0.407438 0.044594 0.030445
