0 0.796015 0.440173 0.027775 0.025400
0 0.837681 0.442651 0.030785 0.027122
0 0.864324 0.450490 0.024951 0.032341
0 0.856899 0.431443 0.027394 0.024722
0 0.281833 0.466792 0.031779 0.035665
0 0.341753 0.507384 0.060452 0.048883
0 0.253256 0.480766 0.034125 0.037123
0 0.265538 0.452050 0.032076 0.027025
0 0.194774 0.456691 0.051027 0.035404
0 0.254207 0.514534 0.043292 0.047001
0 0.348999 0.424288 0.041253 0.029909
0 0.162586 0.509147 0.041082 0.042255
0 0.842917 0.472268 0.037142 0.028974
0 0.410420 0.418319 0.043780 0.026589
0 0.884573 0.479677 0.041669 0.032396
0 0.789325 0.478396 0.039838 0.030356
0 0.475531 0.416153 0.046743 0.024757
0 0.954726 0.510438 0.048318 0.035278
0 0.142087 0.492046 0.042083 0.037612
0 0.521205 0.403986 0.041155 0.026241
0 0.571764 0.412891 0.039432 0.024226
0 0.864158 0.518678 0.064947 0.037015
0 0.772645 0.498488 0.061824 0.031430
0 0.890679 0.543858 0.054055 0.036741
0 0.778873 0.523337 0.062127 0.042763
0 0.696534 0.522657 0.066677 0.036299
0 0.817804 0.547828 0.029495 0.038030
0 0.723987 0.581752 0.031622 0.043753
0 0.646020 0.411141 0.040780 0.023269
0 0.670842 0.392719 0.042949 0.020579
0 0.392822 0.408447 0.041446 0.026543
0 0.641663 0.570700 0.076345 0.041052
0 0.567989 0.530424 0.063384 0.036719
0 0.513085 0.568367 0.071847 0.041052
0 0.724049 0.414314 0.042382 0.022507
0 0.832642 0.412707 0.048578 0.025132
0 0.594909 0.395298 0.047088 0.023632
0 0.074578 0.481968 0.063492 0.035471
0 0.474784 0.400857 0.047370 0.018762
0 0.776021 0.406061 0.041441 0.019881
0 0.759383 0.385838 0.039245 0.019881
0 0.146906 0.455043 0.049362 0.029803
0 0.315271 0.541655 0.113564 0.062268
0 0.232402 0.581319 0.081261 0.046525
0 0.351835 0.406624 0.040782 0.021006
0 0.187678 0.538380 0.061801 0.033010
0 0.281449 0.433900 0.044596 0.029598
0 0.113163 0.558510 0.066193 0.047639
0 0.894857 0.415300 0.046643 0.020058
0 0.248943 0.429748 0.040543 0.028394
0 0.476595 0.676678 0.093141 0.080157
0 0.479759 0.519653 0.065992 0.037239
0 0.304054 0.742479 0.114955 0.087523
0 0.871237 0.397993 0.037493 0.022663
0 0.203166 0.509934 0.045762 0.051022
0 0.196084 0.478281 0.048077 0.036920
