0 0.798176 0.441427 0.027515 0.025400
0 0.837245 0.445300 0.030785 0.027122
0 0.865385 0.452352 0.027571 0.034286
0 0.857478 0.432257 0.027394 0.024722
0 0.315957 0.436723 0.040896 0.026064
0 0.314212 0.496836 0.047461 0.048883
0 0.249342 0.477284 0.027575 0.035416
0 0.442299 0.419500 0.037018 0.024757
0 0.520587 0.411440 0.043300 0.027500
0 0.264620 0.501309 0.041359 0.044700
0 0.803534 0.465398 0.029475 0.030056
0 0.947148 0.494542 0.062494 0.029620
0 0.602580 0.410884 0.037277 0.025778
0 0.165476 0.506555 0.041082 0.042255
0 0.880586 0.526699 0.056867 0.036777
0 0.763632 0.502120 0.061654 0.038261
0 0.794403 0.534363 0.066145 0.037363
0 0.738972 0.520364 0.062432 0.038412
0 0.518255 0.392963 0.039528 0.019619
0 0.442510 0.398410 0.034421 0.021386
0 0.679615 0.413008 0.040957 0.021360
0 0.696112 0.551525 0.070194 0.046364
0 0.546486 0.540930 0.076044 0.041412
0 0.584508 0.394663 0.036996 0.019881
0 0.050480 0.476997 0.058913 0.036288
0 0.456923 0.572584 0.080054 0.045913
0 0.351123 0.549094 0.072279 0.038891
0 0.343878 0.524944 0.070020 0.036191
0 0.758300 0.415485 0.046743 0.024757
0 0.406582 0.412211 0.043152 0.025883
0 0.302087 0.583789 0.072154 0.043138
0 0.348193 0.418959 0.040957 0.023444
0 0.554771 0.402461 0.031594 0.022663
0 0.647722 0.401518 0.039868 0.020839
0 0.824703 0.408372 0.045532 0.027352
0 0.889678 0.414668 0.039432 0.024226
0 0.171520 0.562832 0.074809 0.049003
0 0.205834 0.533770 0.071556 0.039669
0 0.480089 0.406248 0.045929 0.026633
0 0.170559 0.455449 0.052630 0.037637
0 0.209430 0.503182 0.045011 0.048250
0 0.200876 0.475102 0.047543 0.034790
