0 0.794868 0.439508 0.027912 0.025400
0 0.836617 0.440544 0.030785 0.027122
0 0.863761 0.449502 0.023560 0.031308
0 0.856592 0.431010 0.027394 0.024722
0 0.279612 0.473133 0.031283 0.038619
0 0.444708 0.518080 0.064095 0.048883
0 0.254958 0.482732 0.038025 0.038140
0 0.263897 0.454274 0.026842 0.029425
0 0.248682 0.521551 0.044317 0.048222
0 0.249728 0.441198 0.043077 0.029909
0 0.161053 0.510522 0.041082 0.042255
0 0.842917 0.472268 0.037142 0.028974
0 0.323001 0.435975 0.043780 0.026589
0 0.882279 0.470399 0.025724 0.031875
0 0.791256 0.478579 0.039838 0.030356
0 0.383006 0.424546 0.048836 0.024757
0 0.140345 0.495093 0.042083 0.037612
0 0.460716 0.415565 0.039432 0.024226
0 0.816763 0.488798 0.045605 0.028290
0 0.966533 0.493873 0.050903 0.036299
0 0.745457 0.573265 0.030047 0.038427
0 0.509730 0.409483 0.040780 0.024851
0 0.488120 0.394317 0.042949 0.020579
0 0.943425 0.550190 0.073225 0.041052
0 0.915886 0.519020 0.058206 0.037226
0 0.583961 0.410294 0.042382 0.022507
0 0.688522 0.412071 0.048578 0.025132
0 0.312256 0.420340 0.047750 0.020361
0 0.615520 0.401442 0.037255 0.019881
0 0.733321 0.518999 0.092942 0.060393
0 0.697019 0.552358 0.081261 0.046525
0 0.103572 0.469449 0.060792 0.033375
0 0.607467 0.536670 0.061801 0.038835
0 0.534924 0.556747 0.066193 0.047639
0 0.760689 0.412977 0.047519 0.023451
0 0.424346 0.575731 0.072518 0.039762
0 0.684425 0.588916 0.073378 0.055244
0 0.303374 0.555836 0.069379 0.038258
0 0.820781 0.412432 0.042377 0.024695
0 0.853108 0.400492 0.039236 0.022402
0 0.767349 0.395222 0.043375 0.021088
0 0.219916 0.587032 0.079878 0.042125
0 0.108476 0.555585 0.075893 0.041052
0 0.565275 0.519799 0.064599 0.033801
0 0.061454 0.580949 0.072154 0.039387
0 0.646480 0.507339 0.057436 0.035650
0 0.329939 0.724555 0.108873 0.081348
0 0.622774 0.389412 0.039463 0.018223
0 0.199842 0.513517 0.046161 0.052493
0 0.193542 0.479968 0.048360 0.038050
