0 0.798534 0.443552 0.028719 0.028292
0 0.836990 0.446164 0.030785 0.027122
0 0.865753 0.452998 0.028480 0.034961
0 0.857679 0.432540 0.027394 0.024722
0 0.446417 0.417067 0.040896 0.026064
0 0.311837 0.495821 0.046237 0.048883
0 0.245978 0.476709 0.027575 0.035416
0 0.556281 0.413293 0.037018 0.024757
0 0.640283 0.411487 0.043300 0.027500
0 0.280462 0.471304 0.033602 0.040853
0 0.800567 0.475652 0.037204 0.032024
0 0.973901 0.491223 0.052198 0.030308
0 0.717999 0.526049 0.069539 0.029620
0 0.715581 0.412352 0.042585 0.025778
0 0.166478 0.505656 0.041082 0.042255
0 0.845804 0.507100 0.063663 0.039972
0 0.706396 0.550807 0.066191 0.042756
0 0.603393 0.519226 0.070271 0.038261
0 0.589510 0.558434 0.078038 0.039249
0 0.492117 0.546505 0.067162 0.040836
0 0.639355 0.392037 0.039528 0.019619
0 0.570644 0.392332 0.034421 0.020509
0 0.792140 0.415391 0.040957 0.021360
0 0.944293 0.538735 0.024886 0.037297
0 0.404825 0.576168 0.079048 0.046364
0 0.790598 0.569793 0.069645 0.049203
0 0.080376 0.471313 0.055970 0.035551
0 0.251462 0.552651 0.076044 0.041412
0 0.707702 0.390829 0.041096 0.019881
0 0.306311 0.424824 0.051432 0.022703
0 0.140435 0.580768 0.073634 0.045913
0 0.083262 0.555354 0.072279 0.038891
0 0.091713 0.530815 0.070020 0.036191
0 0.857278 0.417993 0.046743 0.024757
0 0.528360 0.404902 0.039214 0.025883
0 0.339905 0.740342 0.047525 0.051301
0 0.603942 0.403821 0.042351 0.026633
0 0.358577 0.426088 0.042968 0.029644
0 0.211604 0.500840 0.044750 0.047289
0 0.202538 0.473999 0.047357 0.034051
