0 0.797441 0.441001 0.027604 0.025400
0 0.837495 0.444454 0.030785 0.027122
0 0.865024 0.451718 0.026680 0.033625
0 0.857281 0.431980 0.027394 0.024722
0 0.286526 0.458212 0.032256 0.032825
0 0.326761 0.501146 0.051834 0.048883
0 0.251139 0.478321 0.029275 0.035859
0 0.339962 0.432035 0.037018 0.024757
0 0.411994 0.420664 0.043396 0.027875
0 0.261078 0.505807 0.042017 0.045483
0 0.803534 0.465398 0.029475 0.030056
0 0.489822 0.410755 0.037277 0.025778
0 0.164493 0.507437 0.041082 0.042255
0 0.832993 0.481096 0.049001 0.030445
0 0.940294 0.516311 0.057331 0.036555
0 0.935001 0.489791 0.053291 0.031143
0 0.368806 0.400788 0.039528 0.019619
0 0.261140 0.425461 0.039900 0.029490
0 0.565162 0.411320 0.040957 0.021360
0 0.859088 0.527388 0.058898 0.043044
0 0.786055 0.514948 0.067744 0.041412
0 0.716977 0.552093 0.069505 0.045913
0 0.620269 0.536792 0.066265 0.036038
0 0.585876 0.517479 0.062801 0.036191
0 0.647000 0.412799 0.046743 0.024757
0 0.277767 0.434161 0.049147 0.035560
0 0.609292 0.562557 0.077947 0.043138
0 0.212491 0.450628 0.049893 0.031450
0 0.525575 0.404174 0.039868 0.020839
0 0.721775 0.407082 0.045532 0.027352
0 0.782535 0.412542 0.039432 0.024226
0 0.491438 0.563624 0.079709 0.049003
0 0.463504 0.529111 0.071556 0.039669
0 0.330391 0.591906 0.071920 0.041262
0 0.312076 0.551697 0.071526 0.042763
0 0.210210 0.539280 0.066677 0.036299
0 0.241470 0.582295 0.035778 0.043429
0 0.138526 0.458333 0.047511 0.029451
0 0.685540 0.604138 0.031622 0.043753
0 0.851283 0.413719 0.041722 0.021586
0 0.822153 0.397655 0.049235 0.020579
0 0.620924 0.401187 0.041392 0.021621
0 0.054257 0.580105 0.076345 0.041052
0 0.090296 0.556978 0.071514 0.044424
0 0.368502 0.419262 0.035453 0.025466
0 0.207299 0.505479 0.045266 0.049193
0 0.199246 0.476183 0.047724 0.035514
