0 0.779790 0.433260 0.032786 0.025400
0 0.824922 0.424279 0.030307 0.021586
0 0.856908 0.436005 0.023097 0.030964
0 0.838318 0.410597 0.027394 0.024722
0 0.690734 0.506782 0.064095 0.038069
0 0.972300 0.505551 0.055399 0.038720
0 0.836016 0.468832 0.037142 0.028974
0 0.880403 0.461294 0.025724 0.031875
0 0.799311 0.468532 0.039838 0.030356
0 0.159248 0.645511 0.075333 0.076822
0 0.835033 0.445972 0.031586 0.028290
0 0.191715 0.465566 0.054283 0.030914
0 0.208737 0.543680 0.041628 0.054943
0 0.221320 0.446286 0.046388 0.019566
0 0.280325 0.434260 0.045646 0.027428
0 0.806716 0.493921 0.049675 0.032393
0 0.377239 0.422703 0.042277 0.026965
0 0.468532 0.415679 0.042639 0.023721
0 0.535416 0.412511 0.037976 0.020574
0 0.619089 0.409777 0.045227 0.027195
0 0.122463 0.599429 0.056226 0.058397
0 0.867821 0.484122 0.038481 0.031629
0 0.753053 0.508483 0.054107 0.038479
0 0.782686 0.524940 0.055719 0.034173
0 0.825473 0.515965 0.051156 0.037079
0 0.037989 0.650836 0.075977 0.070708
0 0.700301 0.531563 0.056070 0.035225
0 0.676961 0.414447 0.043849 0.018620
0 0.733117 0.411223 0.041729 0.026283
0 0.649129 0.549264 0.077093 0.038057
0 0.866929 0.541429 0.059658 0.038911
0 0.140927 0.539099 0.040773 0.047073
0 0.076477 0.476105 0.053521 0.034099
0 0.784984 0.411979 0.039224 0.020438
0 0.147478 0.455169 0.044134 0.032475
