0 0.309895 0.388701 0.037116 0.027073
0 0.426457 0.395101 0.024057 0.028445
0 0.414089 0.436578 0.028208 0.031495
0 0.393640 0.476542 0.062649 0.039034
0 0.366031 0.385586 0.039279 0.026770
0 0.428828 0.414688 0.022136 0.024167
0 0.382748 0.365632 0.101699 0.037926
0 0.432642 0.456765 0.034646 0.033046
0 0.325604 0.502699 0.061724 0.034570
0 0.476387 0.388476 0.023329 0.026697
0 0.448393 0.385583 0.020887 0.022471
0 0.298537 0.531027 0.065263 0.038059
0 0.259269 0.567054 0.072664 0.049504
0 0.497664 0.410071 0.029665 0.045335
0 0.263774 0.592969 0.093220 0.053476
0 0.478655 0.448066 0.029636 0.037494
0 0.373347 0.510775 0.051846 0.032362
0 0.155582 0.650468 0.085518 0.062118
0 0.241253 0.529936 0.052735 0.032987
0 0.127514 0.430475 0.046031 0.027908
0 0.451530 0.482475 0.046278 0.037985
0 0.390349 0.528792 0.049658 0.044735
0 0.142042 0.614180 0.084451 0.056490
0 0.053417 0.713403 0.102280 0.068167
0 0.186186 0.417668 0.046601 0.028133
0 0.155752 0.564126 0.074556 0.045287
0 0.237170 0.408408 0.043905 0.025507
0 0.523003 0.483714 0.071857 0.058115
0 0.048798 0.427309 0.050983 0.032860
0 0.379770 0.570000 0.060099 0.049224
