0 0.421386 0.402039 0.026262 0.019370
0 0.369022 0.398690 0.037493 0.021811
0 0.384160 0.375830 0.029831 0.020859
0 0.425576 0.424504 0.027638 0.025587
0 0.454013 0.413643 0.023485 0.025329
0 0.466012 0.437491 0.033511 0.027831
0 0.432893 0.458909 0.045960 0.032895
0 0.472959 0.381044 0.031728 0.019480
0 0.441955 0.380384 0.025129 0.022165
0 0.386862 0.479728 0.052845 0.034325
0 0.492940 0.416450 0.027769 0.025608
0 0.443586 0.486801 0.054797 0.034446
0 0.069562 0.447982 0.049201 0.033198
0 0.180975 0.426197 0.047542 0.028335
0 0.255210 0.411165 0.048712 0.027440
0 0.242664 0.522545 0.068969 0.039580
0 0.567950 0.435423 0.045379 0.024565
0 0.640156 0.411917 0.037042 0.026504
0 0.320594 0.400694 0.044846 0.025356
0 0.722265 0.394832 0.036613 0.023006
0 0.149545 0.543315 0.073476 0.045180
0 0.531535 0.419470 0.026648 0.026847
0 0.517835 0.461859 0.039690 0.042172
0 0.500750 0.394334 0.029557 0.025024
0 0.542731 0.481695 0.053320 0.033501
0 0.369465 0.392073 0.035557 0.018995
0 0.057238 0.572635 0.081478 0.053995
0 0.680331 0.416892 0.035690 0.025861
0 0.037748 0.443291 0.047537 0.026251
0 0.452927 0.519509 0.066542 0.040655
0 0.319722 0.504668 0.068461 0.026653
0 0.342045 0.555638 0.073797 0.042410
0 0.259790 0.566304 0.065982 0.041820
0 0.319054 0.529353 0.067207 0.039148
0 0.196217 0.561982 0.068948 0.048285
