0 0.426182 0.390568 0.023701 0.026966
0 0.415827 0.429482 0.021655 0.031495
0 0.405546 0.471010 0.053905 0.038710
0 0.315430 0.389305 0.042997 0.026770
0 0.427816 0.409866 0.021515 0.022092
0 0.352950 0.366156 0.104650 0.038865
0 0.437684 0.447058 0.030433 0.032313
0 0.330847 0.501296 0.060060 0.034570
0 0.471713 0.380990 0.022935 0.022267
0 0.445124 0.380468 0.020887 0.021391
0 0.303343 0.529853 0.065263 0.038059
0 0.260456 0.565792 0.072664 0.049504
0 0.498448 0.406476 0.029665 0.045335
0 0.379556 0.554932 0.072460 0.048210
0 0.479766 0.441579 0.028720 0.035150
0 0.385861 0.503365 0.048263 0.032362
0 0.246097 0.528190 0.052735 0.032987
0 0.127514 0.430475 0.046031 0.027908
0 0.457895 0.476984 0.044441 0.034445
0 0.408400 0.516006 0.046947 0.036688
0 0.164955 0.597196 0.084451 0.056490
0 0.083687 0.701152 0.096307 0.073089
0 0.186186 0.417668 0.046601 0.028133
0 0.156918 0.562656 0.074556 0.044200
0 0.237170 0.408408 0.043905 0.025507
0 0.629861 0.429415 0.058657 0.045241
0 0.044877 0.431302 0.054205 0.032924
0 0.521981 0.495984 0.051580 0.041795
0 0.145495 0.709690 0.084679 0.065692
