0 0.421552 0.402232 0.026262 0.019370
0 0.369600 0.398822 0.037427 0.021811
0 0.394108 0.379998 0.029831 0.020859
0 0.425612 0.424654 0.027638 0.025587
0 0.454238 0.414334 0.023485 0.025329
0 0.465547 0.437752 0.033511 0.027831
0 0.432497 0.459310 0.045960 0.032895
0 0.477783 0.382493 0.030354 0.023740
0 0.441955 0.380384 0.025129 0.022165
0 0.386285 0.480237 0.052845 0.034325
0 0.494210 0.420472 0.029362 0.026689
0 0.428769 0.493918 0.056836 0.034960
0 0.077380 0.446120 0.049503 0.033198
0 0.191303 0.424922 0.045866 0.028273
0 0.261637 0.410189 0.046172 0.026134
0 0.240826 0.522921 0.068969 0.039580
0 0.550515 0.441220 0.044744 0.023867
0 0.621711 0.419472 0.037042 0.026504
0 0.324594 0.400611 0.043258 0.024373
0 0.703602 0.400736 0.036613 0.023006
0 0.145329 0.544215 0.073476 0.045180
0 0.533404 0.421656 0.025691 0.026847
0 0.511847 0.466359 0.042658 0.040014
0 0.509434 0.397322 0.029557 0.025024
0 0.522941 0.489121 0.057462 0.035330
0 0.372698 0.391291 0.035557 0.018995
0 0.056267 0.572886 0.081478 0.053995
0 0.659671 0.426701 0.036634 0.026204
0 0.041035 0.442871 0.048630 0.027787
0 0.425260 0.527717 0.071770 0.042309
0 0.316057 0.508143 0.071144 0.031340
0 0.323705 0.560802 0.077652 0.043187
0 0.235901 0.575119 0.072369 0.044515
0 0.283691 0.535739 0.069526 0.039067
0 0.163078 0.576339 0.075815 0.049804
