0 0.355099 0.386512 0.037116 0.027073
0 0.426062 0.403368 0.024057 0.031306
0 0.415866 0.444847 0.029300 0.031495
0 0.378673 0.484459 0.066639 0.039034
0 0.401772 0.386885 0.038660 0.026770
0 0.427506 0.426494 0.023337 0.028178
0 0.418065 0.364327 0.086968 0.037926
0 0.428099 0.464822 0.039015 0.036602
0 0.310969 0.506474 0.067438 0.034570
0 0.470382 0.411759 0.023329 0.027410
0 0.452549 0.397375 0.020887 0.026181
0 0.289467 0.534052 0.065263 0.038059
0 0.254556 0.570279 0.072664 0.049504
0 0.490373 0.425027 0.027210 0.023420
0 0.478004 0.455973 0.049000 0.047570
0 0.164011 0.608187 0.093220 0.053476
0 0.721333 0.397711 0.034685 0.026094
0 0.436716 0.496722 0.051083 0.037849
0 0.354896 0.519890 0.049636 0.029308
0 0.668470 0.420065 0.036161 0.027804
0 0.142967 0.661334 0.091879 0.062118
0 0.083926 0.435589 0.035075 0.025268
0 0.198960 0.540558 0.063329 0.040512
0 0.170546 0.419972 0.039738 0.027908
0 0.369712 0.539198 0.067772 0.044559
0 0.316109 0.584306 0.060494 0.047431
0 0.058336 0.670556 0.097622 0.058357
0 0.042287 0.728703 0.084574 0.079403
0 0.275271 0.394899 0.037149 0.028133
0 0.162568 0.718736 0.094829 0.075617
0 0.056343 0.805862 0.105038 0.104353
