0 0.793310 0.438604 0.028099 0.025400
0 0.835170 0.437681 0.030785 0.027122
0 0.863574 0.449173 0.023097 0.030964
0 0.856174 0.430423 0.027394 0.024722
0 0.276593 0.481750 0.030609 0.042632
0 0.607324 0.510250 0.064095 0.038069
0 0.257271 0.485404 0.043325 0.039522
0 0.261294 0.455208 0.026842 0.029425
0 0.241174 0.531088 0.045711 0.049882
0 0.143091 0.534093 0.046105 0.048432
0 0.842917 0.472268 0.037142 0.028974
0 0.303279 0.440233 0.043776 0.029626
0 0.882706 0.469332 0.025724 0.031875
0 0.791897 0.477540 0.039838 0.030356
0 0.348753 0.430172 0.051713 0.024757
0 0.129744 0.508523 0.041780 0.042306
0 0.390476 0.423398 0.042690 0.025539
0 0.820342 0.487299 0.041399 0.028290
0 0.882907 0.560981 0.030047 0.038427
0 0.231392 0.432171 0.049698 0.032397
0 0.450126 0.414424 0.042382 0.022507
0 0.535240 0.409963 0.048578 0.025132
0 0.028405 0.485306 0.056809 0.033994
0 0.510281 0.402298 0.038025 0.019881
0 0.600614 0.410088 0.044241 0.023451
0 0.917911 0.510116 0.053761 0.037072
0 0.860054 0.541384 0.061307 0.048481
0 0.793439 0.524763 0.060340 0.036476
0 0.664511 0.407878 0.042377 0.024695
0 0.651826 0.398611 0.039236 0.017198
0 0.593691 0.396536 0.036053 0.021403
0 0.710412 0.548037 0.074271 0.041716
0 0.619603 0.536994 0.070265 0.038979
0 0.692852 0.515336 0.064599 0.041856
0 0.609887 0.567175 0.072154 0.039387
0 0.747696 0.509033 0.060533 0.035650
0 0.470056 0.577533 0.074301 0.041592
0 0.774224 0.571596 0.075441 0.053030
0 0.732183 0.411206 0.041854 0.019068
0 0.799823 0.413122 0.042639 0.019068
0 0.723432 0.392277 0.036364 0.019381
0 0.406131 0.405427 0.046805 0.019364
0 0.162002 0.456884 0.046643 0.031520
0 0.267763 0.568539 0.074903 0.041394
0 0.280276 0.535064 0.070773 0.035305
0 0.644540 0.613568 0.080599 0.051315
0 0.308803 0.412991 0.044710 0.023009
0 0.119674 0.460373 0.054028 0.029175
0 0.867911 0.413874 0.035031 0.018443
0 0.848174 0.403715 0.044704 0.023132
0 0.299421 0.738065 0.100624 0.082269
0 0.195325 0.518386 0.046703 0.054492
0 0.190087 0.482261 0.048745 0.039587
