0 0.598107 0.549614 0.057022 0.047372
0 0.211604 0.496532 0.051757 0.047144
0 0.334745 0.421161 0.046644 0.036870
0 0.806809 0.407861 0.035010 0.026217
0 0.665243 0.395415 0.044205 0.023680
0 0.332691 0.739517 0.103444 0.078153
0 0.528616 0.571306 0.074516 0.058276
0 0.721352 0.551692 0.068021 0.047868
0 0.813370 0.524936 0.051912 0.045396
0 0.665463 0.528881 0.061686 0.043943
0 0.734560 0.510571 0.051017 0.042901
0 0.771269 0.443216 0.030852 0.030612
0 0.879079 0.501498 0.055033 0.046296
0 0.136060 0.581910 0.102685 0.099736
0 0.275752 0.448660 0.052776 0.045405
0 0.504464 0.410455 0.045846 0.029802
0 0.874167 0.442124 0.037047 0.032384
0 0.849236 0.418597 0.034715 0.031118
0 0.768069 0.415965 0.033563 0.028827
0 0.809581 0.431967 0.036488 0.028852
0 0.671598 0.413337 0.044059 0.023382
0 0.566240 0.404902 0.041615 0.027766
