0 0.793677 0.438817 0.028055 0.025400
0 0.835511 0.438356 0.030785 0.027122
0 0.863574 0.449173 0.023097 0.030964
0 0.856273 0.430561 0.027394 0.024722
0 0.277305 0.479718 0.030768 0.041686
0 0.581930 0.510368 0.064095 0.039542
0 0.256726 0.484774 0.042075 0.039196
0 0.261908 0.454988 0.026842 0.029425
0 0.242945 0.528839 0.045382 0.049490
0 0.156814 0.515567 0.041919 0.043284
0 0.842917 0.472268 0.037142 0.028974
0 0.302536 0.439234 0.043778 0.028600
0 0.882605 0.469584 0.025724 0.031875
0 0.791764 0.477905 0.039838 0.030356
0 0.348753 0.430172 0.051713 0.024757
0 0.136154 0.500471 0.042033 0.038394
0 0.400366 0.422702 0.042690 0.025539
0 0.819779 0.487163 0.041399 0.028290
0 0.851933 0.560968 0.030047 0.038427
0 0.292553 0.416784 0.046008 0.028556
0 0.459458 0.413881 0.042382 0.022507
0 0.559861 0.409941 0.048578 0.025132
0 0.122915 0.465771 0.057984 0.033994
0 0.523125 0.401565 0.038025 0.019881
0 0.976602 0.489479 0.046795 0.032375
0 0.913757 0.513834 0.056811 0.039099
0 0.629029 0.410957 0.044241 0.023451
0 0.813486 0.526044 0.060584 0.037072
0 0.796423 0.555428 0.066428 0.051350
0 0.696016 0.536031 0.061520 0.036786
0 0.694945 0.409269 0.042377 0.024695
0 0.695167 0.396333 0.039236 0.017198
0 0.635829 0.396389 0.036053 0.021403
0 0.623934 0.566165 0.080289 0.041716
0 0.524910 0.544303 0.070265 0.041052
0 0.665506 0.514179 0.064599 0.041856
0 0.505161 0.575902 0.072154 0.039387
0 0.728158 0.508177 0.060533 0.035650
0 0.750553 0.495031 0.044271 0.036191
0 0.339528 0.581635 0.074738 0.041592
0 0.715351 0.584408 0.075441 0.055329
0 0.767151 0.411850 0.041854 0.019068
0 0.838351 0.413422 0.042639 0.019068
0 0.783157 0.392873 0.036364 0.019381
0 0.428056 0.405319 0.046805 0.019364
0 0.230805 0.442038 0.046643 0.031520
0 0.117903 0.567943 0.074903 0.041394
0 0.124994 0.537982 0.070773 0.033760
0 0.375388 0.401058 0.041828 0.020318
0 0.151545 0.818158 0.125342 0.093870
0 0.196390 0.517237 0.046575 0.054021
0 0.190901 0.481720 0.048655 0.039224
