0 0.801203 0.445837 0.028954 0.033820
0 0.833271 0.455040 0.030785 0.027122
0 0.827689 0.490983 0.050535 0.036829
0 0.867482 0.446106 0.032724 0.028488
0 0.650513 0.414102 0.040896 0.026064
0 0.301698 0.489135 0.042210 0.047431
0 0.245412 0.473445 0.030693 0.033452
0 0.973910 0.508660 0.052180 0.039123
0 0.728691 0.417084 0.037018 0.024757
0 0.802496 0.415255 0.043300 0.027500
0 0.363237 0.424955 0.049909 0.026511
0 0.697816 0.509116 0.065475 0.030792
0 0.832350 0.533435 0.057443 0.038121
0 0.720704 0.529945 0.066806 0.034499
0 0.558118 0.545664 0.071903 0.043811
0 0.713079 0.395779 0.037274 0.019797
0 0.344458 0.550619 0.074141 0.039387
0 0.854087 0.416905 0.042585 0.025778
0 0.186773 0.486163 0.041082 0.036261
0 0.470402 0.530439 0.073183 0.039972
0 0.300587 0.572184 0.070994 0.046551
0 0.207527 0.539619 0.070271 0.038261
0 0.128473 0.578882 0.076232 0.044638
0 0.120200 0.549870 0.068075 0.031818
0 0.819705 0.394745 0.039528 0.017255
0 0.749945 0.391831 0.034421 0.018755
0 0.918303 0.414579 0.040957 0.021360
0 0.884850 0.408033 0.034542 0.021499
0 0.625874 0.625188 0.030764 0.043045
0 0.741406 0.558347 0.031667 0.035650
0 0.442628 0.691295 0.090838 0.079177
0 0.572898 0.411746 0.042151 0.025368
0 0.215986 0.496616 0.044438 0.046138
0 0.471415 0.402749 0.042940 0.024475
0 0.264723 0.447445 0.047245 0.033601
