0 0.779303 0.433117 0.033015 0.025400
0 0.824512 0.423975 0.030434 0.021780
0 0.856852 0.435894 0.023097 0.030964
0 0.837032 0.409572 0.027394 0.024722
0 0.690930 0.506752 0.064095 0.038069
0 0.972300 0.505551 0.055399 0.038720
0 0.836190 0.468871 0.037142 0.028974
0 0.880203 0.461028 0.025724 0.031875
0 0.799373 0.468468 0.039838 0.030356
0 0.152100 0.652301 0.078142 0.079167
0 0.835163 0.445891 0.030822 0.028290
0 0.187940 0.466732 0.055304 0.031121
0 0.206679 0.546802 0.043389 0.055569
0 0.217585 0.447098 0.046388 0.019566
0 0.277099 0.435275 0.046580 0.028036
0 0.807366 0.493472 0.049675 0.032393
0 0.373619 0.423127 0.042301 0.027266
0 0.465682 0.415981 0.042639 0.023721
0 0.532999 0.412496 0.037976 0.020574
0 0.618139 0.409906 0.045227 0.027195
0 0.119035 0.603606 0.057595 0.059724
0 0.868057 0.483540 0.038481 0.031629
0 0.755074 0.508193 0.054107 0.038479
0 0.783305 0.524640 0.055719 0.034173
0 0.825673 0.515894 0.050967 0.037079
0 0.035490 0.654783 0.070979 0.070708
0 0.700930 0.531589 0.056070 0.035225
0 0.675842 0.414634 0.043849 0.018620
0 0.732155 0.411295 0.041729 0.026283
0 0.656081 0.549457 0.077093 0.038057
0 0.874668 0.539834 0.059618 0.038040
0 0.139099 0.541987 0.040773 0.047073
0 0.069093 0.477577 0.053521 0.034099
0 0.782819 0.411964 0.039224 0.020438
0 0.143276 0.456539 0.044134 0.032475
