0 0.798882 0.445271 0.029471 0.030659
0 0.836701 0.446889 0.030785 0.027122
0 0.862209 0.461817 0.033593 0.034094
0 0.859338 0.433610 0.028460 0.025475
0 0.549227 0.412070 0.040896 0.026064
0 0.311458 0.495392 0.046237 0.048883
0 0.243539 0.476292 0.027575 0.035416
0 0.644671 0.414158 0.037018 0.024757
0 0.726787 0.413936 0.043300 0.027500
0 0.299377 0.443226 0.050447 0.031128
0 0.777140 0.492946 0.049242 0.032285
0 0.935054 0.505338 0.053130 0.034499
0 0.771971 0.522520 0.063237 0.039293
0 0.546596 0.536159 0.074141 0.034947
0 0.793867 0.416407 0.042585 0.025778
0 0.168907 0.503009 0.041082 0.041056
0 0.672265 0.525121 0.071909 0.039972
0 0.529284 0.565369 0.070994 0.046551
0 0.412344 0.530419 0.070271 0.038261
0 0.366278 0.575771 0.076232 0.044638
0 0.295609 0.552603 0.068075 0.044547
0 0.730829 0.391772 0.039528 0.019619
0 0.654469 0.389619 0.034421 0.018755
0 0.858901 0.415724 0.040957 0.021360
0 0.804121 0.565104 0.024886 0.037297
0 0.964704 0.521682 0.031667 0.033971
0 0.167050 0.576276 0.079048 0.046364
0 0.646439 0.612210 0.076345 0.052449
0 0.226811 0.438463 0.049192 0.030186
0 0.126617 0.466244 0.050956 0.031470
0 0.077657 0.554961 0.076044 0.041412
0 0.793352 0.392299 0.041096 0.019881
0 0.075642 0.871143 0.065998 0.058985
0 0.467941 0.413609 0.042534 0.027710
0 0.213180 0.499140 0.044561 0.046591
0 0.359474 0.392629 0.042940 0.024475
0 0.208037 0.468307 0.047245 0.033601
