0 0.423236 0.404188 0.026262 0.019370
0 0.375436 0.400159 0.036764 0.021811
0 0.426462 0.392179 0.029831 0.020859
0 0.459237 0.390943 0.029756 0.022470
0 0.425981 0.426167 0.027638 0.025587
0 0.456520 0.421326 0.023485 0.025329
0 0.460848 0.440386 0.033511 0.027831
0 0.428492 0.463369 0.045960 0.032895
0 0.508016 0.413698 0.027912 0.031314
0 0.479159 0.409306 0.024121 0.023617
0 0.377745 0.486694 0.054920 0.033849
0 0.494049 0.440582 0.033962 0.029810
0 0.297774 0.516348 0.060461 0.035873
0 0.167942 0.424127 0.048184 0.033198
0 0.242980 0.413855 0.048264 0.027693
0 0.306965 0.403388 0.041656 0.023811
0 0.761259 0.378700 0.074553 0.052635
0 0.210174 0.534672 0.070412 0.036936
0 0.690582 0.413798 0.034356 0.021879
0 0.417262 0.492380 0.044853 0.023746
0 0.476612 0.473975 0.045939 0.031815
0 0.372194 0.392156 0.038620 0.018334
0 0.553902 0.427868 0.022340 0.028958
0 0.533370 0.469668 0.047587 0.033116
0 0.133461 0.548429 0.073476 0.045180
0 0.696159 0.395295 0.032319 0.018315
0 0.523923 0.449984 0.042015 0.024956
0 0.428684 0.511175 0.060256 0.042552
0 0.525736 0.403242 0.023194 0.025024
0 0.343537 0.540511 0.074816 0.042198
0 0.420681 0.382989 0.033901 0.017522
0 0.527210 0.498098 0.024846 0.031069
0 0.046454 0.575423 0.081478 0.053995
0 0.433356 0.539322 0.064837 0.042499
0 0.060123 0.440831 0.054319 0.035635
0 0.212787 0.596289 0.088626 0.046992
0 0.111714 0.582168 0.087578 0.046889
