0 0.395138 0.389160 0.027557 0.019370
0 0.365046 0.397780 0.037945 0.021811
0 0.422653 0.407301 0.027638 0.025587
0 0.447586 0.404837 0.023485 0.025329
0 0.480206 0.411726 0.021259 0.022247
0 0.442248 0.448786 0.036533 0.029790
0 0.390836 0.476227 0.052845 0.034325
0 0.468172 0.395086 0.027415 0.024079
0 0.484719 0.448994 0.029780 0.034339
0 0.035251 0.454813 0.054987 0.041271
0 0.112219 0.440739 0.050564 0.028715
0 0.196790 0.420056 0.041656 0.023811
0 0.255322 0.519961 0.068969 0.039580
0 0.708775 0.389567 0.032260 0.021885
0 0.276483 0.405778 0.039694 0.023591
0 0.163576 0.538861 0.073476 0.045180
0 0.501387 0.399245 0.029629 0.023373
0 0.516291 0.420256 0.029426 0.034828
0 0.673968 0.416645 0.040192 0.022374
0 0.341868 0.395166 0.039078 0.021993
0 0.081107 0.567150 0.081478 0.053995
0 0.800869 0.369976 0.024578 0.019255
0 0.615542 0.433903 0.041585 0.031833
0 0.325769 0.508909 0.057400 0.035638
0 0.531084 0.477610 0.058043 0.032269
0 0.423783 0.511350 0.062475 0.039012
0 0.446650 0.483859 0.055181 0.031691
0 0.377950 0.509557 0.060105 0.037004
0 0.217617 0.608980 0.079622 0.066970
0 0.127344 0.698405 0.095011 0.078019
