0 0.773308 0.430740 0.034272 0.025400
0 0.807531 0.410005 0.031387 0.023232
0 0.838162 0.408009 0.030480 0.025771
0 0.715374 0.503836 0.064095 0.038069
0 0.835861 0.462404 0.029966 0.027949
0 0.869798 0.446564 0.030945 0.031875
0 0.801132 0.464069 0.025561 0.027641
0 0.830949 0.438505 0.029487 0.025598
0 0.103013 0.483491 0.060924 0.032258
0 0.135184 0.639774 0.075933 0.075843
0 0.148668 0.463138 0.046388 0.024426
0 0.227280 0.449385 0.051716 0.031379
0 0.816620 0.486192 0.041630 0.032118
0 0.298706 0.438859 0.042430 0.028921
0 0.398060 0.423122 0.042639 0.023721
0 0.466231 0.417897 0.037976 0.020574
0 0.574211 0.408791 0.045227 0.027195
0 0.024358 0.692722 0.048717 0.069061
0 0.871926 0.474556 0.029425 0.031629
0 0.781541 0.499273 0.048916 0.033089
0 0.794640 0.522396 0.055719 0.034173
0 0.837208 0.509590 0.050778 0.037079
0 0.712869 0.532081 0.056070 0.035225
0 0.660014 0.412011 0.043849 0.021061
0 0.710567 0.411690 0.041729 0.026283
0 0.783448 0.543366 0.077093 0.038057
0 0.979028 0.515691 0.041944 0.031507
0 0.094269 0.610156 0.061373 0.058816
0 0.758457 0.411678 0.039224 0.020438
0 0.230645 0.699088 0.096371 0.075844
0 0.177121 0.786910 0.123040 0.087303
