0 0.094422 0.672357 0.075766 0.064480
0 0.245937 0.499842 0.040145 0.057282
0 0.816098 0.419378 0.028574 0.022602
0 0.815967 0.442424 0.023086 0.029415
0 0.364896 0.425808 0.044239 0.024391
0 0.427036 0.420796 0.041335 0.025694
0 0.483380 0.404475 0.042752 0.020438
0 0.757667 0.435659 0.035488 0.027888
0 0.868911 0.446929 0.031551 0.026358
0 0.847768 0.419471 0.030768 0.025224
0 0.800381 0.487847 0.038260 0.032422
0 0.672859 0.532963 0.060014 0.042887
0 0.028209 0.483267 0.056417 0.038592
0 0.683717 0.407753 0.035069 0.023962
0 0.548923 0.583696 0.077499 0.055964
0 0.786100 0.570019 0.066541 0.045373
0 0.735394 0.536400 0.058803 0.045687
0 0.145541 0.557472 0.050921 0.052666
0 0.125785 0.456822 0.047571 0.031444
0 0.604607 0.400905 0.040698 0.022552
0 0.726495 0.401506 0.034215 0.015776
0 0.128183 0.475489 0.054196 0.037770
0 0.219592 0.437345 0.045804 0.030361
0 0.263092 0.448204 0.047181 0.026428
0 0.651462 0.600440 0.073799 0.049097
0 0.201410 0.759740 0.101317 0.079957
