0 0.092087 0.618622 0.062073 0.064184
0 0.351956 0.531509 0.060314 0.064184
0 0.671885 0.567512 0.074885 0.054714
0 0.748792 0.544478 0.059926 0.050007
0 0.619145 0.545921 0.061686 0.048401
0 0.695571 0.528232 0.060271 0.040268
0 0.762729 0.491899 0.049349 0.039382
0 0.800603 0.528191 0.059926 0.046296
0 0.116992 0.461657 0.062112 0.046296
0 0.250620 0.471840 0.060450 0.063052
0 0.928096 0.525221 0.053406 0.039983
0 0.836144 0.506386 0.059926 0.039983
0 0.403782 0.419106 0.053766 0.031566
0 0.509045 0.410673 0.045846 0.033403
0 0.902292 0.467365 0.037047 0.039983
0 0.865903 0.433748 0.035276 0.031566
0 0.789132 0.440878 0.038520 0.032618
0 0.826674 0.442818 0.041446 0.032618
0 0.678473 0.414202 0.044059 0.023382
0 0.567659 0.404776 0.041615 0.027766
