0 0.791854 0.437760 0.028274 0.025400
0 0.833819 0.435007 0.030785 0.027122
0 0.863574 0.449173 0.023097 0.030964
0 0.855784 0.429874 0.027394 0.024722
0 0.244486 0.549526 0.039457 0.051715
0 0.664416 0.510738 0.064095 0.038069
0 0.399681 0.551848 0.076379 0.049536
0 0.225634 0.504182 0.035464 0.042164
0 0.842917 0.472268 0.037142 0.028974
0 0.281785 0.449066 0.043772 0.033361
0 0.883104 0.468336 0.025724 0.031875
0 0.792423 0.476094 0.039838 0.030356
0 0.068475 0.621426 0.057150 0.070483
0 0.338371 0.430011 0.042690 0.025539
0 0.822570 0.487839 0.041399 0.028290
0 0.897278 0.559133 0.030047 0.038427
0 0.438757 0.407082 0.042382 0.022507
0 0.502844 0.412009 0.048578 0.025132
0 0.490723 0.396498 0.042996 0.019881
0 0.558402 0.410383 0.044241 0.023451
0 0.618694 0.408356 0.042377 0.024695
0 0.575252 0.397984 0.039236 0.017198
0 0.521710 0.396922 0.036053 0.021403
0 0.938879 0.493408 0.050403 0.027597
0 0.924195 0.519518 0.050630 0.031822
0 0.788462 0.502239 0.049675 0.032393
0 0.842929 0.524714 0.052992 0.034090
0 0.963677 0.524221 0.060521 0.043310
0 0.687120 0.411055 0.041854 0.019068
0 0.740077 0.413615 0.042639 0.019068
0 0.318996 0.420499 0.046805 0.019364
0 0.675183 0.550040 0.074903 0.041394
0 0.760327 0.525746 0.066231 0.041164
0 0.869812 0.548445 0.066790 0.036257
0 0.019617 0.484952 0.039235 0.037216
0 0.132113 0.457424 0.053013 0.037989
0 0.783872 0.414892 0.035031 0.018443
0 0.698686 0.396630 0.044704 0.023132
0 0.101020 0.561996 0.042986 0.048942
0 0.843367 0.411760 0.045227 0.027195
0 0.243977 0.448173 0.038691 0.031930
0 0.640922 0.582759 0.065213 0.046098
0 0.738770 0.510556 0.054107 0.038479
0 0.186890 0.493384 0.040889 0.043026
0 0.089267 0.655951 0.077130 0.081136
0 0.141289 0.574782 0.045399 0.060059
