0 0.431435 0.415570 0.026810 0.029947
0 0.283771 0.376506 0.110754 0.044187
0 0.383110 0.397202 0.041911 0.029475
0 0.369355 0.488559 0.060060 0.030449
0 0.388580 0.501325 0.050878 0.038059
0 0.317115 0.534299 0.072664 0.042997
0 0.681140 0.416425 0.044886 0.026888
0 0.429549 0.445926 0.028872 0.028695
0 0.359882 0.543524 0.059714 0.044792
0 0.302438 0.511541 0.052735 0.032987
0 0.127514 0.430475 0.046031 0.027908
0 0.459561 0.476984 0.041109 0.034445
0 0.414591 0.513618 0.046947 0.036688
0 0.222174 0.570335 0.078829 0.048995
0 0.292591 0.577010 0.068080 0.048609
0 0.186186 0.417668 0.046601 0.028133
0 0.221927 0.535592 0.074556 0.040641
0 0.237170 0.408408 0.043905 0.025507
0 0.025965 0.439898 0.049389 0.035472
0 0.643889 0.416626 0.036084 0.029989
0 0.545954 0.468007 0.042910 0.031932
0 0.467333 0.516292 0.057192 0.044541
0 0.123666 0.588811 0.035670 0.047264
0 0.329232 0.603092 0.067166 0.060768
0 0.149957 0.727138 0.086222 0.073958
