0 0.695633 0.517674 0.051746 0.037347
0 0.850575 0.479357 0.034192 0.032500
0 0.712525 0.401083 0.039959 0.024592
0 0.854348 0.526090 0.026917 0.041870
0 0.658510 0.531067 0.031142 0.034394
0 0.272384 0.429911 0.044988 0.031968
0 0.116375 0.599265 0.064295 0.063690
0 0.186134 0.511054 0.042204 0.057398
0 0.281185 0.471596 0.037836 0.038734
0 0.535842 0.548527 0.028613 0.040962
0 0.822809 0.435080 0.031446 0.031556
0 0.788848 0.404594 0.027069 0.025083
0 0.776331 0.481032 0.040968 0.034052
0 0.762549 0.439523 0.028893 0.033274
0 0.837103 0.415486 0.031327 0.024892
0 0.486368 0.411827 0.045846 0.027642
0 0.817876 0.397372 0.031942 0.023905
0 0.664548 0.412272 0.044059 0.023382
0 0.561563 0.405317 0.041615 0.027766
