0 0.797471 0.441018 0.027600 0.025400
0 0.837485 0.444488 0.030785 0.027122
0 0.865038 0.451744 0.026715 0.033651
0 0.857289 0.431991 0.027394 0.024722
0 0.286758 0.457986 0.032256 0.032825
0 0.326452 0.501018 0.051656 0.048883
0 0.251095 0.478270 0.029175 0.035833
0 0.343000 0.431483 0.037018 0.024757
0 0.415930 0.420402 0.043300 0.027500
0 0.261220 0.505627 0.041990 0.045451
0 0.803534 0.465398 0.029475 0.030056
0 0.493900 0.410130 0.037277 0.025778
0 0.164532 0.507402 0.041082 0.042255
0 0.832090 0.481899 0.050080 0.030578
0 0.934534 0.517121 0.057331 0.036555
0 0.926926 0.490873 0.054306 0.031411
0 0.375429 0.399371 0.039528 0.019619
0 0.266695 0.423898 0.039900 0.029490
0 0.568613 0.411195 0.040957 0.021360
0 0.853188 0.528300 0.059970 0.043518
0 0.777105 0.515825 0.068929 0.041412
0 0.708564 0.553173 0.069505 0.045913
0 0.610895 0.537803 0.066265 0.036445
0 0.576785 0.517884 0.062801 0.036191
0 0.651497 0.413674 0.046743 0.024757
0 0.282918 0.433213 0.049147 0.035560
0 0.598732 0.564245 0.077947 0.043138
0 0.216504 0.448734 0.050982 0.031764
0 0.530176 0.404174 0.039868 0.020839
0 0.725853 0.406957 0.045532 0.027352
0 0.786823 0.412542 0.039432 0.024226
0 0.477886 0.565514 0.079709 0.049003
0 0.454244 0.529111 0.071556 0.039669
0 0.316838 0.592716 0.071920 0.041262
0 0.300331 0.551968 0.071526 0.042763
0 0.199594 0.538470 0.066677 0.036299
0 0.227466 0.584725 0.035778 0.043429
0 0.147676 0.455598 0.047511 0.029451
0 0.682265 0.605286 0.031622 0.043753
0 0.855937 0.413527 0.042664 0.020220
0 0.826127 0.398031 0.049235 0.020579
0 0.626362 0.399937 0.041392 0.021621
0 0.043980 0.580105 0.076345 0.041052
0 0.080852 0.557553 0.071938 0.044290
0 0.372478 0.418595 0.038106 0.026633
0 0.207385 0.505387 0.045256 0.049155
0 0.199311 0.476140 0.047717 0.035485
