0 0.754951 0.418806 0.034272 0.025400
0 0.769660 0.465641 0.034025 0.038069
0 0.798866 0.404707 0.028428 0.024380
0 0.802358 0.456012 0.024371 0.027415
0 0.808569 0.420458 0.029348 0.028290
0 0.827830 0.444968 0.026812 0.030389
0 0.135498 0.593942 0.061442 0.062795
0 0.276331 0.451809 0.046484 0.032312
0 0.339389 0.431912 0.039955 0.024973
0 0.405608 0.418408 0.051603 0.028864
0 0.837489 0.412231 0.028670 0.026966
0 0.825494 0.471406 0.036874 0.031991
0 0.849429 0.497226 0.040792 0.034173
0 0.867175 0.450488 0.027843 0.030713
0 0.789197 0.504338 0.047354 0.035210
0 0.486100 0.417163 0.043849 0.021061
0 0.556201 0.410352 0.041729 0.026283
0 0.896220 0.481025 0.034795 0.034215
0 0.629823 0.411267 0.039224 0.020438
0 0.684637 0.522147 0.061151 0.030931
0 0.139139 0.465753 0.052987 0.039096
0 0.031429 0.479891 0.055553 0.035938
0 0.224237 0.473944 0.043226 0.049413
0 0.782704 0.544373 0.060696 0.038230
0 0.957906 0.499797 0.055468 0.036951
0 0.232734 0.431648 0.050120 0.028252
