0 0.426216 0.407649 0.026262 0.019370
0 0.385762 0.402523 0.035590 0.021811
0 0.431173 0.394565 0.029831 0.020859
0 0.473475 0.400858 0.025061 0.024105
0 0.426634 0.428844 0.027638 0.025587
0 0.456625 0.425264 0.026518 0.025096
0 0.447822 0.450109 0.033511 0.027831
0 0.416765 0.468922 0.052780 0.033776
0 0.510601 0.418089 0.027912 0.031314
0 0.482251 0.430843 0.024121 0.023617
0 0.047815 0.452314 0.045487 0.027378
0 0.359851 0.489230 0.059961 0.032693
0 0.115973 0.437113 0.036497 0.022411
0 0.481227 0.455332 0.037872 0.028859
0 0.179947 0.422701 0.038985 0.025630
0 0.767847 0.369428 0.032014 0.019284
0 0.288609 0.514445 0.060461 0.035873
0 0.323510 0.397359 0.044283 0.030657
0 0.678490 0.400669 0.037229 0.028215
0 0.813637 0.359700 0.026703 0.019061
0 0.036344 0.441990 0.048265 0.020746
0 0.591554 0.435241 0.048319 0.024994
0 0.773296 0.382539 0.027901 0.021578
0 0.651066 0.428099 0.042488 0.029554
0 0.722964 0.400539 0.028802 0.022979
0 0.601787 0.451744 0.046598 0.035368
0 0.500117 0.471615 0.052570 0.034720
0 0.054858 0.416730 0.060774 0.038496
0 0.110178 0.424861 0.040969 0.021624
0 0.405088 0.384774 0.042123 0.020896
0 0.427161 0.508156 0.054625 0.039106
0 0.476084 0.374392 0.036103 0.023757
0 0.257783 0.573270 0.243282 0.120223
0 0.210954 0.395552 0.041305 0.021881
0 0.112439 0.560645 0.071946 0.047318
0 0.052693 0.644066 0.091002 0.057204
