0 0.801880 0.445923 0.025421 0.031713
0 0.833816 0.451458 0.030785 0.027122
0 0.839816 0.482859 0.044685 0.033083
0 0.866151 0.440172 0.032724 0.028488
0 0.623708 0.413513 0.040896 0.026064
0 0.304523 0.491705 0.044895 0.048399
0 0.244274 0.475040 0.028614 0.034761
0 0.711101 0.416775 0.037018 0.024757
0 0.785899 0.415329 0.043300 0.027500
0 0.344651 0.429035 0.050382 0.029043
0 0.723855 0.506367 0.063173 0.031787
0 0.890585 0.525132 0.051565 0.036722
0 0.777799 0.523443 0.066806 0.034499
0 0.613880 0.540037 0.071903 0.043811
0 0.691848 0.395471 0.037274 0.019797
0 0.396927 0.544711 0.074141 0.039387
0 0.838108 0.414991 0.042585 0.025778
0 0.179715 0.491790 0.041082 0.036261
0 0.524517 0.531565 0.073183 0.039972
0 0.360349 0.570214 0.070994 0.046551
0 0.259290 0.538494 0.070271 0.038261
0 0.184706 0.579445 0.076232 0.044638
0 0.165845 0.552825 0.068075 0.034909
0 0.800147 0.394481 0.039528 0.017255
0 0.726646 0.390593 0.034421 0.018755
0 0.903905 0.414119 0.040957 0.021360
0 0.868612 0.406333 0.028167 0.019785
0 0.677165 0.606617 0.030764 0.041364
0 0.806109 0.546812 0.031667 0.035650
0 0.499144 0.668044 0.079719 0.067028
0 0.545545 0.410331 0.042534 0.027710
0 0.214798 0.497564 0.044438 0.046138
0 0.443515 0.401576 0.042940 0.024475
0 0.245691 0.452196 0.047245 0.033601
