0 0.790590 0.437026 0.028425 0.025400
0 0.832645 0.432684 0.030785 0.027122
0 0.861823 0.445713 0.023097 0.030964
0 0.855446 0.429398 0.027394 0.024722
0 0.033811 0.732932 0.067622 0.076336
0 0.673694 0.509369 0.064095 0.038069
0 0.654094 0.569876 0.076693 0.050149
0 0.133217 0.664048 0.069685 0.069208
0 0.844341 0.464755 0.037142 0.028974
0 0.242313 0.482716 0.036995 0.037605
0 0.883450 0.467470 0.025724 0.031875
0 0.793951 0.474106 0.039838 0.030356
0 0.284191 0.459815 0.036731 0.034130
0 0.826055 0.485488 0.041399 0.028290
0 0.272992 0.437657 0.044462 0.028872
0 0.395959 0.420034 0.048578 0.025132
0 0.325046 0.422927 0.047298 0.023376
0 0.455649 0.414305 0.044247 0.023451
0 0.517662 0.409602 0.042377 0.024695
0 0.794416 0.499552 0.049675 0.032393
0 0.624800 0.411066 0.041854 0.019068
0 0.693221 0.414122 0.042639 0.019068
0 0.118694 0.473653 0.065048 0.031881
0 0.856872 0.518270 0.056353 0.036460
0 0.749755 0.414873 0.035031 0.018443
0 0.825583 0.413673 0.045227 0.027195
0 0.205346 0.478423 0.038694 0.034376
0 0.795055 0.542331 0.050348 0.038706
0 0.742210 0.510055 0.054107 0.038479
0 0.171742 0.513974 0.043766 0.046392
0 0.293775 0.540923 0.066609 0.039457
0 0.405038 0.553397 0.076622 0.037704
0 0.175058 0.453660 0.051445 0.028871
0 0.248498 0.432004 0.044980 0.027243
