0 0.416120 0.410117 0.021655 0.031495
0 0.423673 0.453499 0.040690 0.035139
0 0.419695 0.389196 0.021515 0.022092
0 0.313123 0.374147 0.110754 0.044187
0 0.440155 0.426393 0.025624 0.029702
0 0.347195 0.493754 0.060060 0.032830
0 0.341226 0.519379 0.065263 0.038059
0 0.281127 0.553394 0.072664 0.049504
0 0.487038 0.389717 0.032837 0.040905
0 0.568048 0.468074 0.051377 0.034965
0 0.478005 0.415380 0.024114 0.030800
0 0.409195 0.482324 0.044869 0.032362
0 0.318272 0.567011 0.065587 0.048523
0 0.253731 0.525439 0.052735 0.032987
0 0.127514 0.430475 0.046031 0.027908
0 0.459005 0.476984 0.042220 0.034445
0 0.414591 0.513618 0.046947 0.036688
0 0.184088 0.587372 0.084451 0.056490
0 0.205189 0.627487 0.076284 0.055639
0 0.186186 0.417668 0.046601 0.028133
0 0.164442 0.559603 0.074556 0.043113
0 0.237170 0.408408 0.043905 0.025507
0 0.771831 0.373994 0.038597 0.029876
0 0.038443 0.433635 0.054122 0.034047
0 0.694498 0.404818 0.034734 0.026061
0 0.460246 0.527540 0.060907 0.044195
0 0.154420 0.716600 0.096668 0.081738
