0 0.792251 0.437990 0.028226 0.025400
0 0.834188 0.435736 0.030785 0.027122
0 0.863574 0.449173 0.023097 0.030964
0 0.855891 0.430024 0.027394 0.024722
0 0.268085 0.501453 0.032169 0.047171
0 0.655991 0.511746 0.064095 0.038069
0 0.334241 0.528732 0.063163 0.042574
0 0.246966 0.471002 0.032486 0.035791
0 0.041262 0.726180 0.082524 0.097012
0 0.842917 0.472268 0.037142 0.028974
0 0.295598 0.443927 0.043773 0.032581
0 0.882996 0.468607 0.025724 0.031875
0 0.792280 0.476488 0.039838 0.030356
0 0.095731 0.580889 0.045673 0.061990
0 0.355520 0.425485 0.042690 0.025539
0 0.821962 0.487692 0.041399 0.028290
0 0.896866 0.559297 0.030047 0.038427
0 0.027291 0.482927 0.054582 0.039381
0 0.426166 0.416467 0.042382 0.022507
0 0.511437 0.411723 0.048578 0.025132
0 0.469192 0.405717 0.042996 0.019881
0 0.569089 0.410426 0.044241 0.023451
0 0.630792 0.408079 0.042377 0.024695
0 0.590818 0.398416 0.039236 0.017198
0 0.541255 0.396924 0.036053 0.021403
0 0.965363 0.498515 0.061775 0.035771
0 0.851208 0.511883 0.059001 0.034554
0 0.862063 0.536172 0.059502 0.031822
0 0.786605 0.503051 0.049675 0.032393
0 0.740063 0.548644 0.061801 0.036779
0 0.952343 0.528027 0.060521 0.043310
0 0.692661 0.410036 0.041854 0.019068
0 0.744039 0.414127 0.042639 0.019068
0 0.358854 0.411734 0.046805 0.019364
0 0.600794 0.554345 0.074903 0.041394
0 0.671355 0.529836 0.070773 0.041840
0 0.815228 0.559386 0.072000 0.044313
0 0.107839 0.466224 0.056774 0.034887
0 0.209538 0.433489 0.053013 0.037989
0 0.795164 0.414797 0.035031 0.018443
0 0.717473 0.396599 0.044704 0.023132
0 0.122877 0.523156 0.039888 0.044796
0 0.852054 0.411382 0.045227 0.027195
0 0.758590 0.395962 0.037741 0.017193
0 0.293785 0.426971 0.038691 0.022396
0 0.737689 0.510714 0.054107 0.038479
0 0.217956 0.460167 0.044224 0.033828
0 0.141488 0.592381 0.057198 0.073696
0 0.159298 0.532327 0.038933 0.051793
