0 0.356696 0.386376 0.037116 0.027073
0 0.425924 0.403779 0.024057 0.031306
0 0.416054 0.445702 0.029390 0.031495
0 0.377297 0.485211 0.066639 0.039034
0 0.403499 0.387138 0.038660 0.026770
0 0.426902 0.427528 0.023367 0.028251
0 0.418557 0.364466 0.086388 0.037926
0 0.427613 0.465900 0.039015 0.036602
0 0.309264 0.506914 0.068104 0.034570
0 0.469026 0.413812 0.023329 0.027410
0 0.452975 0.398685 0.021005 0.026629
0 0.288442 0.534552 0.065263 0.038059
0 0.253779 0.570493 0.072664 0.049504
0 0.485863 0.433218 0.027168 0.023212
0 0.476644 0.381240 0.025214 0.023628
0 0.469684 0.465275 0.050088 0.048015
0 0.156676 0.607925 0.093220 0.053476
0 0.721333 0.397711 0.034685 0.026094
0 0.424863 0.504574 0.051083 0.037849
0 0.354782 0.519551 0.048610 0.028494
0 0.636912 0.434172 0.038543 0.028398
0 0.142402 0.661171 0.093469 0.062118
0 0.102899 0.431087 0.035075 0.025268
0 0.168897 0.546600 0.064035 0.040512
0 0.193284 0.414571 0.039738 0.027908
0 0.361556 0.544750 0.067772 0.044559
0 0.312811 0.588690 0.060531 0.047799
0 0.054983 0.674493 0.097622 0.058765
0 0.041370 0.729459 0.082739 0.079403
0 0.294244 0.389318 0.037149 0.028133
0 0.152984 0.725817 0.098975 0.076717
