0 0.777527 0.431118 0.022208 0.030373
0 0.788814 0.417201 0.024371 0.030227
0 0.141695 0.581432 0.056757 0.054684
0 0.224364 0.545852 0.042069 0.048276
0 0.278195 0.450501 0.041411 0.047643
0 0.812056 0.412840 0.024139 0.029501
0 0.840993 0.445512 0.028575 0.031478
0 0.816980 0.460924 0.026681 0.033471
0 0.405949 0.421026 0.043849 0.023159
0 0.459182 0.414823 0.041729 0.026283
0 0.839692 0.415017 0.028603 0.026112
0 0.514960 0.404698 0.041667 0.020438
0 0.779790 0.456506 0.030307 0.034815
0 0.888122 0.471191 0.031551 0.035148
0 0.875602 0.441833 0.037417 0.032360
0 0.760573 0.516166 0.048820 0.039448
0 0.060655 0.479515 0.051818 0.036538
0 0.555268 0.581402 0.069088 0.055650
0 0.150227 0.460401 0.056467 0.035019
0 0.696465 0.412116 0.035069 0.023962
0 0.346801 0.665628 0.090994 0.065750
0 0.625165 0.581837 0.065692 0.054193
0 0.209146 0.483159 0.040796 0.036524
0 0.211259 0.433418 0.047571 0.031444
0 0.402123 0.702581 0.100991 0.071421
