0 0.797250 0.440890 0.027626 0.025400
0 0.837560 0.444234 0.030785 0.027122
0 0.864930 0.451554 0.026448 0.033453
0 0.857230 0.431908 0.027394 0.024722
0 0.285015 0.459679 0.032256 0.032825
0 0.328770 0.501982 0.052989 0.048883
0 0.251422 0.478649 0.029925 0.036028
0 0.320214 0.435628 0.037018 0.024757
0 0.386408 0.422370 0.044020 0.030315
0 0.260157 0.506977 0.042188 0.045686
0 0.803534 0.465398 0.029475 0.030056
0 0.464391 0.411896 0.037277 0.025778
0 0.164237 0.507666 0.041082 0.042255
0 0.838857 0.475880 0.041994 0.029576
0 0.977065 0.508118 0.045870 0.036555
0 0.978798 0.483848 0.042405 0.030876
0 0.326462 0.409022 0.039528 0.019619
0 0.208883 0.436376 0.039900 0.029490
0 0.536513 0.411187 0.040957 0.021360
0 0.896290 0.522906 0.060817 0.037231
0 0.839110 0.506055 0.062341 0.039022
0 0.764152 0.545955 0.064042 0.040579
0 0.669889 0.529833 0.062793 0.033858
0 0.641058 0.511127 0.057084 0.034419
0 0.620074 0.413213 0.046743 0.024757
0 0.244282 0.440320 0.049147 0.035560
0 0.670658 0.556710 0.073222 0.043138
0 0.186408 0.462940 0.042818 0.029411
0 0.498654 0.404823 0.033186 0.019558
0 0.696555 0.406051 0.042523 0.026588
0 0.753014 0.414089 0.039432 0.024226
0 0.559652 0.559653 0.079709 0.049003
0 0.521463 0.525843 0.071556 0.039669
0 0.423699 0.588125 0.071920 0.041262
0 0.392148 0.549645 0.071526 0.042763
0 0.278717 0.542764 0.066677 0.036299
0 0.340696 0.576002 0.035778 0.043429
0 0.073598 0.473892 0.051221 0.031313
0 0.697759 0.597940 0.031622 0.043753
0 0.820101 0.413653 0.040780 0.022953
0 0.791436 0.397796 0.049235 0.020579
0 0.589390 0.399605 0.041392 0.024191
0 0.121059 0.580105 0.076345 0.041052
0 0.151683 0.553246 0.068758 0.045298
0 0.092565 0.533733 0.072731 0.038351
0 0.206745 0.506076 0.045333 0.049438
0 0.198822 0.476464 0.047772 0.035703
