0 0.401074 0.405068 0.030577 0.028141
0 0.431340 0.392041 0.029898 0.025441
0 0.072148 0.447856 0.048564 0.028261
0 0.403496 0.469849 0.046044 0.035332
0 0.192353 0.423653 0.049507 0.024876
0 0.303318 0.503689 0.068254 0.038671
0 0.467376 0.391794 0.033875 0.028893
0 0.254152 0.412635 0.040134 0.022893
0 0.225580 0.525927 0.079298 0.049980
0 0.432867 0.432433 0.025832 0.029408
0 0.478375 0.416735 0.034237 0.029244
0 0.578033 0.434213 0.042233 0.030697
0 0.465917 0.443470 0.032378 0.035391
0 0.352268 0.511240 0.067447 0.029834
0 0.433903 0.517541 0.129237 0.116201
0 0.234596 0.588203 0.076724 0.048252
0 0.125152 0.554763 0.073183 0.049262
0 0.337729 0.542248 0.057127 0.042489
0 0.152121 0.721462 0.101979 0.081663
0 0.136475 0.429964 0.049006 0.026474
