0 0.802791 0.445453 0.023486 0.034031
0 0.790829 0.486318 0.047675 0.030486
0 0.839312 0.510105 0.066585 0.038649
0 0.614966 0.533933 0.073179 0.048614
0 0.708120 0.511529 0.061344 0.038243
0 0.759407 0.417869 0.039031 0.023639
0 0.793902 0.405922 0.041943 0.021408
0 0.318553 0.437909 0.046080 0.036947
0 0.851081 0.409323 0.035754 0.025403
0 0.269480 0.448535 0.035473 0.030440
0 0.507202 0.558501 0.079715 0.044077
0 0.819014 0.416491 0.037018 0.024757
0 0.884141 0.415505 0.039841 0.027130
0 0.503568 0.412021 0.046410 0.026258
0 0.320841 0.524000 0.068703 0.036761
0 0.345310 0.576665 0.065566 0.038261
0 0.256686 0.554721 0.072467 0.037511
0 0.732923 0.556833 0.035646 0.035469
0 0.121828 0.571765 0.071903 0.041561
0 0.825746 0.399266 0.033789 0.019797
0 0.077589 0.537919 0.073183 0.039972
0 0.105982 0.870278 0.062838 0.069140
0 0.224149 0.595185 0.035236 0.039425
0 0.560302 0.401051 0.040695 0.026998
0 0.451997 0.409392 0.044027 0.026535
0 0.691454 0.415105 0.044237 0.030197
0 0.239643 0.474615 0.044060 0.044445
0 0.624732 0.407721 0.043612 0.023382
0 0.388808 0.420709 0.046578 0.030749
