0 0.354433 0.386569 0.037116 0.027073
0 0.426119 0.403196 0.024057 0.031306
0 0.415758 0.444474 0.029300 0.031495
0 0.379224 0.484141 0.066639 0.039034
0 0.401052 0.386779 0.038660 0.026770
0 0.427786 0.426025 0.023337 0.028178
0 0.417860 0.364270 0.087209 0.037926
0 0.428281 0.464367 0.039015 0.036602
0 0.311680 0.506291 0.067161 0.034570
0 0.470946 0.410904 0.023329 0.027410
0 0.452347 0.396802 0.020887 0.026001
0 0.289894 0.533844 0.065263 0.038059
0 0.254880 0.570190 0.072664 0.049504
0 0.492255 0.421564 0.027210 0.023420
0 0.481696 0.451905 0.049000 0.047570
0 0.167148 0.608312 0.093220 0.053476
0 0.721333 0.397711 0.034685 0.026094
0 0.441856 0.493259 0.051083 0.037849
0 0.354944 0.520031 0.050063 0.029647
0 0.681620 0.414187 0.035168 0.027557
0 0.143203 0.661401 0.091216 0.062118
0 0.076020 0.437464 0.035075 0.025268
0 0.205313 0.538307 0.059797 0.040512
0 0.161072 0.422223 0.039738 0.027908
0 0.373111 0.536885 0.067772 0.044559
0 0.317339 0.582575 0.060494 0.047431
0 0.059800 0.668806 0.097622 0.058357
0 0.042714 0.728703 0.085428 0.079403
0 0.267365 0.397225 0.037149 0.028133
0 0.063070 0.606996 0.082105 0.060318
0 0.166543 0.715797 0.092945 0.075117
0 0.059710 0.800668 0.108295 0.100716
