0 0.306030 0.394977 0.042429 0.021811
0 0.409288 0.377732 0.023458 0.026567
0 0.410091 0.411467 0.028936 0.030699
0 0.440921 0.398211 0.031165 0.026112
0 0.090367 0.443381 0.047980 0.028077
0 0.387768 0.478824 0.053089 0.037158
0 0.204113 0.421281 0.049507 0.024876
0 0.290127 0.506046 0.070035 0.038429
0 0.473101 0.394661 0.033875 0.028893
0 0.259225 0.411363 0.040134 0.022893
0 0.206872 0.531107 0.081478 0.051018
0 0.430796 0.441883 0.028342 0.029408
0 0.768390 0.381428 0.028148 0.019423
0 0.486158 0.421929 0.034237 0.029244
0 0.573342 0.436117 0.042233 0.030697
0 0.460131 0.453969 0.038727 0.036908
0 0.335029 0.518587 0.071163 0.027944
0 0.398944 0.548029 0.143501 0.132958
0 0.203653 0.605334 0.077989 0.049516
0 0.099268 0.556515 0.073183 0.049262
0 0.081682 0.773329 0.116651 0.097472
0 0.151614 0.426213 0.048438 0.024730
