0 0.554705 0.570589 0.057022 0.051768
0 0.288365 0.447255 0.050659 0.032495
0 0.410454 0.407179 0.034433 0.029226
0 0.033792 0.667250 0.067584 0.070861
0 0.393465 0.543840 0.064806 0.063453
0 0.684718 0.563996 0.074885 0.054714
0 0.761312 0.541358 0.059926 0.048262
0 0.630641 0.540486 0.061686 0.048401
0 0.705068 0.523492 0.058398 0.041264
0 0.775422 0.479874 0.040462 0.034420
0 0.816390 0.523244 0.059534 0.046296
0 0.036123 0.477708 0.063777 0.043242
0 0.230837 0.492736 0.064313 0.068621
0 0.976476 0.505812 0.047047 0.039983
0 0.871807 0.499624 0.059680 0.039983
0 0.376130 0.420385 0.053766 0.031566
0 0.507857 0.410616 0.045846 0.032470
0 0.892069 0.456740 0.037047 0.039983
0 0.862835 0.430049 0.035276 0.031566
0 0.781449 0.433891 0.034865 0.032618
0 0.820589 0.439134 0.041446 0.032618
0 0.676690 0.413978 0.044059 0.023382
0 0.567291 0.404809 0.041615 0.027766
