0 0.795780 0.440037 0.027803 0.025400
0 0.837463 0.442219 0.030785 0.027122
0 0.864209 0.450287 0.024665 0.032129
0 0.856836 0.431354 0.027394 0.024722
0 0.281378 0.468093 0.031677 0.036271
0 0.344226 0.508413 0.061874 0.048883
0 0.253605 0.481169 0.034925 0.037332
0 0.265267 0.452874 0.029750 0.028092
0 0.129536 0.472170 0.055008 0.039821
0 0.253074 0.515973 0.043502 0.047252
0 0.330496 0.428075 0.043077 0.029909
0 0.162271 0.509429 0.041082 0.042255
0 0.842917 0.472268 0.037142 0.028974
0 0.394473 0.421602 0.043780 0.026589
0 0.883620 0.476202 0.035447 0.032193
0 0.789959 0.478396 0.039838 0.030356
0 0.457020 0.416990 0.046743 0.024757
0 0.142028 0.492474 0.042083 0.037612
0 0.495655 0.404662 0.041155 0.026241
0 0.546224 0.413611 0.039432 0.024226
0 0.914494 0.508786 0.061285 0.035904
0 0.790254 0.495717 0.058696 0.030471
0 0.939114 0.535528 0.050044 0.036741
0 0.833455 0.513096 0.061864 0.038857
0 0.747077 0.518590 0.065088 0.036299
0 0.873476 0.537178 0.028097 0.036920
0 0.725019 0.580444 0.031622 0.043753
0 0.615644 0.409961 0.040780 0.024851
0 0.632071 0.392884 0.042949 0.020579
0 0.363672 0.414061 0.034260 0.032463
0 0.717696 0.568889 0.075864 0.041052
0 0.619466 0.526165 0.060191 0.035956
0 0.610597 0.556819 0.068025 0.041052
0 0.693665 0.412551 0.042382 0.022507
0 0.801108 0.414728 0.048578 0.025132
0 0.559202 0.397679 0.047088 0.023733
0 0.442814 0.403146 0.047370 0.018762
0 0.742974 0.404517 0.041441 0.019881
0 0.722402 0.381769 0.039245 0.019881
0 0.090908 0.469310 0.052994 0.036665
0 0.404620 0.536857 0.113564 0.062268
0 0.336732 0.581006 0.081261 0.046525
0 0.307176 0.418095 0.044086 0.022227
0 0.280739 0.539928 0.061801 0.035077
0 0.260667 0.442263 0.046412 0.030205
0 0.201052 0.560176 0.066193 0.047639
0 0.864792 0.415596 0.046643 0.020058
0 0.201965 0.443397 0.045089 0.030692
0 0.091775 0.580604 0.062749 0.039762
0 0.527729 0.518671 0.068711 0.037239
0 0.397979 0.701193 0.100505 0.077138
0 0.824307 0.393706 0.037493 0.022663
0 0.202484 0.510669 0.045844 0.051324
0 0.195563 0.478627 0.048135 0.037152
