0 0.688616 0.519410 0.052941 0.038376
0 0.800152 0.513912 0.049233 0.035811
0 0.631370 0.390023 0.038816 0.023680
0 0.761387 0.416775 0.039959 0.021928
0 0.572467 0.536984 0.029265 0.042336
0 0.423187 0.515775 0.029820 0.035156
0 0.310370 0.419715 0.041485 0.031968
0 0.192919 0.488145 0.031537 0.043859
0 0.365079 0.528044 0.027257 0.040962
0 0.229517 0.792322 0.127408 0.094478
0 0.838922 0.466053 0.032267 0.038079
0 0.817184 0.429011 0.031146 0.027302
0 0.757147 0.496379 0.048508 0.034052
0 0.768180 0.446490 0.028893 0.033274
0 0.846328 0.423620 0.034629 0.026272
0 0.490604 0.411337 0.045846 0.027237
0 0.823977 0.402009 0.031942 0.025846
0 0.665708 0.412461 0.044059 0.023382
0 0.562587 0.405226 0.041615 0.027766
