0 0.794015 0.439014 0.028015 0.025400
0 0.835825 0.438977 0.030785 0.027122
0 0.863574 0.449173 0.023097 0.030964
0 0.856363 0.430689 0.027394 0.024722
0 0.277960 0.477848 0.030914 0.040815
0 0.559377 0.512047 0.064095 0.041962
0 0.256224 0.484194 0.040925 0.038896
0 0.262473 0.454785 0.026842 0.029425
0 0.244574 0.526769 0.045080 0.049130
0 0.100453 0.474877 0.051503 0.040729
0 0.159912 0.511544 0.041082 0.042255
0 0.842917 0.472268 0.037142 0.028974
0 0.301853 0.438316 0.043779 0.027656
0 0.882513 0.469815 0.025724 0.031875
0 0.791642 0.478241 0.039838 0.030356
0 0.348753 0.430172 0.051713 0.024757
0 0.138125 0.497969 0.042083 0.037612
0 0.406591 0.420887 0.042690 0.025539
0 0.819262 0.487037 0.041399 0.028290
0 0.820104 0.559673 0.030047 0.038427
0 0.346649 0.407790 0.043597 0.025515
0 0.485650 0.411838 0.042382 0.022507
0 0.594248 0.410987 0.048578 0.025132
0 0.189968 0.448242 0.053735 0.030274
0 0.534167 0.401455 0.038025 0.019881
0 0.967498 0.485280 0.064251 0.054324
0 0.951335 0.517155 0.064530 0.041138
0 0.891960 0.500913 0.050076 0.032375
0 0.824854 0.528298 0.059403 0.039099
0 0.663852 0.411749 0.044558 0.023451
0 0.708511 0.542821 0.065165 0.038148
0 0.750831 0.568196 0.073378 0.055244
0 0.596009 0.543233 0.067122 0.038258
0 0.726895 0.411464 0.042377 0.024695
0 0.739257 0.394592 0.039236 0.017701
0 0.683636 0.398173 0.036053 0.021403
0 0.527175 0.576317 0.080289 0.042792
0 0.424816 0.549740 0.073481 0.041052
0 0.642154 0.515434 0.064599 0.041856
0 0.398463 0.582114 0.072154 0.039387
0 0.708480 0.509746 0.060533 0.035650
0 0.750553 0.495031 0.044271 0.036191
0 0.206733 0.583706 0.069765 0.041592
0 0.669164 0.595448 0.075441 0.060781
0 0.803711 0.412795 0.041854 0.019068
0 0.877114 0.414750 0.042639 0.019068
0 0.836622 0.395987 0.036364 0.019381
0 0.459714 0.403685 0.046805 0.019364
0 0.197370 0.516181 0.046457 0.053587
0 0.191651 0.481223 0.048571 0.038891
