0 0.793824 0.438903 0.028037 0.025400
0 0.835648 0.438626 0.030785 0.027122
0 0.863574 0.449173 0.023097 0.030964
0 0.856312 0.430617 0.027394 0.024722
0 0.277589 0.478905 0.030831 0.041307
0 0.572124 0.511098 0.064095 0.040594
0 0.256508 0.484522 0.041575 0.039065
0 0.262154 0.454900 0.026842 0.029425
0 0.243653 0.527939 0.045251 0.049334
0 0.047479 0.485605 0.053457 0.040729
0 0.159657 0.511773 0.041082 0.042255
0 0.842917 0.472268 0.037142 0.028974
0 0.302239 0.438835 0.043778 0.028190
0 0.882565 0.469684 0.025724 0.031875
0 0.791711 0.478051 0.039838 0.030356
0 0.348753 0.430172 0.051713 0.024757
0 0.137627 0.498613 0.042083 0.037612
0 0.403072 0.421913 0.042690 0.025539
0 0.819554 0.487108 0.041399 0.028290
0 0.838193 0.560855 0.030047 0.038427
0 0.316062 0.412300 0.043597 0.027711
0 0.470846 0.412993 0.042382 0.022507
0 0.574599 0.410401 0.048578 0.025132
0 0.153779 0.456407 0.056804 0.032961
0 0.527926 0.401517 0.038025 0.019881
0 0.942206 0.493981 0.049529 0.032375
0 0.876793 0.519836 0.058175 0.039099
0 0.643958 0.411341 0.044241 0.023451
0 0.768141 0.533546 0.062523 0.037072
0 0.775201 0.561769 0.070086 0.053399
0 0.652970 0.539158 0.064468 0.037561
0 0.708400 0.410341 0.042377 0.024695
0 0.714197 0.395261 0.039236 0.017198
0 0.656718 0.397155 0.036053 0.021403
0 0.582360 0.570275 0.080289 0.041716
0 0.483044 0.546758 0.070265 0.041052
0 0.655353 0.514725 0.064599 0.041856
0 0.459986 0.578630 0.072154 0.039387
0 0.719603 0.508859 0.060533 0.035650
0 0.750553 0.495031 0.044271 0.036191
0 0.281791 0.582536 0.072576 0.041592
0 0.694133 0.589316 0.075441 0.056971
0 0.782785 0.412310 0.041854 0.019068
0 0.855203 0.414111 0.042639 0.019068
0 0.806801 0.394329 0.036364 0.019381
0 0.441820 0.404608 0.046805 0.019364
0 0.253059 0.437794 0.046643 0.031520
0 0.063390 0.569050 0.076420 0.037361
0 0.065837 0.538441 0.070773 0.033760
0 0.402402 0.399364 0.041828 0.020318
0 0.093619 0.851823 0.128371 0.094528
0 0.196816 0.516778 0.046524 0.053832
0 0.191227 0.481504 0.048618 0.039079
