0 0.806416 0.452276 0.021942 0.034031
0 0.832380 0.445412 0.029295 0.027382
0 0.752896 0.502318 0.057788 0.038579
0 0.682304 0.522143 0.073183 0.039540
0 0.471844 0.542778 0.073179 0.048614
0 0.534214 0.523082 0.067762 0.038243
0 0.782692 0.418224 0.039031 0.022023
0 0.819480 0.405180 0.040894 0.020530
0 0.363102 0.427204 0.046080 0.036947
0 0.865442 0.406887 0.035364 0.019935
0 0.306550 0.433252 0.046007 0.031778
0 0.301463 0.566776 0.079715 0.044077
0 0.853390 0.418326 0.037018 0.024757
0 0.916439 0.413852 0.039841 0.028989
0 0.550059 0.408986 0.046410 0.026258
0 0.141184 0.531900 0.068703 0.036761
0 0.165591 0.579763 0.065566 0.038261
0 0.088203 0.556679 0.072467 0.037511
0 0.070054 0.589511 0.035236 0.042781
0 0.506063 0.404620 0.045040 0.029869
0 0.701855 0.416745 0.044237 0.030197
0 0.267726 0.455174 0.047715 0.040495
0 0.652921 0.410376 0.044059 0.023382
0 0.436096 0.414742 0.045551 0.027766
