0 0.770826 0.452674 0.031151 0.033190
0 0.801986 0.442193 0.024371 0.027415
0 0.794915 0.404380 0.029351 0.022919
0 0.816718 0.420847 0.024304 0.029964
0 0.216935 0.491492 0.041531 0.039918
0 0.286047 0.457459 0.036123 0.031551
0 0.352481 0.424818 0.051603 0.028864
0 0.831586 0.448622 0.033293 0.031991
0 0.857319 0.475947 0.029087 0.034173
0 0.840872 0.418927 0.025930 0.028431
0 0.812326 0.490331 0.039125 0.033622
0 0.426372 0.422329 0.043849 0.021061
0 0.489610 0.411941 0.041729 0.026283
0 0.874567 0.449610 0.034795 0.034215
0 0.554373 0.411549 0.039224 0.020438
0 0.761672 0.490633 0.042905 0.037620
0 0.169056 0.541044 0.055715 0.062750
0 0.875921 0.504044 0.043675 0.035148
0 0.922606 0.473014 0.051169 0.036951
0 0.751070 0.549242 0.027276 0.038204
0 0.652971 0.564544 0.063551 0.043841
0 0.089989 0.468378 0.058365 0.040612
0 0.178202 0.446484 0.050966 0.031968
0 0.289976 0.684249 0.105855 0.067554
0 0.237257 0.434221 0.045025 0.032982
0 0.735417 0.426378 0.035069 0.023962
0 0.188822 0.817374 0.120160 0.101865
0 0.355811 0.709349 0.090064 0.082828
