0 0.650562 0.520858 0.054105 0.044779
0 0.053901 0.652622 0.078914 0.078403
0 0.209717 0.501592 0.051670 0.055043
0 0.495194 0.621940 0.081233 0.060833
0 0.789338 0.395513 0.035010 0.026217
0 0.636097 0.391245 0.038816 0.023680
0 0.812165 0.441175 0.041465 0.029952
0 0.669196 0.599497 0.074797 0.059009
0 0.839252 0.546866 0.068543 0.048922
0 0.806750 0.512825 0.052132 0.043692
0 0.853750 0.484036 0.029951 0.036462
0 0.720916 0.510373 0.061686 0.039361
0 0.766119 0.479075 0.034794 0.036451
0 0.692708 0.399663 0.033210 0.021970
0 0.883160 0.457571 0.034378 0.035714
0 0.168284 0.563527 0.067957 0.068709
0 0.498858 0.410384 0.045846 0.026448
0 0.852370 0.424572 0.037047 0.032384
0 0.758057 0.405681 0.027616 0.025152
0 0.781150 0.415769 0.040639 0.027693
0 0.667968 0.412830 0.044059 0.023382
0 0.564584 0.405049 0.041615 0.027766
