0 0.801183 0.445828 0.029212 0.034031
0 0.832878 0.455668 0.030785 0.027122
0 0.825264 0.492608 0.051705 0.037578
0 0.867748 0.447292 0.032724 0.028488
0 0.655959 0.414206 0.040896 0.026064
0 0.658215 0.399352 0.041683 0.016784
0 0.301133 0.488621 0.041673 0.047238
0 0.245640 0.473125 0.031108 0.033190
0 0.973910 0.508660 0.052180 0.039123
0 0.732018 0.417084 0.037018 0.024757
0 0.805665 0.415255 0.043300 0.027500
0 0.367004 0.424235 0.049862 0.026258
0 0.692608 0.509665 0.065935 0.030593
0 0.821558 0.535075 0.058031 0.038261
0 0.709285 0.531246 0.066806 0.034499
0 0.546094 0.546644 0.071903 0.043811
0 0.717080 0.395921 0.037274 0.019797
0 0.334304 0.551161 0.074141 0.039387
0 0.858401 0.415655 0.042585 0.025778
0 0.188383 0.484558 0.041453 0.036261
0 0.459200 0.530425 0.073183 0.039972
0 0.288779 0.572651 0.070994 0.046551
0 0.197419 0.539552 0.070271 0.038261
0 0.117461 0.579250 0.076232 0.044638
0 0.111053 0.549690 0.068075 0.031509
0 0.823389 0.394792 0.039528 0.017255
0 0.754579 0.391973 0.034421 0.018755
0 0.921195 0.414769 0.040957 0.021360
0 0.888157 0.408436 0.035769 0.021928
0 0.616679 0.628666 0.030764 0.043213
0 0.727256 0.560580 0.031667 0.035650
0 0.429639 0.697444 0.091765 0.080592
0 0.578432 0.412110 0.042066 0.024848
0 0.216224 0.496427 0.044438 0.046138
0 0.477071 0.402976 0.042940 0.024475
0 0.268529 0.446495 0.047245 0.033601
