0 0.795471 0.439858 0.027840 0.025400
0 0.837176 0.441651 0.030785 0.027122
0 0.864057 0.450021 0.024291 0.031851
0 0.856753 0.431237 0.027394 0.024722
0 0.280780 0.469800 0.031544 0.037066
0 0.347472 0.509763 0.063740 0.048883
0 0.254063 0.481699 0.035975 0.037605
0 0.264903 0.453913 0.026842 0.029425
0 0.034481 0.492805 0.057458 0.041671
0 0.251586 0.517863 0.043778 0.047581
0 0.307406 0.432323 0.043077 0.029909
0 0.161859 0.509799 0.041082 0.042255
0 0.842917 0.472268 0.037142 0.028974
0 0.371646 0.426242 0.043780 0.026589
0 0.882368 0.471640 0.027279 0.031926
0 0.790791 0.478396 0.039838 0.030356
0 0.431198 0.420254 0.046743 0.024757
0 0.141915 0.493060 0.042083 0.037612
0 0.462536 0.405544 0.041155 0.026241
0 0.513437 0.413794 0.039432 0.024226
0 0.981518 0.496383 0.036965 0.033784
0 0.810395 0.492218 0.052726 0.028639
0 0.902617 0.499933 0.053443 0.031401
0 0.817112 0.509106 0.062920 0.036299
0 0.938196 0.525350 0.025427 0.034801
0 0.726374 0.578729 0.031622 0.043753
0 0.574622 0.409778 0.040780 0.024851
0 0.582509 0.393796 0.042949 0.020579
0 0.815149 0.559384 0.075209 0.041052
0 0.677094 0.516421 0.055838 0.034917
0 0.731779 0.541344 0.062597 0.041052
0 0.656120 0.410378 0.042382 0.022507
0 0.760676 0.414070 0.048578 0.025132
0 0.507505 0.396852 0.047088 0.023927
0 0.403299 0.406171 0.047370 0.018762
0 0.696997 0.404123 0.041441 0.019881
0 0.678759 0.378073 0.039245 0.019881
0 0.520390 0.529830 0.112776 0.062268
0 0.476855 0.575775 0.081261 0.046525
0 0.252362 0.430444 0.050393 0.024558
0 0.397027 0.541723 0.061801 0.038835
0 0.235429 0.449067 0.045277 0.029270
0 0.316172 0.561481 0.066193 0.047639
0 0.827549 0.415064 0.046643 0.020058
0 0.132168 0.459233 0.045259 0.028394
0 0.207166 0.580334 0.064703 0.039762
0 0.628183 0.612449 0.073378 0.064404
0 0.067953 0.558933 0.069379 0.038258
0 0.893282 0.414311 0.042377 0.024695
0 0.584107 0.514267 0.065120 0.036970
0 0.507014 0.656035 0.078849 0.066313
0 0.059797 0.870434 0.106949 0.119622
0 0.757513 0.391298 0.037493 0.022663
0 0.201589 0.511634 0.045951 0.051720
0 0.194878 0.479082 0.048211 0.037456
