0 0.377875 0.392265 0.037240 0.027073
0 0.427284 0.418941 0.024057 0.031306
0 0.052385 0.454919 0.049507 0.024876
0 0.393996 0.470711 0.049316 0.031495
0 0.387341 0.377034 0.037615 0.022131
0 0.124576 0.437120 0.040134 0.022893
0 0.318380 0.504629 0.073691 0.044685
0 0.417706 0.387916 0.024549 0.024435
0 0.667260 0.397677 0.037840 0.026178
0 0.440499 0.398853 0.030317 0.026779
0 0.425491 0.450718 0.038022 0.033633
0 0.490520 0.398809 0.057994 0.067314
0 0.388427 0.501290 0.059649 0.045713
0 0.239449 0.526322 0.068603 0.040938
0 0.466257 0.472684 0.042160 0.038620
0 0.501780 0.446051 0.033912 0.030825
0 0.305998 0.543956 0.063420 0.043602
0 0.530737 0.484433 0.052825 0.037340
0 0.456614 0.457861 0.032788 0.029389
0 0.203958 0.419730 0.039409 0.026049
0 0.462300 0.424079 0.029610 0.031259
0 0.244139 0.559369 0.068940 0.045254
0 0.427472 0.521909 0.058404 0.050951
0 0.274643 0.402724 0.036904 0.026972
0 0.149966 0.417137 0.040814 0.025109
0 0.151089 0.623962 0.092231 0.065567
0 0.119804 0.706226 0.120309 0.106362
