0 0.776872 0.435699 0.021087 0.030725
0 0.790743 0.419764 0.024371 0.030227
0 0.158883 0.560117 0.051667 0.051139
0 0.238509 0.524790 0.040087 0.042701
0 0.293332 0.444497 0.044808 0.041383
0 0.817130 0.418679 0.025803 0.029954
0 0.846798 0.452600 0.028575 0.034173
0 0.827834 0.404035 0.024018 0.026148
0 0.816605 0.466082 0.026681 0.033471
0 0.404284 0.422429 0.043849 0.022460
0 0.462252 0.414479 0.041729 0.026283
0 0.845453 0.421883 0.029729 0.027586
0 0.519993 0.406894 0.040853 0.020438
0 0.778997 0.463531 0.031910 0.035325
0 0.038189 0.654520 0.076379 0.086790
0 0.891301 0.477865 0.031551 0.035148
0 0.883471 0.447396 0.038492 0.033195
0 0.800875 0.528554 0.027276 0.034323
0 0.743878 0.523950 0.050801 0.040977
0 0.095408 0.471526 0.051052 0.032425
0 0.505250 0.600640 0.069457 0.057825
0 0.173724 0.449900 0.046169 0.033186
0 0.703132 0.414259 0.035069 0.023962
0 0.281392 0.690748 0.095394 0.070311
0 0.219458 0.471285 0.040796 0.036524
0 0.227874 0.429993 0.047571 0.031444
0 0.317622 0.738086 0.109965 0.078039
