0 0.426197 0.407628 0.026262 0.019370
0 0.385698 0.402508 0.035597 0.021811
0 0.431157 0.394570 0.029831 0.020859
0 0.473458 0.400844 0.025061 0.024105
0 0.426630 0.428827 0.027638 0.025587
0 0.456627 0.425245 0.026497 0.025097
0 0.447834 0.450097 0.033511 0.027831
0 0.416803 0.468904 0.052780 0.033776
0 0.510595 0.418081 0.027912 0.031314
0 0.482257 0.430683 0.024121 0.023617
0 0.046328 0.452861 0.045487 0.027378
0 0.359846 0.489135 0.059961 0.032693
0 0.114912 0.437446 0.036825 0.022762
0 0.481246 0.455298 0.037823 0.028871
0 0.178640 0.422818 0.038985 0.025630
0 0.769494 0.368732 0.031701 0.019206
0 0.288585 0.514331 0.060461 0.035873
0 0.322328 0.397577 0.044283 0.030657
0 0.680614 0.399872 0.036930 0.027871
0 0.815133 0.359161 0.026378 0.019045
0 0.035435 0.442284 0.048481 0.020784
0 0.594174 0.434271 0.048044 0.024901
0 0.774976 0.381867 0.027653 0.021516
0 0.653262 0.427083 0.042306 0.028991
0 0.724794 0.399836 0.028697 0.022948
0 0.603931 0.450947 0.045998 0.035056
0 0.502876 0.470405 0.052314 0.034451
0 0.053216 0.416946 0.060857 0.038808
0 0.108756 0.425428 0.040969 0.021624
0 0.403531 0.385161 0.042352 0.020910
0 0.430067 0.506931 0.053961 0.038915
0 0.474675 0.374637 0.036103 0.023757
0 0.261191 0.571697 0.243282 0.120223
0 0.210158 0.396027 0.041305 0.021881
0 0.114214 0.560155 0.071576 0.047318
0 0.059307 0.642378 0.091002 0.057204
