0 0.793648 0.438800 0.028059 0.025400
0 0.835484 0.438302 0.030785 0.027122
0 0.863574 0.449173 0.023097 0.030964
0 0.856265 0.430550 0.027394 0.024722
0 0.277248 0.479880 0.030755 0.041762
0 0.583891 0.510222 0.064095 0.039331
0 0.256769 0.484825 0.042175 0.039222
0 0.261859 0.455005 0.026842 0.029425
0 0.242803 0.529019 0.045408 0.049522
0 0.155716 0.517049 0.042254 0.043696
0 0.842917 0.472268 0.037142 0.028974
0 0.302596 0.439314 0.043777 0.028682
0 0.882613 0.469564 0.025724 0.031875
0 0.791775 0.477876 0.039838 0.030356
0 0.348753 0.430172 0.051713 0.024757
0 0.135641 0.501116 0.042013 0.038707
0 0.399824 0.422860 0.042690 0.025539
0 0.819824 0.487174 0.041399 0.028290
0 0.854681 0.560990 0.030047 0.038427
0 0.287855 0.417884 0.046972 0.028556
0 0.457180 0.414058 0.042382 0.022507
0 0.556914 0.409850 0.048578 0.025132
0 0.116138 0.468260 0.057984 0.033994
0 0.522165 0.401575 0.038025 0.019881
0 0.976602 0.489479 0.046795 0.032375
0 0.921149 0.512634 0.056538 0.039099
0 0.626043 0.410881 0.044241 0.023451
0 0.822555 0.524544 0.060196 0.037072
0 0.800668 0.554160 0.065697 0.050940
0 0.704625 0.535406 0.060930 0.036631
0 0.692253 0.409054 0.042377 0.024695
0 0.691360 0.396548 0.039236 0.017198
0 0.631652 0.396236 0.036053 0.021403
0 0.632249 0.565343 0.080289 0.041716
0 0.533284 0.543812 0.070265 0.041052
0 0.667537 0.514070 0.064599 0.041856
0 0.514196 0.575357 0.072154 0.039387
0 0.729869 0.508041 0.060533 0.035650
0 0.750553 0.495031 0.044271 0.036191
0 0.351076 0.581455 0.075170 0.041592
0 0.719595 0.583427 0.075441 0.055000
0 0.764024 0.411758 0.041854 0.019068
0 0.834981 0.413284 0.042639 0.019068
0 0.778428 0.392582 0.036364 0.019381
0 0.425303 0.405461 0.046805 0.019364
0 0.226206 0.442385 0.046643 0.031520
0 0.129898 0.568250 0.074903 0.041394
0 0.137578 0.537675 0.070773 0.033760
0 0.369985 0.401396 0.041828 0.020318
0 0.162932 0.811680 0.123323 0.093431
0 0.196305 0.517329 0.046585 0.054058
0 0.190836 0.481764 0.048662 0.039253
