0 0.429352 0.410962 0.026171 0.020187
0 0.390869 0.403873 0.034810 0.021811
0 0.431868 0.394215 0.029831 0.020859
0 0.476488 0.403448 0.025061 0.024105
0 0.426244 0.435278 0.028367 0.027967
0 0.451990 0.442208 0.028477 0.029933
0 0.416540 0.471375 0.046257 0.030526
0 0.348993 0.493759 0.063808 0.029638
0 0.049557 0.444331 0.058621 0.027561
0 0.129815 0.433132 0.050964 0.028245
0 0.511492 0.420326 0.027912 0.031696
0 0.483053 0.444025 0.027248 0.026724
0 0.202575 0.420573 0.042863 0.024774
0 0.250833 0.410468 0.039791 0.024065
0 0.786608 0.377486 0.026839 0.016788
0 0.749149 0.378214 0.030797 0.022332
0 0.258483 0.524057 0.071450 0.039976
0 0.305472 0.405136 0.035185 0.021010
0 0.683324 0.402299 0.036519 0.022472
0 0.461409 0.470843 0.048055 0.034978
0 0.359753 0.392849 0.037434 0.023068
0 0.625599 0.422539 0.040744 0.029272
0 0.626820 0.447025 0.042977 0.034040
0 0.414975 0.499737 0.060589 0.036797
0 0.146811 0.556298 0.070934 0.040530
0 0.535397 0.472281 0.042098 0.032679
0 0.432913 0.382534 0.039559 0.024735
0 0.349241 0.525548 0.069310 0.040911
0 0.446378 0.521560 0.063726 0.040532
0 0.305293 0.567081 0.078481 0.049266
0 0.183268 0.411259 0.047402 0.025883
0 0.202711 0.568521 0.071213 0.046164
0 0.173856 0.607341 0.077668 0.048543
0 0.056512 0.613392 0.075008 0.051390
