0 0.421404 0.402060 0.026262 0.019370
0 0.369087 0.398705 0.037485 0.021811
0 0.385265 0.376293 0.029831 0.020859
0 0.425580 0.424521 0.027638 0.025587
0 0.454038 0.413720 0.023485 0.025329
0 0.465960 0.437520 0.033511 0.027831
0 0.432849 0.458954 0.045960 0.032895
0 0.472599 0.381536 0.031575 0.019953
0 0.441955 0.380384 0.025129 0.022165
0 0.386798 0.479785 0.052845 0.034325
0 0.493081 0.416897 0.027946 0.025728
0 0.441939 0.487592 0.055023 0.034503
0 0.070348 0.447811 0.049235 0.033198
0 0.182170 0.426064 0.047329 0.028328
0 0.255924 0.411057 0.048430 0.027295
0 0.242460 0.522587 0.068969 0.039580
0 0.566012 0.436067 0.045309 0.024488
0 0.638107 0.412757 0.037042 0.026504
0 0.321038 0.400685 0.044670 0.025246
0 0.720191 0.395488 0.036613 0.023006
0 0.149076 0.543415 0.073476 0.045180
0 0.531813 0.419751 0.026457 0.026847
0 0.517170 0.462359 0.040020 0.041932
0 0.502914 0.394679 0.029557 0.025024
0 0.540532 0.482520 0.053780 0.033705
0 0.369824 0.391986 0.035557 0.018995
0 0.057130 0.572663 0.081478 0.053995
0 0.678036 0.417982 0.035794 0.025899
0 0.038113 0.443244 0.047659 0.026422
0 0.449852 0.520421 0.067123 0.040839
0 0.319315 0.505054 0.068759 0.027174
0 0.340007 0.556211 0.074226 0.042496
0 0.257136 0.567284 0.066692 0.042120
0 0.315125 0.530063 0.067465 0.039139
0 0.192535 0.563577 0.069711 0.048454
