0 0.788825 0.486328 0.039844 0.032653
0 0.800844 0.408253 0.042024 0.027344
0 0.839110 0.487434 0.037812 0.034401
0 0.623432 0.523149 0.065650 0.043840
0 0.280811 0.531005 0.073183 0.039540
0 0.140000 0.552234 0.073179 0.048614
0 0.084709 0.536677 0.067762 0.038243
0 0.856508 0.414869 0.039031 0.022023
0 0.848555 0.403077 0.040107 0.021928
0 0.453468 0.407201 0.043639 0.036947
0 0.907777 0.406828 0.041741 0.026266
0 0.407526 0.414248 0.044452 0.029335
0 0.182421 0.585129 0.039031 0.035650
0 0.705255 0.417544 0.044237 0.030197
0 0.360724 0.426276 0.049078 0.033814
0 0.654556 0.410643 0.044059 0.023382
0 0.533364 0.405238 0.041615 0.027766
