0 0.412449 0.397001 0.021481 0.030823
0 0.427856 0.441961 0.033600 0.034792
0 0.300855 0.375020 0.110754 0.044187
0 0.432406 0.417177 0.026544 0.025345
0 0.355597 0.487760 0.060060 0.030449
0 0.361955 0.508560 0.064663 0.038059
0 0.293434 0.544798 0.072664 0.049504
0 0.477570 0.376521 0.033381 0.031036
0 0.625209 0.442659 0.045701 0.029495
0 0.467975 0.401544 0.026830 0.030800
0 0.417162 0.473015 0.034700 0.032362
0 0.354029 0.544166 0.059970 0.048026
0 0.259262 0.523514 0.052735 0.032987
0 0.127514 0.430475 0.046031 0.027908
0 0.459561 0.476984 0.041109 0.034445
0 0.414591 0.513618 0.046947 0.036688
0 0.198108 0.580162 0.083989 0.055739
0 0.270506 0.587101 0.072642 0.051740
0 0.186186 0.417668 0.046601 0.028133
0 0.175359 0.556335 0.074556 0.043113
0 0.237170 0.408408 0.043905 0.025507
0 0.034978 0.434892 0.054078 0.034651
0 0.541607 0.476712 0.044451 0.034918
0 0.397404 0.559148 0.057230 0.043515
0 0.121134 0.754599 0.102694 0.085288
