0 0.366116 0.391542 0.037398 0.027073
0 0.425328 0.405560 0.024057 0.031306
0 0.413504 0.447533 0.034084 0.031495
0 0.368826 0.487895 0.066639 0.039034
0 0.408746 0.388640 0.038660 0.026770
0 0.427519 0.427625 0.024907 0.032085
0 0.420689 0.365066 0.083877 0.037926
0 0.423174 0.469928 0.039015 0.036602
0 0.298803 0.507022 0.068603 0.034570
0 0.480747 0.388068 0.023692 0.027920
0 0.466427 0.420789 0.025630 0.028395
0 0.452055 0.401341 0.027125 0.029372
0 0.284001 0.536719 0.065263 0.038059
0 0.707277 0.403623 0.038251 0.023701
0 0.020249 0.465038 0.040498 0.034645
0 0.250413 0.571422 0.072664 0.049504
0 0.474930 0.454812 0.033728 0.028433
0 0.509053 0.394774 0.027529 0.028860
0 0.125404 0.437343 0.040705 0.025790
0 0.453222 0.481809 0.059879 0.052021
0 0.134161 0.608602 0.093220 0.053476
0 0.603412 0.450049 0.043869 0.031812
0 0.394801 0.521764 0.058944 0.039708
0 0.351505 0.521945 0.047840 0.033909
0 0.474613 0.516270 0.048462 0.039266
0 0.103882 0.685597 0.093008 0.071349
0 0.207506 0.406074 0.035075 0.025268
0 0.310730 0.574412 0.079228 0.055984
0 0.155522 0.719218 0.101357 0.110404
