0 0.349642 0.386978 0.037116 0.027073
0 0.426531 0.401963 0.024057 0.031306
0 0.414981 0.441790 0.029300 0.031495
0 0.383194 0.481849 0.066639 0.039034
0 0.395870 0.386021 0.038660 0.026770
0 0.429803 0.422649 0.023337 0.028178
0 0.416383 0.363854 0.088948 0.037926
0 0.429591 0.461090 0.039015 0.036602
0 0.316795 0.504972 0.065163 0.034570
0 0.473435 0.405292 0.023329 0.027410
0 0.450895 0.392681 0.020887 0.024704
0 0.292968 0.532343 0.065263 0.038059
0 0.257038 0.569425 0.072664 0.049504
0 0.492478 0.429945 0.037383 0.045335
0 0.197935 0.605302 0.093220 0.053476
0 0.468391 0.473355 0.036036 0.037849
0 0.355287 0.521048 0.053141 0.032091
0 0.144900 0.661890 0.086446 0.062118
0 0.230473 0.533140 0.052735 0.038549
0 0.127514 0.430475 0.046031 0.027908
0 0.413309 0.512678 0.054891 0.044559
0 0.341093 0.562873 0.053261 0.042548
0 0.075695 0.660161 0.092601 0.064075
0 0.045800 0.727877 0.091599 0.080365
0 0.207126 0.412170 0.043741 0.028133
0 0.138979 0.568259 0.074556 0.055418
0 0.283158 0.396587 0.040500 0.025507
0 0.189919 0.694984 0.070663 0.059497
0 0.088737 0.774571 0.113828 0.092506
