0 0.440901 0.425037 0.025505 0.026111
0 0.406508 0.409618 0.032589 0.025281
0 0.443636 0.402223 0.032910 0.027384
0 0.441409 0.451477 0.049890 0.034061
0 0.211395 0.531456 0.072108 0.040918
0 0.074788 0.442336 0.045824 0.030418
0 0.142568 0.421905 0.051420 0.024858
0 0.201549 0.420690 0.046256 0.025878
0 0.403453 0.512617 0.061986 0.037716
0 0.375067 0.392003 0.041588 0.025371
0 0.343350 0.383921 0.035590 0.019282
0 0.476477 0.372935 0.036633 0.026428
0 0.472706 0.357135 0.035200 0.023981
0 0.176816 0.622592 0.035065 0.048712
