0 0.795721 0.440003 0.027810 0.025400
0 0.837408 0.442110 0.030785 0.027122
0 0.864180 0.450236 0.024594 0.032076
0 0.856820 0.431332 0.027394 0.024722
0 0.281264 0.468418 0.031652 0.036423
0 0.344844 0.508670 0.062229 0.048883
0 0.253692 0.481270 0.035125 0.037384
0 0.265199 0.453081 0.029168 0.028358
0 0.112087 0.475867 0.056456 0.041427
0 0.252791 0.516333 0.043555 0.047314
0 0.326098 0.428884 0.043077 0.029909
0 0.162193 0.509499 0.041082 0.042255
0 0.842917 0.472268 0.037142 0.028974
0 0.390486 0.422422 0.043780 0.026589
0 0.883381 0.475333 0.033891 0.032142
0 0.790118 0.478396 0.039838 0.030356
0 0.452095 0.417635 0.046743 0.024757
0 0.142013 0.492582 0.042083 0.037612
0 0.489268 0.404831 0.041155 0.026241
0 0.539979 0.413646 0.039432 0.024226
0 0.927855 0.506553 0.059954 0.035501
0 0.794090 0.495050 0.057559 0.030122
0 0.949407 0.533635 0.048586 0.036741
0 0.846933 0.510850 0.061768 0.037437
0 0.760513 0.516997 0.064510 0.036299
0 0.886876 0.534782 0.027588 0.036517
0 0.725277 0.580118 0.031622 0.043753
0 0.607830 0.409926 0.040780 0.024851
0 0.622631 0.393058 0.042949 0.020579
0 0.356921 0.414564 0.031550 0.032463
0 0.737359 0.567435 0.075690 0.041052
0 0.631340 0.524503 0.059030 0.035679
0 0.634648 0.553756 0.066636 0.041052
0 0.686513 0.412137 0.042382 0.022507
0 0.793357 0.414802 0.048578 0.025132
0 0.549355 0.397521 0.047088 0.023770
0 0.435561 0.403751 0.047370 0.018762
0 0.734301 0.404002 0.041441 0.019881
0 0.713421 0.380813 0.039245 0.019881
0 0.075193 0.471688 0.053464 0.037905
0 0.426723 0.535435 0.113564 0.062268
0 0.363522 0.580086 0.081261 0.046525
0 0.296735 0.420447 0.045288 0.022671
0 0.302912 0.540305 0.061801 0.035828
0 0.255632 0.443483 0.046412 0.030205
0 0.222736 0.560581 0.066193 0.047639
0 0.857698 0.415495 0.046643 0.020058
0 0.190015 0.445973 0.046742 0.031528
0 0.113738 0.580604 0.062749 0.039762
0 0.539722 0.518425 0.069391 0.037239
0 0.419786 0.692161 0.096174 0.074973
0 0.811585 0.393247 0.037493 0.022663
0 0.202313 0.510853 0.045864 0.051399
0 0.195432 0.478714 0.048150 0.037210
