0 0.427567 0.409218 0.026262 0.019370
0 0.390444 0.403594 0.035058 0.021811
0 0.432378 0.394205 0.029831 0.020859
0 0.474690 0.401903 0.025061 0.024105
0 0.426930 0.430058 0.027638 0.025587
0 0.456462 0.426597 0.028056 0.024977
0 0.446933 0.450978 0.033511 0.027831
0 0.414002 0.470271 0.052780 0.033776
0 0.510993 0.418686 0.027912 0.031314
0 0.482115 0.436636 0.025200 0.024689
0 0.065414 0.446957 0.048863 0.025066
0 0.142271 0.432027 0.042440 0.027378
0 0.357329 0.491267 0.059961 0.032693
0 0.211822 0.420341 0.035185 0.021010
0 0.478369 0.455460 0.040191 0.023456
0 0.300108 0.401997 0.038985 0.025630
0 0.608526 0.425756 0.042763 0.026460
0 0.281069 0.519340 0.062723 0.031712
0 0.403246 0.385717 0.039559 0.024735
0 0.512382 0.465019 0.045294 0.033858
0 0.740814 0.379820 0.029930 0.021229
0 0.672836 0.419358 0.037911 0.028081
0 0.131839 0.417260 0.047402 0.025883
0 0.403872 0.506077 0.053754 0.038479
0 0.612724 0.447724 0.039899 0.023686
0 0.189495 0.557210 0.076875 0.041250
0 0.461744 0.509496 0.055921 0.042741
0 0.572198 0.472052 0.040875 0.030580
0 0.374630 0.550239 0.068315 0.046844
0 0.324484 0.525889 0.074365 0.040980
0 0.173264 0.391611 0.054486 0.037250
0 0.212696 0.406528 0.040969 0.021624
0 0.452628 0.377461 0.041211 0.020839
0 0.272674 0.399373 0.039051 0.025398
0 0.089833 0.419119 0.041411 0.022793
0 0.168601 0.588843 0.077408 0.045929
0 0.028141 0.435342 0.048033 0.027938
0 0.506767 0.370600 0.036103 0.023757
0 0.062075 0.578502 0.075362 0.049229
