0 0.720826 0.512306 0.049723 0.031391
0 0.838625 0.427298 0.027502 0.028005
0 0.025027 0.484101 0.048641 0.039199
0 0.862221 0.512558 0.059521 0.039646
0 0.952413 0.526461 0.024696 0.030952
0 0.272347 0.482840 0.043662 0.037028
0 0.104779 0.865096 0.138011 0.095951
0 0.795916 0.407249 0.031796 0.028184
0 0.768617 0.434547 0.033044 0.029153
0 0.720154 0.421043 0.044237 0.030197
0 0.823345 0.406178 0.030734 0.024645
0 0.476051 0.413019 0.045846 0.028628
0 0.661723 0.411812 0.044059 0.023382
0 0.559066 0.405538 0.041615 0.027766
