0 0.794765 0.439448 0.027925 0.025400
0 0.836521 0.440355 0.030785 0.027122
0 0.863711 0.449413 0.023436 0.031216
0 0.856564 0.430971 0.027394 0.024722
0 0.279412 0.473702 0.031238 0.038884
0 0.462053 0.518748 0.064095 0.048883
0 0.255111 0.482909 0.038375 0.038231
0 0.263725 0.454336 0.026842 0.029425
0 0.248187 0.522181 0.044409 0.048332
0 0.239576 0.443387 0.043077 0.029909
0 0.160915 0.510645 0.041082 0.042255
0 0.842917 0.472268 0.037142 0.028974
0 0.318341 0.436970 0.043780 0.026589
0 0.882307 0.470328 0.025724 0.031875
0 0.791315 0.478614 0.039838 0.030356
0 0.374101 0.425143 0.050667 0.024757
0 0.140077 0.495440 0.042083 0.037612
0 0.450549 0.416173 0.039432 0.024226
0 0.817242 0.488277 0.044473 0.028290
0 0.752892 0.571119 0.030047 0.038427
0 0.509730 0.409483 0.040780 0.024851
0 0.471548 0.393709 0.042949 0.020579
0 0.961524 0.550481 0.071962 0.041052
0 0.943171 0.514758 0.056445 0.036183
0 0.570541 0.411267 0.042382 0.022507
0 0.677865 0.411041 0.048578 0.025132
0 0.295446 0.423621 0.048081 0.021760
0 0.604336 0.401321 0.033592 0.019881
0 0.764814 0.516290 0.090119 0.059065
0 0.730741 0.548940 0.079755 0.045628
0 0.071205 0.476205 0.061190 0.033375
0 0.643736 0.534816 0.061801 0.038835
0 0.570077 0.553866 0.066193 0.047639
0 0.749494 0.412720 0.047519 0.023451
0 0.459839 0.574154 0.072518 0.039762
0 0.690749 0.586035 0.073378 0.055244
0 0.342128 0.554869 0.069379 0.038258
0 0.808294 0.412303 0.042377 0.024695
0 0.840621 0.398561 0.039236 0.022402
0 0.774131 0.398826 0.043375 0.021088
0 0.260853 0.586871 0.080289 0.040974
0 0.144971 0.554709 0.075893 0.041052
0 0.575572 0.518934 0.064599 0.037003
0 0.104609 0.579837 0.072154 0.039387
0 0.656042 0.506799 0.058791 0.035650
0 0.367283 0.711866 0.106817 0.076661
0 0.597337 0.388318 0.039463 0.018223
0 0.199543 0.513838 0.046197 0.052625
0 0.193314 0.480120 0.048386 0.038152
