0 0.795750 0.440020 0.027806 0.025400
0 0.837436 0.442165 0.030785 0.027122
0 0.864194 0.450262 0.024630 0.032103
0 0.856828 0.431343 0.027394 0.024722
0 0.281321 0.468255 0.031664 0.036347
0 0.344535 0.508541 0.062052 0.048883
0 0.253649 0.481220 0.035025 0.037358
0 0.265233 0.452978 0.029459 0.028225
0 0.120811 0.474019 0.055732 0.040624
0 0.252932 0.516153 0.043529 0.047283
0 0.328297 0.428480 0.043077 0.029909
0 0.162232 0.509464 0.041082 0.042255
0 0.842917 0.472268 0.037142 0.028974
0 0.392479 0.422012 0.043780 0.026589
0 0.883501 0.475767 0.034669 0.032167
0 0.790038 0.478396 0.039838 0.030356
0 0.454558 0.417312 0.046743 0.024757
0 0.142020 0.492528 0.042083 0.037612
0 0.492462 0.404747 0.041155 0.026241
0 0.543102 0.413629 0.039432 0.024226
0 0.921175 0.507669 0.060620 0.035702
0 0.792172 0.495384 0.058128 0.030296
0 0.944261 0.534581 0.049315 0.036741
0 0.840194 0.511973 0.061816 0.038147
0 0.753795 0.517793 0.064799 0.036299
0 0.880176 0.535980 0.027842 0.036718
0 0.725148 0.580281 0.031622 0.043753
0 0.611737 0.409944 0.040780 0.024851
0 0.627351 0.392971 0.042949 0.020579
0 0.360297 0.414312 0.032905 0.032463
0 0.727527 0.568162 0.075777 0.041052
0 0.625403 0.525334 0.059611 0.035818
0 0.622622 0.555288 0.067330 0.041052
0 0.690089 0.412344 0.042382 0.022507
0 0.797233 0.414765 0.048578 0.025132
0 0.554279 0.397600 0.047088 0.023752
0 0.439187 0.403449 0.047370 0.018762
0 0.738638 0.404259 0.041441 0.019881
0 0.717912 0.381291 0.039245 0.019881
0 0.083051 0.470499 0.053229 0.037285
0 0.415672 0.536146 0.113564 0.062268
0 0.350127 0.580546 0.081261 0.046525
0 0.301955 0.419271 0.044687 0.022449
0 0.291825 0.540117 0.061801 0.035452
0 0.258150 0.442873 0.046412 0.030205
0 0.211894 0.560378 0.066193 0.047639
0 0.861245 0.415545 0.046643 0.020058
0 0.195990 0.444685 0.045916 0.031110
0 0.102756 0.580604 0.062749 0.039762
0 0.533726 0.518548 0.069051 0.037239
0 0.408883 0.696677 0.098340 0.076056
0 0.817946 0.393476 0.037493 0.022663
0 0.202399 0.510761 0.045854 0.051362
0 0.195498 0.478671 0.048142 0.037181
