0 0.807037 0.465182 0.025678 0.030542
0 0.841613 0.456211 0.026708 0.027382
0 0.709541 0.511672 0.060700 0.040527
0 0.520201 0.524842 0.073183 0.039540
0 0.326536 0.547705 0.073179 0.048614
0 0.346678 0.524189 0.067762 0.038243
0 0.812412 0.416793 0.039031 0.022023
0 0.830664 0.404197 0.040107 0.019871
0 0.402665 0.418814 0.046080 0.036947
0 0.877373 0.407349 0.041741 0.021036
0 0.346532 0.423959 0.044452 0.031778
0 0.161369 0.565777 0.079715 0.044077
0 0.888371 0.419438 0.037018 0.024757
0 0.948263 0.412498 0.039841 0.030384
0 0.587623 0.405748 0.046410 0.026258
0 0.044272 0.582104 0.065566 0.038261
0 0.382717 0.581943 0.039031 0.035650
0 0.549387 0.402087 0.048924 0.022512
0 0.703276 0.417079 0.044237 0.030197
0 0.299036 0.438782 0.051784 0.036734
0 0.653605 0.410488 0.044059 0.023382
0 0.480347 0.411315 0.041615 0.027766
