0 0.378751 0.392265 0.035487 0.027073
0 0.427988 0.423786 0.026675 0.031306
0 0.078916 0.449131 0.049507 0.024876
0 0.381512 0.477759 0.056404 0.035395
0 0.387341 0.377034 0.037615 0.022131
0 0.151134 0.429926 0.040134 0.022893
0 0.304304 0.510204 0.073691 0.044685
0 0.419449 0.392474 0.024549 0.024435
0 0.439144 0.379934 0.023993 0.023256
0 0.648851 0.404319 0.037840 0.026178
0 0.449680 0.405943 0.026888 0.029135
0 0.421994 0.457517 0.040764 0.033633
0 0.500459 0.409585 0.048105 0.072822
0 0.375479 0.510249 0.061154 0.046733
0 0.220868 0.529764 0.068603 0.040938
0 0.444473 0.488663 0.050113 0.039738
0 0.494380 0.458246 0.036802 0.032119
0 0.286637 0.556439 0.066655 0.043428
0 0.473879 0.513932 0.060671 0.043916
0 0.451918 0.462768 0.035978 0.028782
0 0.242355 0.410124 0.034508 0.026049
0 0.465742 0.431067 0.029610 0.031259
0 0.217272 0.577223 0.071759 0.048190
0 0.376860 0.552849 0.062849 0.055096
0 0.302171 0.394764 0.031128 0.025059
0 0.145298 0.418641 0.040814 0.025109
0 0.098666 0.667400 0.095050 0.079072
