0 0.775719 0.440103 0.024681 0.031606
0 0.795565 0.426170 0.024371 0.030227
0 0.177938 0.536772 0.046577 0.047593
0 0.254225 0.501389 0.037885 0.036507
0 0.310151 0.437827 0.048583 0.034428
0 0.824166 0.427403 0.029964 0.031086
0 0.851486 0.459007 0.028575 0.034173
0 0.827834 0.404035 0.024018 0.026148
0 0.818614 0.472809 0.026681 0.033471
0 0.402434 0.423989 0.043849 0.021682
0 0.465663 0.414097 0.041729 0.026283
0 0.853960 0.431413 0.032544 0.031269
0 0.525586 0.409333 0.039948 0.020438
0 0.775786 0.471697 0.035920 0.036600
0 0.084928 0.617686 0.079092 0.076429
0 0.889426 0.484272 0.031551 0.035148
0 0.892584 0.454842 0.041180 0.035281
0 0.800875 0.528554 0.027276 0.034323
0 0.721642 0.533715 0.054819 0.042568
0 0.122859 0.463653 0.050966 0.031968
0 0.456899 0.622020 0.094412 0.058906
0 0.194757 0.446853 0.045025 0.032982
0 0.710540 0.416640 0.035069 0.023962
0 0.208563 0.719108 0.100959 0.076049
0 0.442763 0.696430 0.094664 0.070611
0 0.235560 0.461364 0.042956 0.035157
0 0.246334 0.426187 0.047571 0.031444
0 0.221371 0.779593 0.120247 0.085613
