0 0.430158 0.411544 0.026072 0.021067
0 0.390801 0.403885 0.034810 0.021811
0 0.431482 0.394699 0.029831 0.021099
0 0.477420 0.404249 0.025061 0.024105
0 0.418370 0.446242 0.032112 0.027967
0 0.432331 0.465719 0.044155 0.033311
0 0.375336 0.489952 0.050337 0.030526
0 0.307367 0.506029 0.063808 0.029638
0 0.079024 0.441913 0.058621 0.027561
0 0.152193 0.426722 0.050964 0.028245
0 0.511492 0.423612 0.027912 0.033124
0 0.730878 0.392368 0.033177 0.023126
0 0.482387 0.453566 0.033844 0.026724
0 0.223640 0.415348 0.042863 0.024774
0 0.276052 0.406893 0.038900 0.021143
0 0.697039 0.411047 0.035005 0.023938
0 0.608016 0.433346 0.043128 0.028928
0 0.211853 0.532222 0.075144 0.037158
0 0.327945 0.400188 0.033636 0.021010
0 0.547329 0.463359 0.048913 0.030560
0 0.422984 0.495400 0.052438 0.034978
0 0.384361 0.388907 0.035338 0.019453
0 0.419082 0.381707 0.036108 0.023638
0 0.471321 0.496965 0.054164 0.039419
0 0.499229 0.511171 0.061580 0.038711
0 0.318884 0.529156 0.068762 0.036797
0 0.103884 0.568454 0.074331 0.040530
0 0.330326 0.560415 0.065152 0.042826
0 0.076821 0.423536 0.039314 0.023651
0 0.502299 0.371750 0.039559 0.026869
0 0.226550 0.562525 0.079431 0.053278
0 0.175016 0.401060 0.040133 0.021381
0 0.165356 0.615791 0.094387 0.054583
