0 0.424809 0.406015 0.026262 0.019370
0 0.380887 0.401407 0.036144 0.021811
0 0.429919 0.394940 0.029831 0.020859
0 0.472210 0.399771 0.025061 0.024105
0 0.426326 0.427580 0.027638 0.025587
0 0.456795 0.423875 0.024917 0.025219
0 0.448747 0.449203 0.033511 0.027831
0 0.419642 0.467518 0.052780 0.033776
0 0.510193 0.417468 0.027912 0.031314
0 0.482109 0.419534 0.024121 0.023617
0 0.363122 0.487119 0.059961 0.032693
0 0.018144 0.462034 0.036289 0.026615
0 0.482717 0.452705 0.034203 0.029751
0 0.086493 0.441277 0.045744 0.029183
0 0.292170 0.514163 0.060461 0.035873
0 0.240639 0.415053 0.045308 0.032892
0 0.798583 0.370366 0.029559 0.020534
0 0.731946 0.396643 0.032632 0.026727
0 0.689802 0.396527 0.035529 0.025712
0 0.036690 0.444813 0.041366 0.023191
0 0.315005 0.400975 0.047060 0.023339
0 0.381305 0.386931 0.036103 0.023757
0 0.589721 0.449505 0.115698 0.080080
0 0.203877 0.535127 0.066023 0.037463
0 0.467289 0.520526 0.062703 0.038379
0 0.228575 0.550629 0.063014 0.032120
0 0.341223 0.522262 0.061711 0.043691
0 0.447959 0.379444 0.036626 0.017930
0 0.397739 0.541604 0.031283 0.044113
0 0.217946 0.578671 0.077858 0.048132
0 0.126351 0.553753 0.075973 0.047924
0 0.465796 0.492321 0.047915 0.027803
0 0.436314 0.488709 0.049730 0.034660
0 0.110621 0.622988 0.087385 0.069794
0 0.535481 0.419608 0.021909 0.024317
0 0.204355 0.694837 0.043808 0.050736
