0 0.052906 0.701943 0.077543 0.072532
0 0.239160 0.513056 0.043977 0.057282
0 0.813594 0.416736 0.028574 0.022602
0 0.814788 0.439076 0.023086 0.029415
0 0.353987 0.427475 0.045407 0.025286
0 0.417013 0.419560 0.040151 0.023928
0 0.476153 0.405817 0.042752 0.020438
0 0.748977 0.430549 0.038722 0.027888
0 0.864624 0.442765 0.031551 0.026358
0 0.843615 0.415466 0.030768 0.025224
0 0.803328 0.482722 0.038260 0.032422
0 0.689525 0.528646 0.060014 0.042887
0 0.682381 0.407258 0.035069 0.023962
0 0.578227 0.573565 0.071665 0.051649
0 0.814988 0.558062 0.066541 0.045373
0 0.752481 0.528761 0.055183 0.045687
0 0.131980 0.574920 0.053563 0.057590
0 0.103683 0.460346 0.047571 0.031444
0 0.590643 0.403338 0.040698 0.022552
0 0.726501 0.401492 0.034215 0.015931
0 0.099082 0.484292 0.057291 0.038462
0 0.207365 0.442369 0.043441 0.029474
0 0.245665 0.452169 0.051054 0.026428
0 0.684655 0.590638 0.068522 0.047429
0 0.272758 0.726500 0.094895 0.069010
