0 0.372588 0.387039 0.031951 0.019370
0 0.363699 0.397472 0.038098 0.021811
0 0.420549 0.400302 0.027616 0.025533
0 0.445429 0.399445 0.023485 0.025329
0 0.477567 0.405098 0.021259 0.022247
0 0.445092 0.442354 0.029535 0.029569
0 0.403812 0.466271 0.045263 0.034238
0 0.458148 0.386274 0.027415 0.022790
0 0.483707 0.437453 0.026801 0.032149
0 0.024410 0.461848 0.048819 0.041612
0 0.097948 0.445151 0.053606 0.028715
0 0.180431 0.425333 0.044252 0.023811
0 0.259609 0.519086 0.068969 0.039580
0 0.748867 0.377729 0.030199 0.021549
0 0.257854 0.411054 0.042081 0.023904
0 0.166154 0.538290 0.073476 0.045180
0 0.491533 0.392819 0.030313 0.019900
0 0.508793 0.413644 0.031248 0.033310
0 0.720806 0.399974 0.034528 0.022374
0 0.325231 0.398908 0.040134 0.022893
0 0.084067 0.566236 0.081478 0.053995
0 0.832241 0.358514 0.024578 0.019255
0 0.666485 0.408849 0.034639 0.023403
0 0.339239 0.504821 0.057152 0.035519
0 0.597452 0.451507 0.046827 0.031328
0 0.499660 0.485879 0.049551 0.031343
0 0.469836 0.475459 0.047301 0.029438
0 0.409329 0.498486 0.056385 0.035465
0 0.295028 0.567064 0.071149 0.054677
0 0.106474 0.710888 0.094789 0.069001
0 0.046339 0.700376 0.092678 0.072771
