0 0.793810 0.438894 0.028039 0.025400
0 0.835634 0.438599 0.030785 0.027122
0 0.863574 0.449173 0.023097 0.030964
0 0.856308 0.430611 0.027394 0.024722
0 0.277561 0.478986 0.030825 0.041345
0 0.573105 0.511025 0.064095 0.040489
0 0.256529 0.484547 0.041625 0.039078
0 0.262129 0.454908 0.026842 0.029425
0 0.243582 0.528029 0.045264 0.049350
0 0.043404 0.486430 0.053607 0.040729
0 0.159637 0.511791 0.041082 0.042255
0 0.842917 0.472268 0.037142 0.028974
0 0.302269 0.438875 0.043778 0.028231
0 0.882569 0.469674 0.025724 0.031875
0 0.791717 0.478037 0.039838 0.030356
0 0.348753 0.430172 0.051713 0.024757
0 0.137589 0.498663 0.042083 0.037612
0 0.402802 0.421992 0.042690 0.025539
0 0.819577 0.487114 0.041399 0.028290
0 0.839567 0.560866 0.030047 0.038427
0 0.313709 0.412647 0.043597 0.027880
0 0.469707 0.413082 0.042382 0.022507
0 0.573125 0.410355 0.048578 0.025132
0 0.150995 0.457036 0.057040 0.033167
0 0.527446 0.401522 0.038025 0.019881
0 0.945646 0.493531 0.049256 0.032375
0 0.880490 0.519236 0.058039 0.039099
0 0.642465 0.411302 0.044241 0.023451
0 0.772675 0.532796 0.062329 0.037072
0 0.777324 0.561135 0.069720 0.053194
0 0.657275 0.538846 0.064173 0.037483
0 0.707055 0.410234 0.042377 0.024695
0 0.712294 0.395368 0.039236 0.017198
0 0.654629 0.397078 0.036053 0.021403
0 0.586518 0.569864 0.080289 0.041716
0 0.487231 0.546513 0.070265 0.041052
0 0.656368 0.514670 0.064599 0.041856
0 0.464504 0.578357 0.072154 0.039387
0 0.720458 0.508791 0.060533 0.035650
0 0.750553 0.495031 0.044271 0.036191
0 0.287565 0.582446 0.072792 0.041592
0 0.696255 0.588825 0.075441 0.056807
0 0.781222 0.412264 0.041854 0.019068
0 0.853517 0.414042 0.042639 0.019068
0 0.804436 0.394184 0.036364 0.019381
0 0.440444 0.404679 0.046805 0.019364
0 0.250907 0.438469 0.046643 0.031520
0 0.068607 0.568826 0.076203 0.037937
0 0.071591 0.538441 0.070773 0.033760
0 0.399701 0.399534 0.041828 0.020318
0 0.099454 0.848402 0.128371 0.094528
0 0.196773 0.516824 0.046529 0.053851
0 0.191195 0.481526 0.048622 0.039094
