0 0.416120 0.418369 0.021655 0.031495
0 0.420878 0.460706 0.045264 0.035139
0 0.424871 0.399512 0.021515 0.022092
0 0.325366 0.371288 0.110754 0.044187
0 0.440469 0.434646 0.025624 0.029702
0 0.341924 0.497732 0.060060 0.034479
0 0.323879 0.523916 0.065263 0.038059
0 0.270827 0.561496 0.072664 0.049504
0 0.493114 0.397384 0.031206 0.043183
0 0.516484 0.492133 0.056244 0.040664
0 0.481142 0.428884 0.024114 0.030800
0 0.400793 0.491399 0.044869 0.032362
0 0.272425 0.589158 0.073953 0.048523
0 0.251088 0.526392 0.052735 0.032987
0 0.127514 0.430475 0.046031 0.027908
0 0.458621 0.476984 0.042989 0.034445
0 0.414591 0.513618 0.046947 0.036688
0 0.174802 0.592174 0.084451 0.056490
0 0.153469 0.657437 0.085730 0.065201
0 0.186186 0.417668 0.046601 0.028133
0 0.158419 0.561103 0.074556 0.043113
0 0.237170 0.408408 0.043905 0.025507
0 0.726918 0.387471 0.041988 0.035914
0 0.040670 0.432827 0.054151 0.033658
0 0.637261 0.428151 0.038829 0.027546
0 0.395329 0.563186 0.070397 0.048723
0 0.070091 0.785203 0.106160 0.101189
