0 0.433944 0.414276 0.025607 0.025200
0 0.395987 0.404731 0.034810 0.021811
0 0.434734 0.397742 0.029831 0.023274
0 0.478069 0.409198 0.025061 0.030544
0 0.411778 0.459631 0.037365 0.032978
0 0.384913 0.485089 0.058020 0.033311
0 0.018155 0.425764 0.036310 0.033487
0 0.321097 0.502235 0.054405 0.032421
0 0.659462 0.413718 0.035859 0.024946
0 0.768921 0.374794 0.033389 0.024317
0 0.566636 0.446337 0.047691 0.033463
0 0.240017 0.521027 0.069448 0.032992
0 0.642473 0.433897 0.045296 0.027960
0 0.047540 0.450969 0.052234 0.032519
0 0.093264 0.435645 0.045040 0.029936
0 0.232693 0.412175 0.043451 0.030566
0 0.424298 0.495238 0.054110 0.037658
0 0.531941 0.480535 0.053249 0.039413
0 0.150978 0.429780 0.046589 0.025461
0 0.190034 0.410608 0.050039 0.024490
0 0.429858 0.529779 0.063731 0.042070
0 0.319142 0.520057 0.062375 0.039263
0 0.293049 0.554907 0.075525 0.044165
0 0.307851 0.392801 0.040853 0.024173
0 0.351636 0.392167 0.042170 0.025916
0 0.370443 0.361509 0.047810 0.027423
0 0.202793 0.593590 0.083635 0.052137
0 0.100731 0.578346 0.084029 0.045668
0 0.046247 0.644911 0.069685 0.053296
0 0.392366 0.379701 0.035069 0.022552
0 0.488339 0.373290 0.042142 0.022924
