0 0.426475 0.407950 0.026262 0.019370
0 0.386660 0.402728 0.035488 0.021811
0 0.431404 0.394496 0.029831 0.020859
0 0.473708 0.401059 0.025061 0.024105
0 0.426691 0.429077 0.027638 0.025587
0 0.456594 0.425519 0.026813 0.025073
0 0.447651 0.450275 0.033511 0.027831
0 0.416235 0.469181 0.052780 0.033776
0 0.510676 0.418204 0.027912 0.031314
0 0.482173 0.433088 0.024121 0.023617
0 0.065056 0.447875 0.045487 0.027378
0 0.359920 0.490557 0.059961 0.032693
0 0.128375 0.435407 0.035185 0.021010
0 0.480952 0.455817 0.038547 0.028695
0 0.197567 0.419982 0.038985 0.025630
0 0.741181 0.378027 0.033269 0.021090
0 0.288955 0.516042 0.060461 0.035873
0 0.343297 0.394614 0.044283 0.030657
0 0.647248 0.410422 0.039991 0.029591
0 0.789618 0.368231 0.028625 0.020617
0 0.055041 0.437629 0.047402 0.020592
0 0.552209 0.449245 0.049417 0.025368
0 0.744774 0.393291 0.028895 0.021826
0 0.284459 0.534533 0.070332 0.033758
0 0.619540 0.440418 0.043217 0.031810
0 0.696195 0.411979 0.029223 0.023101
0 0.568273 0.466559 0.049002 0.036615
0 0.465081 0.482647 0.054845 0.036172
0 0.075698 0.412305 0.060443 0.037250
0 0.128726 0.421282 0.040969 0.021624
0 0.426216 0.380787 0.041211 0.020839
0 0.384249 0.524123 0.059955 0.039868
0 0.490976 0.372476 0.036103 0.023757
0 0.171290 0.595853 0.243282 0.120223
0 0.228096 0.390461 0.041305 0.021881
0 0.075547 0.572878 0.090584 0.047318
