0 0.427548 0.409197 0.026262 0.019370
0 0.390379 0.403580 0.035065 0.021811
0 0.432362 0.394210 0.029831 0.020859
0 0.474674 0.401888 0.025061 0.024105
0 0.426926 0.430041 0.027638 0.025587
0 0.456464 0.426579 0.028035 0.024979
0 0.446945 0.450966 0.033511 0.027831
0 0.414040 0.470253 0.052780 0.033776
0 0.510987 0.418677 0.027912 0.031314
0 0.482115 0.436596 0.025178 0.024667
0 0.063879 0.447467 0.049175 0.025296
0 0.140458 0.432402 0.042440 0.027378
0 0.357398 0.491297 0.059961 0.032693
0 0.210219 0.420424 0.035185 0.021010
0 0.478463 0.455551 0.040206 0.023707
0 0.298138 0.402352 0.038985 0.025630
0 0.610815 0.424883 0.042597 0.026331
0 0.281668 0.519455 0.062573 0.031990
0 0.403088 0.385744 0.039559 0.024735
0 0.514640 0.463975 0.045204 0.033736
0 0.743015 0.379069 0.029795 0.021117
0 0.674927 0.418435 0.037746 0.027944
0 0.130759 0.417666 0.047402 0.025530
0 0.405754 0.505036 0.053754 0.038063
0 0.615042 0.446844 0.039727 0.023664
0 0.191360 0.556647 0.076387 0.040583
0 0.465090 0.508079 0.055712 0.042115
0 0.574538 0.470858 0.040697 0.030435
0 0.378786 0.548708 0.067914 0.046739
0 0.327063 0.525357 0.073982 0.040917
0 0.171800 0.391966 0.054486 0.037250
0 0.211441 0.406757 0.040969 0.021624
0 0.452393 0.377480 0.041211 0.020839
0 0.271402 0.399394 0.039051 0.025398
0 0.088055 0.419349 0.041689 0.022793
0 0.172818 0.587770 0.076712 0.045742
0 0.026482 0.435654 0.046777 0.027938
0 0.506634 0.370619 0.036103 0.023757
0 0.064611 0.578429 0.075065 0.049042
