0 0.425402 0.406703 0.026262 0.019370
0 0.382940 0.401877 0.035911 0.021811
0 0.430447 0.394782 0.029831 0.020859
0 0.472743 0.400229 0.025061 0.024105
0 0.426456 0.428112 0.027638 0.025587
0 0.456723 0.424460 0.025591 0.025167
0 0.448357 0.449584 0.033511 0.027831
0 0.418431 0.468110 0.052780 0.033776
0 0.510365 0.417730 0.027912 0.031314
0 0.482497 0.423790 0.024121 0.023617
0 0.359847 0.485360 0.059961 0.032693
0 0.060941 0.452219 0.040433 0.026615
0 0.482089 0.453811 0.035748 0.029376
0 0.128898 0.433109 0.045503 0.025630
0 0.290060 0.513340 0.060461 0.035873
0 0.270577 0.408933 0.044283 0.030657
0 0.699591 0.397370 0.027601 0.019867
0 0.741768 0.391601 0.035001 0.020534
0 0.797208 0.372109 0.022754 0.016737
0 0.687896 0.416138 0.032632 0.026727
0 0.611840 0.425439 0.044010 0.028969
0 0.065977 0.435533 0.040969 0.021624
0 0.343667 0.396802 0.046458 0.021162
0 0.418494 0.384019 0.036103 0.023757
0 0.484543 0.505497 0.167599 0.102757
0 0.164650 0.410422 0.024964 0.021881
0 0.186556 0.535780 0.066023 0.047318
0 0.103203 0.424776 0.039998 0.024382
0 0.317967 0.568426 0.079012 0.045525
0 0.144491 0.576144 0.065254 0.045638
0 0.266249 0.541916 0.062153 0.048164
0 0.489043 0.375485 0.036626 0.019835
0 0.290749 0.614153 0.031283 0.044113
0 0.060023 0.615299 0.083907 0.060088
0 0.057046 0.571106 0.079469 0.051765
0 0.373103 0.526528 0.055376 0.036911
0 0.376554 0.506009 0.049730 0.034660
