0 0.378664 0.392265 0.035662 0.027073
0 0.427988 0.423289 0.026199 0.031306
0 0.076263 0.449710 0.049507 0.024876
0 0.383204 0.476929 0.055514 0.034686
0 0.387341 0.377034 0.037615 0.022131
0 0.148478 0.430645 0.040134 0.022893
0 0.305981 0.509467 0.073691 0.044685
0 0.419132 0.391646 0.024549 0.024435
0 0.439144 0.379934 0.023993 0.023256
0 0.652198 0.403111 0.037840 0.026178
0 0.449085 0.405447 0.026888 0.028706
0 0.422509 0.456878 0.040764 0.033633
0 0.499557 0.408235 0.049390 0.072017
0 0.377020 0.509267 0.061154 0.046733
0 0.222989 0.529437 0.068603 0.040938
0 0.446663 0.486966 0.049428 0.039535
0 0.495667 0.457062 0.036802 0.032119
0 0.289203 0.554516 0.066655 0.043428
0 0.479013 0.510658 0.060671 0.043916
0 0.452388 0.462277 0.035659 0.028843
0 0.238516 0.411085 0.034998 0.026049
0 0.465366 0.430190 0.029610 0.031259
0 0.221087 0.574541 0.071246 0.047656
0 0.382165 0.549575 0.062849 0.055096
0 0.299418 0.395560 0.031706 0.025250
0 0.145765 0.418490 0.040814 0.025109
0 0.103909 0.663056 0.094768 0.077722
