0 0.789164 0.436199 0.028597 0.025400
0 0.831322 0.430065 0.030785 0.027122
0 0.859083 0.440301 0.023097 0.030964
0 0.855064 0.428860 0.027394 0.024722
0 0.683194 0.507927 0.064095 0.038069
0 0.870481 0.529338 0.070231 0.038720
0 0.839561 0.453795 0.037142 0.028974
0 0.204390 0.527818 0.043144 0.050203
0 0.883841 0.466494 0.025724 0.031875
0 0.796939 0.470998 0.039838 0.030356
0 0.264023 0.503228 0.036788 0.047921
0 0.830190 0.482464 0.041399 0.028290
0 0.299182 0.439503 0.050707 0.030191
0 0.249690 0.466411 0.033576 0.037697
0 0.347128 0.426092 0.046388 0.023451
0 0.413630 0.417739 0.042377 0.024968
0 0.801131 0.496521 0.049675 0.032393
0 0.482288 0.412894 0.041854 0.019514
0 0.545220 0.410531 0.042639 0.023721
0 0.617842 0.412777 0.035561 0.018826
0 0.684283 0.409470 0.045227 0.027195
0 0.196110 0.493717 0.038701 0.042031
0 0.859508 0.496176 0.040787 0.033321
0 0.746091 0.509489 0.054107 0.038479
0 0.140641 0.565597 0.053349 0.055326
0 0.683005 0.531173 0.066609 0.039457
0 0.774143 0.527548 0.066984 0.037268
0 0.139465 0.501021 0.043647 0.044169
0 0.495059 0.539386 0.062240 0.038057
0 0.757510 0.414260 0.043849 0.018620
0 0.813510 0.413538 0.041729 0.026575
0 0.354792 0.548710 0.077093 0.038057
0 0.333466 0.582586 0.078508 0.043131
0 0.200768 0.454627 0.040160 0.032225
