0 0.376340 0.392265 0.040309 0.027073
0 0.424538 0.410735 0.024057 0.031306
0 0.026364 0.463699 0.052728 0.029832
0 0.406345 0.461047 0.040782 0.031495
0 0.387341 0.377034 0.037615 0.022131
0 0.086158 0.445740 0.040134 0.022893
0 0.336433 0.498580 0.073691 0.044685
0 0.420213 0.388590 0.034032 0.026779
0 0.428078 0.437954 0.027357 0.033633
0 0.471151 0.385772 0.068971 0.063119
0 0.404643 0.488914 0.052961 0.040977
0 0.264845 0.519894 0.068603 0.040089
0 0.491926 0.448956 0.030974 0.037561
0 0.502857 0.424391 0.023960 0.026368
0 0.325736 0.535967 0.052279 0.042652
0 0.612891 0.441823 0.043491 0.031661
0 0.463722 0.446504 0.029439 0.030025
0 0.148620 0.431281 0.039654 0.026049
0 0.457275 0.415887 0.029609 0.031188
0 0.265345 0.548054 0.068703 0.044790
0 0.502174 0.475078 0.040251 0.035134
0 0.226371 0.414729 0.042969 0.028980
0 0.069704 0.427155 0.047871 0.025157
0 0.215102 0.590401 0.084675 0.049504
0 0.361706 0.543904 0.060233 0.045913
0 0.444732 0.529521 0.063671 0.049073
0 0.295016 0.399364 0.035368 0.025269
0 0.178990 0.710961 0.085586 0.080902
0 0.104137 0.683808 0.095243 0.078054
