0 0.315342 0.388370 0.037116 0.027073
0 0.426478 0.396261 0.024057 0.028939
0 0.413859 0.437912 0.029300 0.031495
0 0.390132 0.478085 0.065309 0.039034
0 0.376604 0.385150 0.038660 0.026770
0 0.429035 0.415996 0.022343 0.024858
0 0.389977 0.365446 0.100231 0.037926
0 0.431661 0.458240 0.035960 0.033741
0 0.324183 0.503066 0.062279 0.034570
0 0.477242 0.390609 0.023329 0.027410
0 0.448797 0.386727 0.020887 0.022831
0 0.297622 0.531162 0.065263 0.038059
0 0.258909 0.567436 0.072664 0.049504
0 0.499475 0.410616 0.033524 0.045335
0 0.238131 0.598530 0.093220 0.053476
0 0.476921 0.449048 0.032905 0.037849
0 0.369614 0.512897 0.052938 0.032362
0 0.151159 0.653544 0.085518 0.062118
0 0.239785 0.530465 0.052735 0.032987
0 0.127514 0.430475 0.046031 0.027908
0 0.448149 0.484985 0.046694 0.039201
0 0.383223 0.533120 0.049658 0.044735
0 0.127488 0.619241 0.087898 0.060997
0 0.050642 0.721353 0.101284 0.070921
0 0.186186 0.417668 0.046601 0.028133
0 0.155399 0.564572 0.074556 0.045617
0 0.239036 0.407865 0.043905 0.025507
0 0.485875 0.502392 0.073835 0.061036
0 0.055252 0.424676 0.050445 0.032860
0 0.339994 0.592309 0.065438 0.054379
0 0.179226 0.711476 0.091384 0.076110
