0 0.380636 0.392265 0.031717 0.027073
0 0.428531 0.435856 0.029293 0.031306
0 0.128619 0.436961 0.049507 0.024876
0 0.344596 0.493199 0.061297 0.039295
0 0.415072 0.379962 0.049522 0.028893
0 0.199234 0.420276 0.040134 0.022893
0 0.269043 0.515381 0.073691 0.044685
0 0.426114 0.409015 0.025832 0.029408
0 0.451315 0.398386 0.029455 0.023256
0 0.592853 0.427500 0.042233 0.030697
0 0.460755 0.418658 0.026891 0.031491
0 0.406090 0.477098 0.040764 0.033633
0 0.509716 0.441930 0.056756 0.094138
0 0.337834 0.529530 0.061154 0.046733
0 0.187238 0.539067 0.068603 0.040938
0 0.385682 0.527633 0.053879 0.040855
0 0.447929 0.492336 0.049665 0.034758
0 0.224053 0.595051 0.066655 0.043428
0 0.364083 0.576609 0.071317 0.055933
0 0.446431 0.470894 0.037732 0.028449
0 0.056398 0.451699 0.049006 0.026474
0 0.315796 0.393411 0.030397 0.026049
0 0.464907 0.446522 0.029610 0.031259
0 0.118586 0.640154 0.082714 0.061614
0 0.111189 0.712708 0.086674 0.075094
0 0.054377 0.805811 0.106310 0.108626
