0 0.802135 0.445828 0.027308 0.034031
0 0.825233 0.463499 0.034713 0.028636
0 0.788134 0.506472 0.059145 0.037953
0 0.864745 0.468601 0.032724 0.025351
0 0.692994 0.414728 0.040896 0.026064
0 0.705365 0.400133 0.035597 0.019600
0 0.294884 0.479233 0.035590 0.046634
0 0.796938 0.410965 0.038351 0.026295
0 0.247916 0.469934 0.035265 0.030571
0 0.861038 0.527852 0.068874 0.039123
0 0.764039 0.417124 0.037018 0.024757
0 0.831725 0.415099 0.043300 0.027500
0 0.407709 0.419937 0.049862 0.026258
0 0.611906 0.515279 0.062919 0.036447
0 0.695977 0.549952 0.060572 0.038261
0 0.582875 0.542883 0.066806 0.034499
0 0.417142 0.554992 0.071903 0.043811
0 0.761039 0.398728 0.034138 0.019797
0 0.236152 0.550179 0.074141 0.039387
0 0.882550 0.414639 0.042585 0.025778
0 0.214014 0.464665 0.037314 0.030616
0 0.343389 0.532389 0.073183 0.039972
0 0.172147 0.578052 0.070994 0.046551
0 0.100889 0.539029 0.070271 0.038261
0 0.855328 0.395128 0.039528 0.017255
0 0.788594 0.392513 0.034421 0.018755
0 0.498853 0.679423 0.039393 0.043261
0 0.284798 0.771415 0.108465 0.091855
0 0.441123 0.405397 0.031597 0.023258
0 0.340791 0.422485 0.038557 0.026535
0 0.626231 0.410721 0.042024 0.030197
0 0.218602 0.494532 0.044438 0.046138
0 0.530337 0.405867 0.042940 0.024475
0 0.302876 0.436597 0.046645 0.031034
