0 0.425994 0.407391 0.026262 0.019370
0 0.384992 0.402346 0.035678 0.021811
0 0.430975 0.394624 0.029831 0.020859
0 0.473275 0.400687 0.025061 0.024105
0 0.426586 0.428645 0.027638 0.025587
0 0.456652 0.425044 0.026265 0.025115
0 0.447968 0.449966 0.033511 0.027831
0 0.417220 0.468701 0.052780 0.033776
0 0.510536 0.417991 0.027912 0.031314
0 0.482318 0.428920 0.024121 0.023617
0 0.029973 0.458878 0.045487 0.027378
0 0.359791 0.488093 0.059961 0.032693
0 0.103236 0.441107 0.040433 0.026615
0 0.481462 0.454918 0.037292 0.029000
0 0.164262 0.424108 0.038985 0.025630
0 0.787610 0.361077 0.028250 0.018356
0 0.288313 0.513077 0.060461 0.035873
0 0.309325 0.399969 0.044283 0.030657
0 0.703975 0.391103 0.033631 0.024087
0 0.831592 0.353225 0.022792 0.018866
0 0.025428 0.445511 0.050855 0.021206
0 0.623003 0.423611 0.045025 0.023873
0 0.793452 0.374478 0.024920 0.020835
0 0.677413 0.415902 0.040301 0.022789
0 0.744920 0.392103 0.027540 0.022611
0 0.627508 0.442184 0.039389 0.031627
0 0.533222 0.457094 0.049497 0.031499
0 0.035159 0.419316 0.061767 0.042234
0 0.093120 0.431660 0.040969 0.021624
0 0.386407 0.389420 0.044861 0.021064
0 0.460150 0.493778 0.048650 0.037391
0 0.459171 0.377328 0.036103 0.023757
0 0.327436 0.549214 0.199332 0.114419
0 0.201406 0.401260 0.041305 0.021881
0 0.135905 0.555352 0.067504 0.047318
0 0.136571 0.419062 0.039998 0.024382
0 0.132374 0.623372 0.089436 0.056578
0 0.039110 0.597146 0.065254 0.045638
0 0.085627 0.743741 0.060124 0.055485
