0 0.306030 0.394977 0.042429 0.021811
0 0.408494 0.374168 0.022506 0.025329
0 0.406122 0.408948 0.030212 0.028709
0 0.436571 0.396224 0.031165 0.026112
0 0.082396 0.445339 0.048235 0.028158
0 0.395733 0.474939 0.048792 0.036161
0 0.198968 0.422319 0.049507 0.024876
0 0.295701 0.504733 0.070035 0.038429
0 0.471139 0.394133 0.033875 0.028893
0 0.257006 0.411919 0.040134 0.022893
0 0.215910 0.528380 0.081478 0.051018
0 0.432407 0.437558 0.026390 0.029408
0 0.768390 0.381428 0.028148 0.019423
0 0.483030 0.419591 0.034237 0.029244
0 0.575786 0.435182 0.042233 0.030697
0 0.463721 0.448475 0.035449 0.036908
0 0.343913 0.514648 0.071163 0.027944
0 0.414862 0.532011 0.138884 0.122963
0 0.218476 0.596362 0.077989 0.049516
0 0.110593 0.555748 0.073183 0.049262
0 0.114350 0.750244 0.109507 0.090688
0 0.144989 0.427904 0.048722 0.025602
