0 0.438904 0.421642 0.025505 0.026111
0 0.401392 0.408346 0.032589 0.025281
0 0.440885 0.401062 0.031779 0.026221
0 0.468566 0.432720 0.036696 0.030863
0 0.293407 0.515094 0.060701 0.038801
0 0.051244 0.442490 0.052182 0.027675
0 0.111646 0.440183 0.053099 0.031146
0 0.566746 0.453558 0.047796 0.033117
0 0.293774 0.405564 0.041588 0.025371
0 0.245700 0.396683 0.035590 0.019282
0 0.390540 0.383885 0.037204 0.026428
0 0.389961 0.367406 0.035200 0.020316
0 0.367810 0.559372 0.031058 0.039586
0 0.439247 0.371399 0.037062 0.020555
0 0.110500 0.565844 0.069886 0.044653
0 0.483275 0.355229 0.038748 0.027838
