0 0.411643 0.394071 0.021134 0.029479
0 0.428147 0.439704 0.032630 0.034100
0 0.299366 0.375006 0.110754 0.044187
0 0.429464 0.415302 0.028383 0.025780
0 0.357176 0.487261 0.060060 0.030449
0 0.364243 0.507952 0.063465 0.038059
0 0.295048 0.543727 0.072664 0.049504
0 0.477570 0.376521 0.033381 0.031036
0 0.631023 0.439957 0.045450 0.028693
0 0.467975 0.401544 0.026830 0.030800
0 0.418415 0.470866 0.034700 0.032362
0 0.355830 0.543968 0.059891 0.047031
0 0.262692 0.522413 0.052735 0.032987
0 0.127514 0.430475 0.046031 0.027908
0 0.459561 0.476984 0.041109 0.034445
0 0.414591 0.513618 0.046947 0.036688
0 0.199323 0.579610 0.083065 0.054236
0 0.274521 0.586001 0.072642 0.051740
0 0.186186 0.417668 0.046601 0.028133
0 0.179793 0.554134 0.074556 0.043113
0 0.237170 0.408408 0.043905 0.025507
0 0.034483 0.435071 0.054071 0.034738
0 0.550306 0.471108 0.043282 0.033714
0 0.410620 0.551594 0.056061 0.042810
0 0.141839 0.738660 0.098050 0.082370
