0 0.790707 0.437094 0.028411 0.025400
0 0.832755 0.432900 0.030785 0.027122
0 0.862049 0.446160 0.023097 0.030964
0 0.855477 0.429442 0.027394 0.024722
0 0.059294 0.717145 0.078954 0.076336
0 0.672911 0.509488 0.064095 0.038069
0 0.629779 0.569935 0.076693 0.050149
0 0.146619 0.649573 0.064712 0.066218
0 0.844139 0.466131 0.037142 0.028974
0 0.244489 0.480635 0.036995 0.037605
0 0.883418 0.467551 0.025724 0.031875
0 0.793704 0.474362 0.039838 0.030356
0 0.286438 0.455740 0.038468 0.032738
0 0.825714 0.485737 0.041399 0.028290
0 0.294289 0.432203 0.044462 0.028872
0 0.408767 0.418785 0.048578 0.025132
0 0.338738 0.419728 0.044169 0.020834
0 0.467632 0.415263 0.044247 0.023451
0 0.531944 0.409489 0.042377 0.024695
0 0.516554 0.397204 0.039236 0.017198
0 0.793862 0.499802 0.049675 0.032393
0 0.634735 0.410904 0.041854 0.019068
0 0.701115 0.413450 0.042639 0.019068
0 0.144045 0.468433 0.065048 0.031881
0 0.844700 0.520564 0.058343 0.036788
0 0.936618 0.519086 0.044088 0.035017
0 0.753582 0.414892 0.035031 0.018443
0 0.828115 0.413558 0.045227 0.027195
0 0.206107 0.477162 0.038693 0.033745
0 0.782613 0.545414 0.053370 0.040352
0 0.741890 0.510101 0.054107 0.038479
0 0.174307 0.509717 0.042976 0.045655
0 0.028368 0.484508 0.056736 0.035520
0 0.238173 0.542714 0.066609 0.039457
0 0.340859 0.557025 0.076622 0.037704
0 0.197737 0.449255 0.049016 0.027544
0 0.257220 0.430131 0.044980 0.029062
