0 0.790899 0.437205 0.028388 0.025400
0 0.832932 0.433252 0.030785 0.027122
0 0.862416 0.446885 0.023097 0.030964
0 0.855528 0.429514 0.027394 0.024722
0 0.107861 0.686088 0.083201 0.075918
0 0.671638 0.509681 0.064095 0.038069
0 0.589425 0.569172 0.076693 0.050149
0 0.165557 0.626669 0.056578 0.061531
0 0.843671 0.468478 0.037142 0.028974
0 0.248178 0.477391 0.040384 0.035483
0 0.883366 0.467681 0.025724 0.031875
0 0.793304 0.474778 0.039838 0.030356
0 0.290895 0.451030 0.041216 0.032216
0 0.825160 0.486143 0.041399 0.028290
0 0.318774 0.428241 0.044462 0.028872
0 0.430030 0.416952 0.048578 0.025132
0 0.356801 0.415800 0.042996 0.019881
0 0.488791 0.412691 0.044247 0.023451
0 0.553078 0.409317 0.042377 0.024695
0 0.530110 0.398437 0.039236 0.017198
0 0.792962 0.500208 0.049675 0.032393
0 0.647493 0.410799 0.041854 0.019068
0 0.713457 0.413019 0.042639 0.019068
0 0.180295 0.458462 0.059891 0.030995
0 0.825102 0.524075 0.062037 0.037396
0 0.949627 0.493041 0.052697 0.033839
0 0.923601 0.524636 0.050364 0.035017
0 0.758630 0.414892 0.035031 0.018443
0 0.022695 0.670090 0.045390 0.068697
0 0.830657 0.413259 0.045227 0.027195
0 0.207345 0.475112 0.038692 0.032719
0 0.761417 0.549691 0.058984 0.043409
0 0.741370 0.510177 0.054107 0.038479
0 0.178475 0.502798 0.041691 0.044458
0 0.077257 0.473468 0.056729 0.035520
0 0.145551 0.545813 0.066609 0.039457
0 0.231813 0.563170 0.076622 0.037704
0 0.234026 0.441139 0.045858 0.024538
0 0.276135 0.423812 0.043149 0.026883
