0 0.773185 0.430681 0.034272 0.025400
0 0.806927 0.409496 0.031387 0.023232
0 0.837614 0.407185 0.030480 0.025545
0 0.716372 0.503719 0.064095 0.038069
0 0.835790 0.462110 0.029654 0.027905
0 0.869411 0.446022 0.031172 0.031875
0 0.801179 0.463948 0.025165 0.027566
0 0.830951 0.437367 0.030388 0.026495
0 0.099653 0.484431 0.061199 0.032258
0 0.133202 0.642325 0.076786 0.076403
0 0.145504 0.463843 0.046979 0.024426
0 0.226101 0.449479 0.051716 0.031379
0 0.816657 0.486314 0.040400 0.032210
0 0.297249 0.439694 0.042524 0.029182
0 0.396680 0.423252 0.042639 0.023721
0 0.464385 0.417953 0.037976 0.020574
0 0.572365 0.408773 0.045227 0.027195
0 0.024358 0.692722 0.048717 0.069061
0 0.872026 0.474323 0.029174 0.031629
0 0.781821 0.499129 0.048784 0.033063
0 0.794938 0.522341 0.055719 0.034173
0 0.837523 0.509416 0.050778 0.037079
0 0.713184 0.532094 0.056070 0.035225
0 0.658339 0.412104 0.043849 0.021061
0 0.709372 0.411635 0.041729 0.026283
0 0.786719 0.543038 0.077093 0.038057
0 0.979028 0.515691 0.041944 0.031507
0 0.093058 0.611991 0.061978 0.059162
0 0.757995 0.411671 0.039224 0.020438
0 0.237405 0.696104 0.094641 0.074457
0 0.184753 0.783962 0.121724 0.086620
