0 0.425161 0.406424 0.026262 0.019370
0 0.382106 0.401686 0.036006 0.021811
0 0.430232 0.394847 0.029831 0.020859
0 0.472526 0.400043 0.025061 0.024105
0 0.426403 0.427896 0.027638 0.025587
0 0.456752 0.424222 0.025317 0.025188
0 0.448516 0.449430 0.033511 0.027831
0 0.418923 0.467869 0.052780 0.033776
0 0.510295 0.417624 0.027912 0.031314
0 0.482492 0.421825 0.024121 0.023617
0 0.361178 0.486075 0.059961 0.032693
0 0.039666 0.457501 0.040433 0.026615
0 0.482344 0.453362 0.035120 0.029528
0 0.111803 0.436434 0.045503 0.025630
0 0.290917 0.513674 0.060461 0.035873
0 0.256403 0.412407 0.044283 0.030657
0 0.721812 0.392420 0.027601 0.019867
0 0.766898 0.383509 0.030634 0.020534
0 0.711869 0.407446 0.032632 0.026727
0 0.642692 0.413572 0.036743 0.025712
0 0.063021 0.436416 0.040969 0.021624
0 0.329671 0.399160 0.046458 0.021162
0 0.401871 0.385348 0.036103 0.023757
0 0.538695 0.476534 0.154125 0.090925
0 0.194863 0.534657 0.066023 0.039855
0 0.380682 0.548209 0.071006 0.040193
0 0.177669 0.570532 0.065254 0.045638
0 0.295123 0.533914 0.062153 0.048164
0 0.470892 0.377168 0.036626 0.018524
0 0.337887 0.582988 0.031283 0.044113
0 0.123122 0.600929 0.078777 0.055475
0 0.093336 0.562164 0.079469 0.051765
0 0.409976 0.511990 0.052392 0.033268
0 0.402078 0.497961 0.049730 0.034660
0 0.090148 0.783917 0.048788 0.056911
