0 0.793618 0.438783 0.028062 0.025400
0 0.835457 0.438248 0.030785 0.027122
0 0.863574 0.449173 0.023097 0.030964
0 0.856257 0.430539 0.027394 0.024722
0 0.277191 0.480043 0.030742 0.041837
0 0.585852 0.510076 0.064095 0.039121
0 0.256813 0.484875 0.042275 0.039248
0 0.261810 0.455023 0.026842 0.029425
0 0.242662 0.529199 0.045435 0.049553
0 0.154618 0.518531 0.042589 0.044108
0 0.842917 0.472268 0.037142 0.028974
0 0.302655 0.439394 0.043777 0.028764
0 0.882621 0.469543 0.025724 0.031875
0 0.791786 0.477847 0.039838 0.030356
0 0.348753 0.430172 0.051713 0.024757
0 0.135128 0.501760 0.041992 0.039020
0 0.399283 0.423018 0.042690 0.025539
0 0.819869 0.487184 0.041399 0.028290
0 0.857429 0.561013 0.030047 0.038427
0 0.283157 0.418984 0.047937 0.028556
0 0.454903 0.414236 0.042382 0.022507
0 0.553966 0.409758 0.048578 0.025132
0 0.109360 0.470749 0.057984 0.033994
0 0.521205 0.401585 0.038025 0.019881
0 0.928542 0.511433 0.056265 0.039099
0 0.623057 0.410804 0.044241 0.023451
0 0.831625 0.523043 0.059808 0.037072
0 0.804912 0.552892 0.064965 0.050530
0 0.713234 0.534780 0.060340 0.036476
0 0.689562 0.408839 0.042377 0.024695
0 0.687554 0.396762 0.039236 0.017198
0 0.627474 0.396082 0.036053 0.021403
0 0.640563 0.564521 0.080289 0.041716
0 0.541657 0.543321 0.070265 0.041052
0 0.669567 0.513961 0.064599 0.041856
0 0.523231 0.574811 0.072154 0.039387
0 0.731581 0.507905 0.060533 0.035650
0 0.750553 0.495031 0.044271 0.036191
0 0.362623 0.581275 0.075602 0.041592
0 0.723839 0.582445 0.075441 0.054672
0 0.760897 0.411666 0.041854 0.019068
0 0.831610 0.413146 0.042639 0.019068
0 0.773699 0.392291 0.036364 0.019381
0 0.422550 0.405603 0.046805 0.019364
0 0.221607 0.442733 0.046643 0.031520
0 0.141893 0.568556 0.074903 0.041394
0 0.150162 0.537369 0.070773 0.033760
0 0.364583 0.401735 0.041828 0.020318
0 0.174319 0.805201 0.121304 0.092993
0 0.196219 0.517421 0.046595 0.054096
0 0.190771 0.481807 0.048669 0.039282
