0 0.380105 0.387746 0.030486 0.019370
0 0.364148 0.397574 0.038047 0.021811
0 0.421488 0.402616 0.027638 0.025587
0 0.446244 0.401208 0.023485 0.025329
0 0.479167 0.407177 0.021259 0.022247
0 0.444700 0.445692 0.033990 0.029790
0 0.401818 0.469830 0.045797 0.034325
0 0.461241 0.389534 0.027415 0.022790
0 0.484431 0.442015 0.028697 0.033543
0 0.026904 0.460165 0.053807 0.043067
0 0.102862 0.441909 0.053606 0.028715
0 0.184396 0.424239 0.044252 0.023811
0 0.258180 0.519378 0.068969 0.039580
0 0.735326 0.381805 0.030746 0.021885
0 0.263685 0.409746 0.040224 0.023660
0 0.165294 0.538480 0.073476 0.045180
0 0.494531 0.395231 0.030313 0.019900
0 0.511055 0.415312 0.031248 0.033310
0 0.708650 0.404976 0.037926 0.022374
0 0.331065 0.397441 0.040134 0.022893
0 0.083081 0.566541 0.081478 0.053995
0 0.822699 0.362734 0.024578 0.019255
0 0.649324 0.417103 0.036238 0.025949
0 0.333842 0.506854 0.057400 0.035638
0 0.576941 0.460858 0.047372 0.032004
0 0.475351 0.495221 0.050670 0.033960
0 0.462563 0.477925 0.049279 0.029244
0 0.397681 0.501392 0.056385 0.035465
0 0.272930 0.579703 0.076092 0.056325
0 0.071333 0.737469 0.092949 0.080609
0 0.168421 0.667176 0.085701 0.067888
