0 0.410836 0.391141 0.020787 0.028134
0 0.428439 0.437448 0.031660 0.033408
0 0.297877 0.374991 0.110754 0.044187
0 0.426522 0.413428 0.030223 0.026214
0 0.358756 0.486761 0.060060 0.030449
0 0.366531 0.507344 0.062266 0.038059
0 0.296661 0.542655 0.072664 0.049504
0 0.477570 0.376521 0.033381 0.031036
0 0.636837 0.437256 0.045200 0.027891
0 0.467975 0.401544 0.026830 0.030800
0 0.419667 0.468717 0.034700 0.032362
0 0.357631 0.543771 0.059812 0.046036
0 0.266122 0.521313 0.052735 0.032987
0 0.127514 0.430475 0.046031 0.027908
0 0.459561 0.476984 0.041109 0.034445
0 0.414591 0.513618 0.046947 0.036688
0 0.200538 0.579059 0.082140 0.052734
0 0.278537 0.584901 0.072642 0.051740
0 0.186186 0.417668 0.046601 0.028133
0 0.184227 0.551933 0.074556 0.043113
0 0.237170 0.408408 0.043905 0.025507
0 0.033989 0.435251 0.054065 0.034824
0 0.559005 0.465504 0.042113 0.032510
0 0.423836 0.544039 0.054893 0.042106
0 0.162545 0.722722 0.093407 0.079452
