0 0.379453 0.392265 0.034084 0.027073
0 0.428071 0.427980 0.029293 0.031306
0 0.099260 0.444385 0.049507 0.024876
0 0.367889 0.484021 0.061297 0.039295
0 0.391597 0.377502 0.039741 0.023338
0 0.172145 0.425344 0.040134 0.022893
0 0.291012 0.514431 0.073691 0.044685
0 0.421961 0.398905 0.024750 0.025212
0 0.441045 0.382817 0.024846 0.023256
0 0.623888 0.413843 0.038624 0.026985
0 0.454169 0.410233 0.026891 0.031491
0 0.417119 0.463544 0.040764 0.033633
0 0.506371 0.420730 0.043144 0.079964
0 0.362450 0.517819 0.061154 0.046733
0 0.205766 0.532737 0.068603 0.040938
0 0.425122 0.502630 0.053879 0.040855
0 0.481148 0.469067 0.038812 0.032531
0 0.265349 0.570634 0.066655 0.043428
0 0.433099 0.538972 0.062889 0.046419
0 0.448882 0.466315 0.037732 0.028449
0 0.025631 0.460336 0.051262 0.030603
0 0.271709 0.402872 0.031813 0.026049
0 0.467358 0.437548 0.029610 0.031259
0 0.186765 0.596292 0.076030 0.052999
0 0.334091 0.577835 0.062849 0.055096
0 0.322095 0.388510 0.027952 0.024007
0 0.146652 0.417777 0.040814 0.026615
0 0.056728 0.702150 0.097305 0.089876
0 0.186669 0.653729 0.065032 0.054099
0 0.170133 0.716668 0.100672 0.094261
