0 0.381178 0.387847 0.030277 0.019370
0 0.364212 0.397589 0.038039 0.021811
0 0.421571 0.402950 0.027638 0.025587
0 0.446340 0.401467 0.023485 0.025329
0 0.479364 0.407466 0.021259 0.022247
0 0.444655 0.446126 0.034625 0.029790
0 0.401561 0.470336 0.045797 0.034325
0 0.461666 0.390009 0.027415 0.022790
0 0.484535 0.442667 0.028968 0.033742
0 0.027321 0.459837 0.054642 0.041291
0 0.103564 0.441446 0.053606 0.028715
0 0.184962 0.424082 0.044252 0.023811
0 0.257976 0.519420 0.068969 0.039580
0 0.733453 0.382378 0.030746 0.021885
0 0.264518 0.409559 0.039959 0.023626
0 0.165172 0.538508 0.073476 0.045180
0 0.494959 0.395576 0.030313 0.019900
0 0.511379 0.415551 0.031248 0.033310
0 0.706624 0.405809 0.038492 0.022374
0 0.331899 0.397232 0.040134 0.022893
0 0.082940 0.566584 0.081478 0.053995
0 0.821108 0.363437 0.024578 0.019255
0 0.646895 0.418275 0.036436 0.026313
0 0.333130 0.507108 0.057400 0.035638
0 0.574000 0.462213 0.047372 0.032004
0 0.471825 0.496551 0.050792 0.034377
0 0.461474 0.478234 0.049552 0.029210
0 0.395987 0.501808 0.056385 0.035465
0 0.269773 0.581509 0.076798 0.056560
0 0.066313 0.741266 0.092686 0.082268
0 0.168421 0.667176 0.085701 0.067888
