0 0.424532 0.405693 0.026262 0.019370
0 0.379925 0.401186 0.036253 0.021811
0 0.429671 0.395014 0.029831 0.020859
0 0.471960 0.399557 0.025061 0.024105
0 0.426265 0.427331 0.027638 0.025587
0 0.456828 0.423601 0.024601 0.025243
0 0.451167 0.447365 0.033511 0.027831
0 0.420210 0.467241 0.052780 0.033776
0 0.510112 0.417346 0.027912 0.031314
0 0.481806 0.417725 0.024121 0.023617
0 0.364657 0.487944 0.059961 0.032693
0 0.485091 0.451143 0.033962 0.029810
0 0.067117 0.445990 0.046225 0.036289
0 0.293158 0.514548 0.060461 0.035873
0 0.222657 0.415868 0.047358 0.037363
0 0.724783 0.384520 0.029940 0.021224
0 0.022299 0.449989 0.044598 0.033236
0 0.302850 0.404303 0.048264 0.027693
0 0.365532 0.392652 0.036974 0.024746
0 0.625878 0.430842 0.097348 0.070545
0 0.206486 0.537279 0.067394 0.043885
0 0.526750 0.497635 0.055802 0.036811
0 0.268704 0.540857 0.059577 0.032824
0 0.372724 0.511163 0.060020 0.039445
0 0.426310 0.381638 0.036626 0.016148
0 0.435552 0.519838 0.022340 0.036800
0 0.293505 0.560518 0.075994 0.046376
0 0.129381 0.550869 0.073476 0.045180
0 0.510556 0.476172 0.046213 0.027803
0 0.458621 0.483432 0.049730 0.033411
0 0.187773 0.600983 0.087385 0.064639
0 0.533028 0.410412 0.023194 0.025024
0 0.107643 0.607612 0.081848 0.049389
