0 0.787099 0.435418 0.029355 0.025400
0 0.831076 0.428841 0.028400 0.018682
0 0.857756 0.437679 0.023097 0.030964
0 0.852402 0.425644 0.027394 0.024722
0 0.687796 0.507228 0.064095 0.038069
0 0.939653 0.513376 0.058821 0.038720
0 0.831986 0.478459 0.037142 0.028974
0 0.138668 0.610872 0.064081 0.065405
0 0.883406 0.465283 0.025724 0.031875
0 0.798387 0.469493 0.039838 0.030356
0 0.234248 0.563385 0.048341 0.059775
0 0.835560 0.447769 0.032421 0.028290
0 0.249355 0.450623 0.050707 0.030191
0 0.229232 0.504780 0.033109 0.045919
0 0.266701 0.432579 0.046388 0.019566
0 0.342770 0.425474 0.042377 0.025301
0 0.804384 0.495052 0.049675 0.032393
0 0.431553 0.416331 0.041925 0.022449
0 0.511294 0.411149 0.042639 0.023721
0 0.571682 0.412727 0.037976 0.020574
0 0.633343 0.407836 0.045227 0.027195
0 0.164754 0.542951 0.043357 0.051350
0 0.864284 0.492843 0.038481 0.031629
0 0.747972 0.509215 0.054107 0.038479
0 0.773403 0.529432 0.055719 0.034173
0 0.822469 0.517022 0.053988 0.037079
0 0.094765 0.578125 0.050307 0.062890
0 0.645297 0.532375 0.061083 0.037526
0 0.693741 0.411642 0.043849 0.018620
0 0.747552 0.410144 0.041729 0.026283
0 0.543759 0.550881 0.077093 0.038057
0 0.707189 0.565668 0.070025 0.042666
0 0.165157 0.496785 0.037394 0.037433
0 0.161220 0.455663 0.053521 0.034099
0 0.817461 0.412194 0.039224 0.020438
