0 0.798418 0.442613 0.028166 0.026978
0 0.837090 0.445825 0.030785 0.027122
0 0.865608 0.452744 0.028124 0.034697
0 0.857600 0.432429 0.027394 0.024722
0 0.392496 0.422800 0.040896 0.026064
0 0.311191 0.495711 0.046237 0.048883
0 0.247297 0.476934 0.027575 0.035416
0 0.511796 0.414874 0.037018 0.024757
0 0.592533 0.411192 0.043300 0.027500
0 0.277292 0.483436 0.033602 0.045127
0 0.801915 0.470991 0.033691 0.031130
0 0.812112 0.514846 0.067238 0.029620
0 0.674599 0.411622 0.042585 0.025778
0 0.166085 0.506009 0.041082 0.042255
0 0.944049 0.496818 0.055404 0.037278
0 0.780863 0.538778 0.063790 0.042756
0 0.678555 0.509848 0.063866 0.038261
0 0.685303 0.547580 0.070898 0.039249
0 0.595874 0.538754 0.067169 0.038412
0 0.591721 0.392375 0.039528 0.019619
0 0.525770 0.390698 0.034421 0.021386
0 0.749013 0.414370 0.040957 0.021360
0 0.537983 0.571916 0.079048 0.046364
0 0.866853 0.548773 0.066294 0.047580
0 0.364212 0.552095 0.076044 0.041412
0 0.659545 0.392114 0.041096 0.019881
0 0.217227 0.444284 0.055472 0.026555
0 0.258887 0.584208 0.080054 0.045913
0 0.179433 0.555631 0.072279 0.038891
0 0.190591 0.529156 0.070020 0.036191
0 0.821304 0.417915 0.046743 0.024757
0 0.478041 0.408183 0.040395 0.025883
0 0.105262 0.582353 0.072154 0.043138
0 0.632425 0.403089 0.040303 0.022663
0 0.439868 0.702393 0.043587 0.050746
0 0.555166 0.403429 0.043618 0.026633
0 0.293478 0.437536 0.044053 0.034481
0 0.210751 0.501758 0.044852 0.047666
0 0.201886 0.474431 0.047430 0.034341
