0 0.794177 0.439107 0.027995 0.025400
0 0.835975 0.439275 0.030785 0.027122
0 0.863574 0.449173 0.023097 0.030964
0 0.856407 0.430750 0.027394 0.024722
0 0.278273 0.476954 0.030984 0.040398
0 0.544300 0.513525 0.064095 0.043803
0 0.255984 0.483917 0.040375 0.038752
0 0.262743 0.454688 0.026842 0.029425
0 0.245353 0.525780 0.044935 0.048958
0 0.142122 0.464977 0.050406 0.038474
0 0.160129 0.511350 0.041082 0.042255
0 0.842917 0.472268 0.037142 0.028974
0 0.301527 0.437877 0.043779 0.027205
0 0.882468 0.469926 0.025724 0.031875
0 0.791584 0.478402 0.039838 0.030356
0 0.351530 0.429912 0.051713 0.024757
0 0.138546 0.497423 0.042083 0.037612
0 0.411675 0.420122 0.041875 0.025211
0 0.819014 0.486977 0.041399 0.028290
0 0.803503 0.559403 0.030047 0.038427
0 0.372421 0.403495 0.043597 0.024501
0 0.498177 0.410862 0.042382 0.022507
0 0.612260 0.411449 0.048578 0.025132
0 0.217776 0.441772 0.052318 0.029034
0 0.539448 0.401402 0.038025 0.019881
0 0.935901 0.491628 0.080035 0.054324
0 0.906903 0.524447 0.066467 0.041138
0 0.841244 0.508556 0.052331 0.033617
0 0.771219 0.534838 0.060709 0.040741
0 0.682055 0.411841 0.045721 0.023451
0 0.656321 0.550588 0.067665 0.039762
0 0.736808 0.571090 0.073378 0.055244
0 0.544643 0.546423 0.067556 0.038258
0 0.745370 0.411649 0.042377 0.024695
0 0.761365 0.396071 0.039236 0.019548
0 0.705745 0.399098 0.036053 0.021403
0 0.475546 0.580611 0.080289 0.044406
0 0.369327 0.550318 0.075893 0.041052
0 0.630126 0.516454 0.064599 0.041856
0 0.338366 0.582141 0.072154 0.039387
0 0.698484 0.509593 0.060533 0.035650
0 0.051865 0.475966 0.053124 0.041589
0 0.750553 0.495031 0.044271 0.036191
0 0.139604 0.579821 0.069117 0.041592
0 0.653767 0.600445 0.075441 0.064279
0 0.823115 0.412887 0.041854 0.019068
0 0.895667 0.414565 0.042639 0.019068
0 0.859272 0.396726 0.036364 0.019381
0 0.474855 0.402903 0.046805 0.019364
0 0.501560 0.661525 0.084431 0.053532
0 0.197839 0.515676 0.046401 0.053379
0 0.192010 0.480985 0.048531 0.038732
