0 0.793030 0.438442 0.028133 0.025400
0 0.834911 0.437168 0.030785 0.027122
0 0.863574 0.449173 0.023097 0.030964
0 0.856099 0.430318 0.027394 0.024722
0 0.276051 0.483294 0.030488 0.043352
0 0.627475 0.511811 0.064095 0.038069
0 0.257686 0.485883 0.044274 0.039769
0 0.260828 0.455375 0.026842 0.029425
0 0.239828 0.532797 0.045961 0.050179
0 0.132662 0.548173 0.049287 0.052344
0 0.842917 0.472268 0.037142 0.028974
0 0.303843 0.440991 0.043775 0.030406
0 0.882782 0.469141 0.025724 0.031875
0 0.791998 0.477262 0.039838 0.030356
0 0.124873 0.514642 0.041589 0.045280
0 0.382508 0.423741 0.042690 0.025539
0 0.820770 0.487403 0.041399 0.028290
0 0.892970 0.559919 0.030047 0.038427
0 0.182245 0.446400 0.052739 0.039032
0 0.445804 0.414594 0.042382 0.022507
0 0.528350 0.411113 0.048578 0.025132
0 0.499706 0.403447 0.038025 0.019881
0 0.587635 0.409514 0.044241 0.023451
0 0.975743 0.503657 0.048514 0.037072
0 0.917004 0.531094 0.061307 0.048481
0 0.860736 0.511013 0.053548 0.036476
0 0.644482 0.408069 0.042377 0.024695
0 0.622985 0.399952 0.039236 0.017198
0 0.571419 0.398644 0.036053 0.021403
0 0.775936 0.534902 0.064779 0.041716
0 0.682076 0.530733 0.068327 0.036717
0 0.715159 0.513352 0.058764 0.035178
0 0.680684 0.560075 0.069726 0.039387
0 0.775921 0.503168 0.060533 0.035650
0 0.551590 0.571593 0.070523 0.041592
0 0.824653 0.560751 0.072760 0.053030
0 0.709591 0.411206 0.041854 0.019068
0 0.774027 0.414272 0.042639 0.019068
0 0.677447 0.394768 0.036364 0.019381
0 0.395834 0.405571 0.046805 0.019364
0 0.094617 0.478949 0.053493 0.039730
0 0.375880 0.566848 0.074903 0.041394
0 0.394559 0.534458 0.070773 0.036991
0 0.698008 0.598408 0.080599 0.051315
0 0.260623 0.425234 0.049687 0.027657
0 0.039639 0.480909 0.062187 0.036339
0 0.840095 0.413874 0.035031 0.018443
0 0.801979 0.400151 0.044704 0.023132
0 0.410210 0.682406 0.084737 0.067008
0 0.194515 0.519258 0.046800 0.054850
0 0.189467 0.482672 0.048814 0.039862
