0 0.422033 0.402791 0.026262 0.019370
0 0.371267 0.399204 0.037238 0.021811
0 0.421004 0.391567 0.029831 0.020859
0 0.425718 0.425086 0.027638 0.025587
0 0.454890 0.416332 0.023485 0.025329
0 0.464204 0.438504 0.033511 0.027831
0 0.431353 0.460470 0.045960 0.032895
0 0.492142 0.397212 0.027912 0.031314
0 0.452298 0.385523 0.024121 0.022165
0 0.384619 0.481705 0.052845 0.034325
0 0.497880 0.432091 0.033962 0.029810
0 0.373967 0.513591 0.060461 0.035873
0 0.116501 0.434529 0.050374 0.033198
0 0.210176 0.420020 0.046609 0.028093
0 0.277578 0.407777 0.041656 0.023811
0 0.841355 0.349350 0.055593 0.042390
0 0.232139 0.526108 0.068969 0.040661
0 0.500149 0.457968 0.042908 0.021851
0 0.570467 0.440964 0.040364 0.028881
0 0.335362 0.399556 0.040526 0.022507
0 0.649166 0.418742 0.038886 0.027170
0 0.137250 0.546164 0.073476 0.045180
0 0.535097 0.427677 0.031284 0.026847
0 0.494549 0.479361 0.051232 0.033780
0 0.521371 0.401767 0.028231 0.025024
0 0.465173 0.509886 0.064824 0.038580
0 0.382039 0.389034 0.035557 0.018995
0 0.053464 0.573610 0.081478 0.053995
0 0.598511 0.457169 0.041485 0.028992
0 0.050533 0.441658 0.051787 0.032223
0 0.363426 0.548250 0.081063 0.045251
0 0.311799 0.520621 0.075914 0.039672
0 0.270924 0.578085 0.084506 0.044568
0 0.162411 0.599972 0.083723 0.049304
0 0.181747 0.558160 0.076211 0.040538
0 0.062557 0.613879 0.085359 0.053612
