0 0.432548 0.413268 0.025779 0.023675
0 0.394074 0.404419 0.034810 0.021811
0 0.433535 0.396619 0.029831 0.022472
0 0.477949 0.407335 0.025061 0.027963
0 0.414587 0.456360 0.033968 0.030924
0 0.397377 0.479636 0.050755 0.033311
0 0.333923 0.496632 0.054405 0.032421
0 0.259857 0.515315 0.069448 0.033263
0 0.758275 0.375546 0.023481 0.021089
0 0.783885 0.379947 0.025609 0.021422
0 0.726762 0.403081 0.033690 0.024760
0 0.693680 0.396484 0.030747 0.027887
0 0.636824 0.427326 0.041649 0.027858
0 0.109888 0.434338 0.052860 0.032205
0 0.077294 0.415512 0.050274 0.032064
0 0.579636 0.456550 0.047112 0.036206
0 0.553858 0.439352 0.049531 0.031768
0 0.535157 0.476839 0.039317 0.038861
0 0.186353 0.420181 0.040370 0.026369
0 0.295683 0.402355 0.046727 0.022924
0 0.468809 0.483088 0.051608 0.036360
0 0.382375 0.385936 0.041582 0.023609
0 0.427855 0.521698 0.063955 0.042729
0 0.314985 0.527839 0.072461 0.044770
0 0.042882 0.444779 0.050576 0.031283
0 0.189903 0.577043 0.082859 0.048205
0 0.232773 0.594411 0.081425 0.050339
0 0.100384 0.574315 0.076121 0.042285
0 0.214712 0.396625 0.039214 0.030009
