0 0.803508 0.445453 0.022052 0.034031
0 0.829051 0.440579 0.029295 0.027382
0 0.775451 0.493146 0.049669 0.030486
0 0.763257 0.518212 0.072523 0.039540
0 0.546247 0.542954 0.073179 0.048614
0 0.626147 0.515430 0.061344 0.038243
0 0.769883 0.417325 0.039031 0.022023
0 0.811152 0.405466 0.041943 0.021408
0 0.338655 0.431372 0.046080 0.036947
0 0.862148 0.406899 0.027512 0.024100
0 0.284507 0.439446 0.038633 0.030841
0 0.400963 0.560695 0.079715 0.044077
0 0.835031 0.416022 0.037018 0.024757
0 0.899162 0.414782 0.039841 0.027130
0 0.527633 0.410159 0.046410 0.026258
0 0.228264 0.527657 0.068703 0.036761
0 0.247432 0.578371 0.065566 0.038261
0 0.170023 0.552283 0.072467 0.037511
0 0.643714 0.569269 0.039514 0.035469
0 0.051149 0.574504 0.071903 0.040062
0 0.374661 0.415401 0.037620 0.031321
0 0.141329 0.591968 0.035236 0.042445
0 0.592037 0.400916 0.040695 0.026998
0 0.479939 0.406922 0.044027 0.029489
0 0.701051 0.416556 0.044237 0.030197
0 0.251672 0.464989 0.043240 0.040778
0 0.643684 0.409198 0.044059 0.023382
0 0.413485 0.417211 0.046578 0.027766
