0 0.357554 0.385625 0.034880 0.019370
0 0.362801 0.397266 0.038200 0.021811
0 0.414396 0.396023 0.027303 0.024771
0 0.442063 0.396553 0.023485 0.025329
0 0.473551 0.400541 0.021259 0.022247
0 0.445099 0.432549 0.024410 0.027805
0 0.410117 0.459004 0.037781 0.033033
0 0.452081 0.380781 0.027415 0.022790
0 0.481076 0.430269 0.024635 0.030557
0 0.019792 0.460773 0.039583 0.040217
0 0.086946 0.447626 0.053606 0.028715
0 0.171365 0.426614 0.045924 0.025827
0 0.262468 0.518503 0.068969 0.039580
0 0.769562 0.371995 0.025280 0.018522
0 0.246192 0.413669 0.045794 0.024390
0 0.167872 0.537910 0.073476 0.045180
0 0.485536 0.387993 0.030313 0.019900
0 0.504267 0.410306 0.031248 0.033310
0 0.313561 0.401842 0.040134 0.022893
0 0.086040 0.565627 0.081478 0.053995
0 0.689722 0.397828 0.030909 0.020118
0 0.355079 0.497632 0.053673 0.033856
0 0.636637 0.434633 0.040720 0.025243
0 0.543811 0.466811 0.044187 0.029730
0 0.480154 0.466853 0.042495 0.029287
0 0.430063 0.492754 0.056385 0.035465
0 0.328831 0.548963 0.068324 0.053736
0 0.150870 0.679368 0.083195 0.063021
0 0.116234 0.651941 0.092678 0.063411
0 0.078298 0.776900 0.150321 0.196466
