0 0.788561 0.435849 0.028669 0.025400
0 0.837047 0.448996 0.030785 0.027122
0 0.857925 0.438014 0.023097 0.030964
0 0.854902 0.428633 0.027394 0.024722
0 0.687209 0.507317 0.064095 0.038069
0 0.931137 0.515418 0.059713 0.038720
0 0.831599 0.478327 0.037142 0.028974
0 0.154879 0.592100 0.060518 0.065602
0 0.884006 0.466081 0.025724 0.031875
0 0.798202 0.469685 0.039838 0.030356
0 0.247286 0.548160 0.043864 0.057470
0 0.834938 0.454537 0.033372 0.028290
0 0.260945 0.447789 0.050707 0.030191
0 0.232700 0.497483 0.032494 0.044136
0 0.275129 0.429744 0.046388 0.019566
0 0.356116 0.424110 0.042377 0.025301
0 0.803969 0.495240 0.049675 0.032393
0 0.442415 0.415057 0.041854 0.021545
0 0.519846 0.410242 0.042639 0.023721
0 0.578935 0.412770 0.037976 0.020574
0 0.636194 0.407447 0.045227 0.027195
0 0.172657 0.532031 0.041250 0.050723
0 0.863577 0.494588 0.038481 0.031629
0 0.747731 0.509250 0.054107 0.038479
0 0.039475 0.673550 0.078950 0.083322
0 0.771546 0.530331 0.055719 0.034173
0 0.821868 0.517233 0.054554 0.037079
0 0.102656 0.562802 0.048435 0.063091
0 0.632894 0.532574 0.062240 0.038057
0 0.697097 0.411081 0.043849 0.018620
0 0.750438 0.409928 0.041729 0.026283
0 0.522651 0.551344 0.077093 0.038057
0 0.673899 0.570525 0.072398 0.043131
0 0.169808 0.488384 0.036512 0.034918
0 0.176585 0.451673 0.053521 0.034099
0 0.823957 0.412237 0.039224 0.020438
