0 0.427141 0.408724 0.026262 0.019370
0 0.388968 0.403257 0.035226 0.021811
0 0.431998 0.394319 0.029831 0.020859
0 0.474307 0.401574 0.025061 0.024105
0 0.426837 0.429675 0.027638 0.025587
0 0.456513 0.426177 0.027571 0.025015
0 0.447213 0.450704 0.033511 0.027831
0 0.414873 0.469846 0.052780 0.033776
0 0.510869 0.418498 0.027912 0.031314
0 0.482116 0.435723 0.024694 0.024186
0 0.033268 0.455507 0.053145 0.028507
0 0.106245 0.439886 0.044181 0.027378
0 0.358915 0.491966 0.059961 0.032693
0 0.173579 0.425164 0.035185 0.021010
0 0.480247 0.457061 0.040285 0.028273
0 0.254271 0.411479 0.038985 0.025630
0 0.661174 0.405672 0.038948 0.023490
0 0.289846 0.520148 0.060461 0.035873
0 0.390912 0.386411 0.039559 0.024735
0 0.564299 0.440995 0.043237 0.031052
0 0.784836 0.364792 0.027233 0.019004
0 0.720933 0.398135 0.034108 0.024915
0 0.104552 0.423790 0.047402 0.020592
0 0.453526 0.485113 0.052886 0.032238
0 0.666037 0.427473 0.035930 0.023166
0 0.233263 0.548685 0.068467 0.041653
0 0.533195 0.479815 0.051808 0.033359
0 0.626017 0.444606 0.036775 0.027244
0 0.464044 0.512113 0.060748 0.043546
0 0.380621 0.510617 0.066110 0.039333
0 0.131100 0.401127 0.059252 0.037250
0 0.179682 0.411753 0.040969 0.021624
0 0.447225 0.377878 0.041211 0.020839
0 0.243940 0.401252 0.036440 0.022562
0 0.049359 0.422858 0.045582 0.022793
0 0.265768 0.563650 0.066103 0.042467
0 0.503699 0.371040 0.036103 0.023757
0 0.065369 0.603860 0.051794 0.041262
0 0.120443 0.569914 0.070913 0.046433
