0 0.759658 0.421375 0.034272 0.025400
0 0.768125 0.469189 0.034025 0.038069
0 0.802447 0.407105 0.028428 0.024380
0 0.826370 0.399926 0.025679 0.020396
0 0.800106 0.460050 0.024371 0.027415
0 0.813992 0.426331 0.029348 0.028290
0 0.829980 0.451638 0.030395 0.030996
0 0.168179 0.561630 0.057208 0.058411
0 0.292452 0.443514 0.044778 0.027929
0 0.352241 0.429737 0.039955 0.024973
0 0.418414 0.416596 0.051603 0.028864
0 0.845982 0.421775 0.028670 0.026966
0 0.819560 0.476056 0.041991 0.031991
0 0.842573 0.501141 0.040792 0.034173
0 0.870347 0.459787 0.027843 0.030713
0 0.779525 0.509477 0.049500 0.035210
0 0.501907 0.415817 0.043849 0.021061
0 0.574044 0.409967 0.041729 0.026283
0 0.899495 0.488611 0.034795 0.034215
0 0.650030 0.411181 0.039224 0.020438
0 0.646974 0.533567 0.067596 0.039372
0 0.170685 0.459334 0.047050 0.036374
0 0.062832 0.475832 0.055553 0.035938
0 0.239518 0.458718 0.046064 0.042656
0 0.745306 0.556363 0.063045 0.042633
0 0.965583 0.504772 0.057997 0.036951
0 0.466019 0.639063 0.082640 0.055939
0 0.251405 0.425054 0.046723 0.023849
