0 0.440901 0.426220 0.025505 0.026111
0 0.406990 0.409762 0.032589 0.025281
0 0.443825 0.402303 0.032988 0.027464
0 0.439542 0.453203 0.049890 0.034061
0 0.207151 0.532370 0.072108 0.040918
0 0.081125 0.440644 0.045824 0.030418
0 0.149104 0.420484 0.049894 0.024858
0 0.208905 0.418863 0.046256 0.025878
0 0.389277 0.518045 0.063179 0.039032
0 0.380456 0.390983 0.041588 0.025371
0 0.349677 0.383045 0.035590 0.019282
0 0.482236 0.372411 0.036633 0.026428
0 0.477734 0.356750 0.035200 0.023981
0 0.163532 0.627260 0.036511 0.048712
