0 0.676239 0.520674 0.054105 0.039379
0 0.130315 0.578822 0.064180 0.070415
0 0.644298 0.565218 0.068403 0.046268
0 0.634231 0.390763 0.038816 0.023680
0 0.799372 0.433049 0.041465 0.029952
0 0.304446 0.493765 0.023894 0.040188
0 0.269003 0.461615 0.022671 0.029958
0 0.340182 0.412267 0.038235 0.031968
0 0.800503 0.559405 0.066692 0.045755
0 0.826965 0.495387 0.042770 0.041778
0 0.851876 0.465398 0.029951 0.036462
0 0.739555 0.507118 0.061686 0.037296
0 0.769992 0.463196 0.033171 0.035578
0 0.677346 0.394785 0.035139 0.019888
0 0.867140 0.441802 0.036069 0.033656
0 0.051079 0.667337 0.091738 0.084851
0 0.495599 0.410760 0.045846 0.026759
0 0.835503 0.411625 0.033886 0.030194
0 0.746416 0.411388 0.040639 0.027693
0 0.667076 0.412684 0.044059 0.023382
0 0.563796 0.405119 0.041615 0.027766
