0 0.782957 0.434195 0.031299 0.025400
0 0.827588 0.426256 0.029481 0.020328
0 0.857276 0.436731 0.023097 0.030964
0 0.845319 0.417174 0.027394 0.024722
0 0.689461 0.506975 0.064095 0.038069
0 0.963784 0.507592 0.056292 0.038720
0 0.833082 0.478833 0.037142 0.028974
0 0.075473 0.669906 0.082686 0.072945
0 0.881704 0.463023 0.025724 0.031875
0 0.798911 0.468948 0.039838 0.030356
0 0.197306 0.606521 0.061027 0.066308
0 0.835746 0.448164 0.029772 0.028290
0 0.216518 0.458654 0.050707 0.030191
0 0.219407 0.525456 0.034852 0.050969
0 0.242819 0.440610 0.046388 0.019566
0 0.304958 0.429341 0.042377 0.025301
0 0.805561 0.494521 0.049675 0.032393
0 0.400775 0.419942 0.042124 0.025008
0 0.487062 0.413716 0.042639 0.023721
0 0.551131 0.412604 0.037976 0.020574
0 0.625266 0.408936 0.045227 0.027195
0 0.142365 0.573892 0.049326 0.053125
0 0.866288 0.487901 0.038481 0.031629
0 0.748652 0.509115 0.054107 0.038479
0 0.778663 0.526886 0.055719 0.034173
0 0.824171 0.516423 0.052383 0.037079
0 0.066929 0.620542 0.062826 0.064898
0 0.680440 0.531810 0.057805 0.036022
0 0.684232 0.413232 0.043849 0.018620
0 0.739372 0.410755 0.041729 0.026283
0 0.603565 0.549571 0.077093 0.038057
0 0.801513 0.551906 0.063298 0.041350
0 0.151977 0.520588 0.039891 0.044558
0 0.117686 0.466966 0.053521 0.034099
0 0.799058 0.412072 0.039224 0.020438
