0 0.798650 0.444491 0.029271 0.029607
0 0.836890 0.446502 0.030785 0.027122
0 0.864322 0.456851 0.030699 0.034529
0 0.857758 0.432651 0.027394 0.024722
0 0.499106 0.414429 0.040896 0.026064
0 0.312483 0.495931 0.046237 0.048883
0 0.244660 0.476484 0.027575 0.035416
0 0.604228 0.415054 0.037018 0.024757
0 0.687663 0.413414 0.043300 0.027500
0 0.286483 0.456115 0.042314 0.035183
0 0.792152 0.482595 0.038258 0.032292
0 0.862887 0.508690 0.056028 0.030308
0 0.624495 0.533214 0.074141 0.029620
0 0.761279 0.413666 0.042585 0.025778
0 0.166871 0.505304 0.041082 0.042255
0 0.751639 0.518335 0.067833 0.039972
0 0.616700 0.558303 0.070994 0.044736
0 0.502172 0.525327 0.070271 0.038261
0 0.472647 0.568038 0.077096 0.042061
0 0.386243 0.549656 0.067636 0.043766
0 0.689173 0.392277 0.039528 0.019619
0 0.612722 0.390064 0.034421 0.018755
0 0.831460 0.415724 0.040957 0.021360
0 0.871301 0.548915 0.024886 0.037297
0 0.271894 0.577450 0.079048 0.046364
0 0.712921 0.590979 0.076345 0.052449
0 0.163572 0.453088 0.052430 0.030950
0 0.052977 0.478773 0.052991 0.033884
0 0.153638 0.553569 0.076044 0.041412
0 0.754812 0.391577 0.041096 0.019881
0 0.385626 0.412582 0.044861 0.020631
0 0.205900 0.805501 0.059429 0.058222
0 0.654472 0.402464 0.042351 0.026633
0 0.416304 0.417770 0.042534 0.027710
0 0.212456 0.499921 0.044648 0.046911
0 0.313044 0.384104 0.032276 0.023709
0 0.203190 0.473566 0.047285 0.033761
