0 0.435736 0.416881 0.025505 0.026111
0 0.396219 0.407168 0.032986 0.024662
0 0.436020 0.398945 0.029831 0.024134
0 0.481230 0.415312 0.031186 0.030863
0 0.396090 0.471360 0.056290 0.034566
0 0.088415 0.442200 0.048330 0.032385
0 0.016308 0.431697 0.032617 0.025879
0 0.195793 0.415964 0.043867 0.026428
0 0.203976 0.397408 0.045386 0.027090
0 0.599671 0.454224 0.029389 0.033882
0 0.259953 0.399889 0.042957 0.028311
0 0.305648 0.506930 0.053780 0.040108
0 0.306536 0.379087 0.042511 0.027838
0 0.215138 0.528538 0.059723 0.036316
0 0.263819 0.539802 0.075159 0.041884
0 0.120818 0.426440 0.035393 0.022552
0 0.100660 0.413775 0.048655 0.023609
0 0.326855 0.547309 0.080635 0.049731
0 0.131456 0.583157 0.080973 0.054294
0 0.076158 0.568974 0.085722 0.048205
0 0.083163 0.639220 0.104086 0.050235
0 0.347042 0.393428 0.042437 0.028416
0 0.399622 0.379955 0.036071 0.022834
0 0.471847 0.374532 0.037769 0.018471
