0 0.409626 0.386746 0.020266 0.026117
0 0.428876 0.434063 0.030205 0.032369
0 0.295644 0.374969 0.110754 0.044187
0 0.422109 0.410616 0.032982 0.026866
0 0.361125 0.486012 0.060060 0.030449
0 0.369962 0.506432 0.060468 0.038059
0 0.299151 0.541106 0.072664 0.049221
0 0.477570 0.376521 0.033381 0.031036
0 0.645227 0.433349 0.044886 0.026888
0 0.467975 0.401544 0.026830 0.030800
0 0.421546 0.465493 0.034700 0.032362
0 0.359882 0.543524 0.059714 0.044792
0 0.271527 0.519700 0.052735 0.032987
0 0.127514 0.430475 0.046031 0.027908
0 0.459561 0.476984 0.041109 0.034445
0 0.414591 0.513618 0.046947 0.036688
0 0.202587 0.578155 0.080985 0.050855
0 0.283949 0.583242 0.072444 0.051604
0 0.186186 0.417668 0.046601 0.028133
0 0.190631 0.548797 0.074556 0.043113
0 0.237170 0.408408 0.043905 0.025507
0 0.033246 0.435520 0.054056 0.034954
0 0.571921 0.457331 0.040514 0.031004
0 0.443428 0.532598 0.053041 0.041189
0 0.323510 0.599898 0.072403 0.058986
0 0.190896 0.700268 0.083604 0.073368
