0 0.795383 0.439807 0.027850 0.025400
0 0.837095 0.441489 0.030785 0.027122
0 0.864014 0.449945 0.024184 0.031772
0 0.856730 0.431204 0.027394 0.024722
0 0.280609 0.470288 0.031505 0.037293
0 0.353005 0.510236 0.064095 0.048883
0 0.254194 0.481850 0.036275 0.037684
0 0.264756 0.453966 0.026842 0.029425
0 0.017345 0.496626 0.034690 0.041671
0 0.251161 0.518402 0.043857 0.047674
0 0.298362 0.433382 0.043077 0.029909
0 0.161741 0.509905 0.041082 0.042255
0 0.842917 0.472268 0.037142 0.028974
0 0.363770 0.427805 0.043780 0.026589
0 0.882138 0.470751 0.025724 0.031875
0 0.790966 0.478406 0.039838 0.030356
0 0.424008 0.420477 0.046743 0.024757
0 0.141685 0.493357 0.042083 0.037612
0 0.455440 0.405767 0.041155 0.026241
0 0.504788 0.413900 0.039432 0.024226
0 0.814368 0.491402 0.051266 0.028290
0 0.918972 0.495726 0.058754 0.031775
0 0.838683 0.507365 0.059783 0.036299
0 0.950979 0.522253 0.024919 0.034398
0 0.726762 0.578238 0.031622 0.043753
0 0.562871 0.409726 0.040780 0.024851
0 0.568516 0.394041 0.042949 0.020579
0 0.837736 0.555483 0.075209 0.041052
0 0.691224 0.513630 0.055838 0.034917
0 0.761850 0.538683 0.062452 0.041052
0 0.645543 0.409910 0.042382 0.022507
0 0.749402 0.413830 0.048578 0.025132
0 0.493545 0.396695 0.043328 0.023964
0 0.386232 0.406890 0.047370 0.018762
0 0.684081 0.404006 0.041441 0.019881
0 0.668145 0.376998 0.039245 0.019881
0 0.551907 0.530320 0.108048 0.062268
0 0.512593 0.571604 0.081261 0.046525
0 0.234000 0.435549 0.050994 0.024780
0 0.429000 0.541512 0.061801 0.038835
0 0.229328 0.450872 0.040229 0.026554
0 0.353384 0.558817 0.066193 0.047639
0 0.817381 0.414962 0.046643 0.020058
0 0.108032 0.465915 0.049276 0.030661
0 0.240121 0.578864 0.072518 0.039762
0 0.639627 0.606927 0.073378 0.064404
0 0.099889 0.556908 0.069379 0.038258
0 0.882616 0.413911 0.042377 0.024695
0 0.922011 0.402991 0.039236 0.022402
0 0.847507 0.395395 0.043375 0.017714
0 0.598920 0.513725 0.060643 0.034850
0 0.093397 0.845346 0.124774 0.111549
0 0.738286 0.390876 0.037624 0.022367
0 0.201333 0.511909 0.045982 0.051833
0 0.194683 0.479211 0.048233 0.037543
