0 0.416120 0.409200 0.021655 0.031495
0 0.423984 0.452698 0.040182 0.035139
0 0.419120 0.388050 0.021515 0.022092
0 0.311763 0.374464 0.110754 0.044187
0 0.440120 0.425476 0.025624 0.029702
0 0.347780 0.493313 0.060060 0.032647
0 0.343153 0.518875 0.065263 0.038059
0 0.282272 0.552493 0.072664 0.049504
0 0.486363 0.388865 0.033018 0.040651
0 0.573275 0.465548 0.050794 0.034715
0 0.477656 0.413879 0.024114 0.030800
0 0.410129 0.481316 0.044869 0.032362
0 0.322362 0.564430 0.063727 0.048523
0 0.254024 0.525334 0.052735 0.032987
0 0.127514 0.430475 0.046031 0.027908
0 0.459048 0.476984 0.042134 0.034445
0 0.414591 0.513618 0.046947 0.036688
0 0.185119 0.586839 0.084451 0.056490
0 0.211861 0.623837 0.075070 0.054339
0 0.186186 0.417668 0.046601 0.028133
0 0.165111 0.559436 0.074556 0.043113
0 0.237170 0.408408 0.043905 0.025507
0 0.776474 0.372693 0.038597 0.029275
0 0.038196 0.433725 0.054119 0.034090
0 0.700855 0.402644 0.034483 0.025813
0 0.467459 0.523579 0.059853 0.043692
0 0.163606 0.709338 0.094559 0.079696
