0 0.342520 0.384210 0.037809 0.019370
0 0.354551 0.396477 0.039623 0.021811
0 0.405652 0.386534 0.025531 0.024010
0 0.436623 0.389691 0.023485 0.025329
0 0.467131 0.397799 0.021259 0.022247
0 0.441681 0.418838 0.024410 0.027805
0 0.420351 0.447730 0.034123 0.032688
0 0.474865 0.421582 0.024635 0.030557
0 0.071204 0.451517 0.053606 0.028715
0 0.157751 0.428575 0.047725 0.027997
0 0.292460 0.515035 0.068969 0.039580
0 0.229789 0.416951 0.049507 0.024876
0 0.190715 0.534144 0.073476 0.045180
0 0.475333 0.380687 0.028146 0.019900
0 0.495758 0.403223 0.031248 0.033310
0 0.294990 0.405192 0.040134 0.022893
0 0.096016 0.562640 0.081478 0.053995
0 0.382945 0.483725 0.052679 0.033380
0 0.694059 0.410386 0.037128 0.025241
0 0.607834 0.442372 0.039596 0.028985
0 0.496133 0.453159 0.039811 0.029244
0 0.461837 0.479713 0.056385 0.035465
0 0.375730 0.525831 0.068324 0.053736
0 0.299084 0.572933 0.067166 0.055141
0 0.201785 0.597124 0.084210 0.056856
0 0.116038 0.733576 0.191294 0.195949
