0 0.173427 0.564451 0.047137 0.053634
0 0.278744 0.456112 0.045927 0.035671
0 0.595703 0.411406 0.039800 0.025079
0 0.768791 0.413021 0.028265 0.026673
0 0.786076 0.454571 0.029818 0.036775
0 0.353127 0.426309 0.048656 0.026760
0 0.726634 0.401196 0.034215 0.019308
0 0.853104 0.431148 0.025996 0.027827
0 0.034794 0.480272 0.054323 0.035797
0 0.818913 0.462610 0.028692 0.033538
0 0.424440 0.418600 0.043615 0.023257
0 0.253184 0.483159 0.037337 0.040954
0 0.541639 0.407598 0.037167 0.024103
0 0.481387 0.408385 0.044594 0.030445
