0 0.800550 0.445618 0.026563 0.030659
0 0.835395 0.448278 0.030785 0.027122
0 0.857060 0.469613 0.039358 0.035881
0 0.862411 0.435408 0.030592 0.026982
0 0.582354 0.412070 0.040896 0.026064
0 0.308697 0.494191 0.046237 0.048883
0 0.243261 0.476103 0.027575 0.035416
0 0.673784 0.414308 0.037018 0.024757
0 0.752305 0.415011 0.043300 0.027500
0 0.316283 0.436566 0.050619 0.030309
0 0.760827 0.498961 0.056697 0.032285
0 0.980745 0.507485 0.038510 0.036022
0 0.871781 0.511790 0.063982 0.034499
0 0.706645 0.530461 0.068292 0.041929
0 0.488777 0.540542 0.074141 0.039387
0 0.813207 0.415550 0.042585 0.025778
0 0.172546 0.498806 0.041082 0.038658
0 0.615033 0.528136 0.073183 0.039972
0 0.460131 0.568945 0.070994 0.046551
0 0.347730 0.533607 0.070271 0.038261
0 0.288667 0.578305 0.076232 0.044638
0 0.239548 0.554306 0.068075 0.041565
0 0.759391 0.393510 0.039528 0.018164
0 0.684634 0.387688 0.034421 0.018755
0 0.879726 0.416245 0.040957 0.021360
0 0.847993 0.404342 0.025228 0.019785
0 0.753738 0.581642 0.027051 0.038486
0 0.900658 0.531834 0.031667 0.035650
0 0.101384 0.572719 0.079048 0.046364
0 0.269803 0.429355 0.047144 0.028118
0 0.173053 0.457293 0.048582 0.028654
0 0.501320 0.413009 0.042534 0.027710
0 0.213692 0.498589 0.044500 0.046365
0 0.393604 0.397191 0.042940 0.024475
0 0.220010 0.460133 0.047245 0.033601
