0 0.358628 0.385726 0.034670 0.019370
0 0.362865 0.397281 0.038193 0.021811
0 0.414835 0.396329 0.027325 0.024826
0 0.442303 0.396759 0.023485 0.025329
0 0.473660 0.400845 0.021259 0.022247
0 0.445256 0.433205 0.024410 0.027805
0 0.409666 0.459523 0.038316 0.033119
0 0.452445 0.381106 0.027415 0.022790
0 0.481376 0.430598 0.024635 0.030557
0 0.020150 0.460604 0.040301 0.040217
0 0.087732 0.447449 0.053606 0.028715
0 0.172019 0.426527 0.045795 0.025672
0 0.262263 0.518544 0.068969 0.039580
0 0.769562 0.371995 0.025280 0.018522
0 0.247025 0.413482 0.045529 0.024355
0 0.167750 0.537937 0.073476 0.045180
0 0.485965 0.388338 0.030313 0.019900
0 0.504590 0.410545 0.031248 0.033310
0 0.314395 0.401632 0.040134 0.022893
0 0.085899 0.565671 0.081478 0.053995
0 0.689722 0.397828 0.030909 0.020118
0 0.353948 0.498146 0.053922 0.033974
0 0.633957 0.435805 0.040960 0.025244
0 0.540657 0.468173 0.044570 0.029845
0 0.479417 0.467468 0.042838 0.029298
0 0.428582 0.493164 0.056385 0.035465
0 0.326713 0.550051 0.068324 0.053736
0 0.150870 0.679368 0.083195 0.063021
0 0.112015 0.654623 0.092678 0.063411
0 0.076582 0.778869 0.148458 0.196490
