0 0.789355 0.436310 0.028574 0.025400
0 0.831499 0.430416 0.030785 0.027122
0 0.859450 0.441027 0.023097 0.030964
0 0.855115 0.428932 0.027394 0.024722
0 0.681920 0.508120 0.064095 0.038069
0 0.846351 0.533505 0.072145 0.038720
0 0.840202 0.455264 0.037142 0.028974
0 0.210100 0.520694 0.041986 0.047830
0 0.883789 0.466625 0.025724 0.031875
0 0.796538 0.471415 0.039838 0.030356
0 0.266341 0.497736 0.035632 0.046241
0 0.829636 0.482869 0.041399 0.028290
0 0.306656 0.438227 0.050707 0.030191
0 0.253319 0.458364 0.034855 0.034384
0 0.358134 0.424770 0.046388 0.023451
0 0.424842 0.415255 0.042377 0.024695
0 0.800231 0.496927 0.049675 0.032393
0 0.496699 0.412189 0.041854 0.019068
0 0.557059 0.410595 0.042639 0.023721
0 0.633166 0.412893 0.035031 0.018443
0 0.702073 0.410068 0.045227 0.027195
0 0.197348 0.491668 0.038700 0.041005
0 0.858218 0.496680 0.041518 0.033857
0 0.745571 0.509565 0.054107 0.038479
0 0.144810 0.558678 0.052065 0.054129
0 0.654085 0.534297 0.066609 0.039457
0 0.746444 0.530986 0.068728 0.037478
0 0.151253 0.487337 0.044463 0.042172
0 0.440774 0.542817 0.062240 0.038057
0 0.777169 0.414958 0.043849 0.018620
0 0.833366 0.414369 0.041729 0.026640
0 0.283884 0.548839 0.077093 0.038057
0 0.207143 0.581483 0.078508 0.043131
0 0.214017 0.447735 0.043144 0.030022
