0 0.652463 0.520777 0.054105 0.044211
0 0.047441 0.658685 0.080438 0.079606
0 0.205924 0.505024 0.051879 0.055793
0 0.505419 0.617653 0.080580 0.059762
0 0.789338 0.395513 0.035010 0.026217
0 0.635972 0.391213 0.038816 0.023680
0 0.811387 0.440783 0.041465 0.029952
0 0.677807 0.596839 0.074797 0.058015
0 0.849451 0.544616 0.067496 0.048279
0 0.808335 0.511608 0.051509 0.043490
0 0.853863 0.483156 0.029951 0.036462
0 0.722231 0.510170 0.061686 0.039361
0 0.766501 0.477949 0.034794 0.036451
0 0.690569 0.398940 0.033638 0.021507
0 0.882198 0.456576 0.034556 0.035714
0 0.164471 0.568062 0.069046 0.069560
0 0.498640 0.410409 0.045846 0.026469
0 0.851282 0.423733 0.037047 0.032384
0 0.758057 0.405681 0.027616 0.025152
0 0.779103 0.415475 0.040639 0.027693
0 0.667909 0.412820 0.044059 0.023382
0 0.564532 0.405053 0.041615 0.027766
