0 0.769521 0.428364 0.034272 0.025400
0 0.739882 0.495598 0.050901 0.038069
0 0.824911 0.426238 0.028729 0.026098
0 0.858097 0.434134 0.031626 0.029306
0 0.800707 0.462955 0.024371 0.027415
0 0.832074 0.451129 0.026682 0.028290
0 0.038143 0.724121 0.076287 0.081882
0 0.037442 0.480560 0.051706 0.024426
0 0.172604 0.460361 0.051716 0.031379
0 0.825476 0.479414 0.038636 0.032393
0 0.260567 0.464472 0.040298 0.038283
0 0.362474 0.427931 0.042639 0.023721
0 0.421474 0.419979 0.037976 0.020574
0 0.521739 0.409467 0.046773 0.027600
0 0.869507 0.458904 0.028670 0.031629
0 0.789098 0.495377 0.045367 0.032366
0 0.802677 0.520937 0.055719 0.034173
0 0.851205 0.497943 0.039918 0.033059
0 0.731533 0.525105 0.053915 0.035220
0 0.611727 0.413260 0.043849 0.021061
0 0.674586 0.410428 0.041729 0.026283
0 0.851558 0.532504 0.055709 0.034215
0 0.028601 0.664286 0.057202 0.058540
0 0.739405 0.411738 0.039224 0.020438
0 0.391399 0.631613 0.084910 0.066076
0 0.264944 0.432649 0.046739 0.035637
0 0.120650 0.461639 0.057976 0.038034
0 0.385269 0.697014 0.100491 0.071855
0 0.248670 0.787814 0.055138 0.054618
0 0.101886 0.814302 0.120507 0.093315
