0 0.430748 0.411970 0.025999 0.021711
0 0.391609 0.404017 0.034810 0.021811
0 0.431989 0.395173 0.029831 0.021438
0 0.477795 0.404933 0.025061 0.024637
0 0.417690 0.450844 0.032368 0.028375
0 0.409608 0.474348 0.050755 0.033311
0 0.354383 0.491012 0.053214 0.027394
0 0.276150 0.518942 0.069448 0.035255
0 0.112779 0.435461 0.058621 0.027561
0 0.770391 0.368701 0.027540 0.020145
0 0.189087 0.414966 0.046882 0.028245
0 0.753630 0.391041 0.033157 0.019282
0 0.511492 0.426018 0.027912 0.034170
0 0.633477 0.424531 0.040374 0.028008
0 0.721867 0.390574 0.031600 0.022650
0 0.473020 0.465260 0.042294 0.024873
0 0.255575 0.409070 0.040668 0.021753
0 0.312317 0.400591 0.038900 0.021143
0 0.603549 0.449122 0.045991 0.031064
0 0.475263 0.485284 0.054842 0.035275
0 0.173500 0.539529 0.075776 0.039983
0 0.372127 0.392481 0.030802 0.019874
0 0.023835 0.451767 0.047670 0.028659
0 0.413372 0.519713 0.070723 0.039737
0 0.325882 0.524750 0.070023 0.030473
0 0.428475 0.381526 0.034508 0.018018
0 0.470402 0.371780 0.036108 0.026633
0 0.338358 0.549950 0.066200 0.047636
0 0.288458 0.586530 0.080011 0.059267
0 0.159039 0.580921 0.079096 0.049550
0 0.071204 0.577519 0.079087 0.040530
0 0.079675 0.639992 0.082851 0.054374
