0 0.797103 0.440805 0.027644 0.025400
0 0.837610 0.444065 0.030785 0.027122
0 0.864858 0.451427 0.026270 0.033320
0 0.857191 0.431853 0.027394 0.024722
0 0.283941 0.460777 0.032249 0.032863
0 0.330316 0.502625 0.053877 0.048883
0 0.251641 0.478901 0.030425 0.036159
0 0.304481 0.438653 0.037018 0.024757
0 0.368571 0.423402 0.044259 0.031253
0 0.259449 0.507876 0.042319 0.045843
0 0.803534 0.465398 0.029475 0.030056
0 0.447269 0.412130 0.052111 0.025778
0 0.164041 0.507842 0.041082 0.042255
0 0.842917 0.472268 0.037142 0.028974
0 0.292681 0.417215 0.045634 0.025073
0 0.165327 0.449599 0.046643 0.031298
0 0.514771 0.413241 0.040957 0.021360
0 0.924643 0.519553 0.062424 0.032863
0 0.878980 0.499052 0.058779 0.036931
0 0.799276 0.541115 0.059572 0.036215
0 0.706365 0.524589 0.059953 0.032408
0 0.681727 0.505721 0.052406 0.032969
0 0.598501 0.412786 0.046743 0.024757
0 0.216119 0.447152 0.049147 0.035560
0 0.715774 0.552794 0.069355 0.043138
0 0.169612 0.472991 0.044782 0.033689
0 0.676860 0.406129 0.041155 0.026241
0 0.730651 0.412381 0.039432 0.024226
0 0.608530 0.557358 0.079709 0.049003
0 0.565192 0.522845 0.071556 0.039669
0 0.495278 0.585398 0.071920 0.041262
0 0.453563 0.547998 0.071526 0.042763
0 0.331843 0.544546 0.066677 0.036299
0 0.416973 0.572626 0.035778 0.043159
0 0.025320 0.484383 0.049391 0.032837
0 0.705846 0.593430 0.031622 0.043753
0 0.795940 0.412088 0.040780 0.022953
0 0.767781 0.397789 0.049235 0.020579
0 0.564578 0.398607 0.041392 0.025360
0 0.172817 0.579889 0.076345 0.041052
0 0.199625 0.550378 0.066850 0.045443
0 0.059503 0.577576 0.075293 0.041052
0 0.880056 0.417935 0.042382 0.022507
0 0.917378 0.408128 0.040500 0.025132
0 0.855552 0.394892 0.047088 0.023632
0 0.072569 0.861082 0.145138 0.120408
0 0.142392 0.529304 0.072731 0.038351
0 0.206319 0.506535 0.045384 0.049627
0 0.198496 0.476681 0.047808 0.035848
