0 0.794133 0.439082 0.028000 0.025400
0 0.835935 0.439194 0.030785 0.027122
0 0.863574 0.449173 0.023097 0.030964
0 0.856395 0.430733 0.027394 0.024722
0 0.278188 0.477198 0.030965 0.040512
0 0.549817 0.512901 0.064095 0.043077
0 0.256049 0.483993 0.040525 0.038792
0 0.262669 0.454715 0.026842 0.029425
0 0.245141 0.526050 0.044975 0.049005
0 0.131790 0.467947 0.050524 0.039827
0 0.160070 0.511403 0.041082 0.042255
0 0.842917 0.472268 0.037142 0.028974
0 0.301616 0.437996 0.043779 0.027328
0 0.882480 0.469896 0.025724 0.031875
0 0.791600 0.478358 0.039838 0.030356
0 0.349864 0.430068 0.051713 0.024757
0 0.138431 0.497572 0.042083 0.037612
0 0.409599 0.420297 0.042364 0.025408
0 0.819082 0.486993 0.041399 0.028290
0 0.808314 0.558593 0.030047 0.038427
0 0.365428 0.404823 0.043597 0.024501
0 0.494760 0.411128 0.042382 0.022507
0 0.607348 0.411323 0.048578 0.025132
0 0.211113 0.443393 0.052318 0.029034
0 0.538008 0.401416 0.038025 0.019881
0 0.947623 0.488630 0.080035 0.054324
0 0.918796 0.522340 0.065316 0.041138
0 0.855682 0.506563 0.050978 0.032872
0 0.786595 0.533669 0.059925 0.039756
0 0.677091 0.411816 0.045404 0.023451
0 0.670698 0.548199 0.066972 0.039762
0 0.740479 0.570002 0.073378 0.055244
0 0.559064 0.545644 0.067295 0.038258
0 0.740331 0.411599 0.042377 0.024695
0 0.755336 0.395668 0.039236 0.019045
0 0.699715 0.398846 0.036053 0.021403
0 0.490532 0.580143 0.080289 0.044406
0 0.384356 0.550318 0.075893 0.041052
0 0.633688 0.516038 0.064599 0.041856
0 0.355034 0.582420 0.072154 0.039387
0 0.701402 0.509930 0.060533 0.035650
0 0.036907 0.479465 0.053571 0.041589
0 0.750553 0.495031 0.044271 0.036191
0 0.158282 0.581379 0.069117 0.041592
0 0.657720 0.598990 0.075441 0.064279
0 0.817823 0.412862 0.041854 0.019068
0 0.890607 0.414616 0.042639 0.019068
0 0.853094 0.396524 0.036364 0.019381
0 0.470726 0.403116 0.046805 0.019364
0 0.505683 0.659838 0.076186 0.050158
0 0.197711 0.515813 0.046416 0.053436
0 0.191912 0.481050 0.048542 0.038775
