0 0.659117 0.520493 0.054105 0.042221
0 0.025704 0.683623 0.051408 0.080809
0 0.188673 0.521940 0.052088 0.056544
0 0.541206 0.602650 0.078294 0.056010
0 0.635537 0.391101 0.038816 0.023680
0 0.808665 0.439413 0.041465 0.029952
0 0.358006 0.406939 0.038235 0.031968
0 0.707945 0.587536 0.074797 0.054535
0 0.885147 0.536743 0.063833 0.046028
0 0.813881 0.507348 0.049328 0.042785
0 0.854259 0.480078 0.029951 0.036462
0 0.726835 0.509460 0.061686 0.039361
0 0.767838 0.474009 0.034794 0.036451
0 0.683082 0.396410 0.035139 0.019888
0 0.878831 0.453093 0.035179 0.035714
0 0.145380 0.591299 0.070135 0.070412
0 0.497880 0.410497 0.045846 0.026541
0 0.847476 0.420797 0.037047 0.032384
0 0.771940 0.414447 0.040639 0.027693
0 0.667701 0.412786 0.044059 0.023382
0 0.564348 0.405070 0.041615 0.027766
