0 0.793016 0.438434 0.028134 0.025400
0 0.834897 0.437141 0.030785 0.027122
0 0.863574 0.449173 0.023097 0.030964
0 0.856096 0.430312 0.027394 0.024722
0 0.276023 0.483376 0.030482 0.043390
0 0.628536 0.511894 0.064095 0.038069
0 0.257708 0.485909 0.044324 0.039782
0 0.260803 0.455384 0.026842 0.029425
0 0.239757 0.532887 0.045974 0.050195
0 0.132113 0.548914 0.049455 0.052550
0 0.842917 0.472268 0.037142 0.028974
0 0.303873 0.441031 0.043775 0.030447
0 0.882786 0.469131 0.025724 0.031875
0 0.792003 0.477248 0.039838 0.030356
0 0.124617 0.514965 0.041579 0.045436
0 0.382088 0.423759 0.042690 0.025539
0 0.820792 0.487408 0.041399 0.028290
0 0.893500 0.559863 0.030047 0.038427
0 0.179658 0.447149 0.052899 0.039381
0 0.445576 0.414603 0.042382 0.022507
0 0.527987 0.411173 0.048578 0.025132
0 0.499150 0.403508 0.038025 0.019881
0 0.586952 0.409483 0.044241 0.023451
0 0.919854 0.530429 0.061307 0.048481
0 0.864727 0.510833 0.053548 0.036476
0 0.643428 0.408080 0.042377 0.024695
0 0.621467 0.400023 0.039236 0.017198
0 0.570246 0.398755 0.036053 0.021403
0 0.779626 0.534002 0.064779 0.041716
0 0.685378 0.530442 0.068050 0.036717
0 0.716445 0.512956 0.057930 0.034224
0 0.684333 0.559825 0.069379 0.039387
0 0.776512 0.502877 0.060533 0.035650
0 0.555493 0.571187 0.070523 0.041592
0 0.827312 0.560128 0.072377 0.053030
0 0.708402 0.411206 0.041854 0.019068
0 0.772669 0.414332 0.042639 0.019068
0 0.675026 0.394899 0.036364 0.019381
0 0.395292 0.405579 0.046805 0.019364
0 0.091070 0.480110 0.053853 0.040162
0 0.381055 0.566848 0.074903 0.041394
0 0.400413 0.534492 0.070773 0.036991
0 0.700758 0.597516 0.080599 0.051315
0 0.258088 0.425879 0.049949 0.027901
0 0.035426 0.481990 0.062617 0.036716
0 0.354601 0.399182 0.044181 0.027821
0 0.838631 0.413874 0.035031 0.018443
0 0.799548 0.399963 0.044704 0.023132
0 0.157877 0.483113 0.049148 0.038761
0 0.415414 0.679869 0.084117 0.066157
0 0.194472 0.519304 0.046805 0.054869
0 0.189435 0.482694 0.048818 0.039876
