0 0.720805 0.512139 0.049723 0.031244
0 0.838670 0.427316 0.027711 0.028005
0 0.018726 0.483561 0.037452 0.039199
0 0.879658 0.509751 0.058979 0.038993
0 0.961855 0.525453 0.024486 0.030952
0 0.279529 0.486891 0.046463 0.037786
0 0.142716 0.845917 0.133091 0.092867
0 0.795644 0.406989 0.031796 0.028184
0 0.767343 0.433704 0.033749 0.029153
0 0.719969 0.421000 0.044237 0.030197
0 0.823164 0.405831 0.030734 0.024645
0 0.475725 0.413056 0.045846 0.028659
0 0.661634 0.411797 0.044059 0.023382
0 0.558987 0.405545 0.041615 0.027766
