0 0.406505 0.391154 0.026262 0.019370
0 0.365816 0.397956 0.037857 0.021811
0 0.427722 0.415134 0.027638 0.025587
0 0.448872 0.407732 0.023485 0.025329
0 0.480194 0.415978 0.022090 0.022518
0 0.435094 0.456679 0.045960 0.032895
0 0.390067 0.476905 0.052845 0.034325
0 0.473972 0.399356 0.027415 0.025368
0 0.477882 0.456802 0.034733 0.034332
0 0.041288 0.453678 0.055590 0.040948
0 0.123283 0.439446 0.055079 0.028680
0 0.207442 0.419733 0.042375 0.024181
0 0.252872 0.520462 0.068969 0.039580
0 0.684925 0.397284 0.032642 0.021158
0 0.288746 0.404652 0.040213 0.023778
0 0.812546 0.363198 0.027809 0.018318
0 0.162103 0.539187 0.073476 0.045180
0 0.507752 0.402694 0.028946 0.026847
0 0.520499 0.425768 0.027604 0.036345
0 0.459858 0.371962 0.024462 0.022021
0 0.647360 0.429041 0.040322 0.022638
0 0.348171 0.395141 0.035557 0.018995
0 0.079416 0.567672 0.081478 0.053995
0 0.781655 0.377061 0.027539 0.020504
0 0.585425 0.450940 0.041585 0.031833
0 0.324722 0.507907 0.059493 0.033632
0 0.491189 0.495300 0.061386 0.035264
0 0.388700 0.523698 0.062475 0.039012
0 0.428977 0.492177 0.055181 0.035312
0 0.348095 0.513715 0.060105 0.037004
0 0.158037 0.641753 0.081157 0.068655
