0 0.798488 0.443177 0.028498 0.027767
0 0.837030 0.446028 0.030785 0.027122
0 0.865695 0.452896 0.028338 0.034856
0 0.857648 0.432495 0.027394 0.024722
0 0.423952 0.419086 0.040896 0.026064
0 0.311579 0.495777 0.046237 0.048883
0 0.246506 0.476799 0.027575 0.035416
0 0.538858 0.413564 0.037018 0.024757
0 0.620375 0.410566 0.043300 0.027500
0 0.279739 0.476204 0.033602 0.042864
0 0.801106 0.473787 0.035799 0.031666
0 0.756123 0.521843 0.067238 0.029620
0 0.698258 0.411622 0.042585 0.025778
0 0.166321 0.505797 0.041082 0.042255
0 0.886047 0.503328 0.061578 0.039972
0 0.736784 0.547045 0.063790 0.042756
0 0.639006 0.516150 0.069471 0.038261
0 0.633229 0.554670 0.077146 0.039249
0 0.533289 0.541512 0.067169 0.038412
0 0.618517 0.392063 0.039528 0.019619
0 0.551128 0.391792 0.034421 0.021386
0 0.774921 0.415058 0.040957 0.021360
0 0.968110 0.533887 0.024886 0.037297
0 0.459109 0.575158 0.079048 0.046364
0 0.820241 0.560886 0.066294 0.047580
0 0.044451 0.480329 0.060308 0.040641
0 0.293604 0.551690 0.076044 0.041412
0 0.687387 0.391489 0.041096 0.019881
0 0.271822 0.432713 0.053587 0.024758
0 0.185458 0.579427 0.074276 0.045913
0 0.121679 0.555955 0.072279 0.038891
0 0.130757 0.531992 0.070020 0.036191
0 0.842502 0.417993 0.046743 0.024757
0 0.506272 0.406073 0.039214 0.025883
0 0.042108 0.582434 0.072154 0.043138
0 0.666541 0.402776 0.040303 0.022663
0 0.379890 0.725162 0.045950 0.051079
0 0.585031 0.403273 0.042449 0.026633
0 0.332765 0.430457 0.043546 0.032224
0 0.211263 0.501207 0.044791 0.047439
0 0.202278 0.474172 0.047386 0.034167
