0 0.777914 0.425480 0.027327 0.030373
0 0.102899 0.620513 0.075717 0.061280
0 0.193206 0.584203 0.053083 0.051949
0 0.265948 0.462792 0.041411 0.047643
0 0.807537 0.408141 0.024139 0.029501
0 0.831491 0.434571 0.028575 0.026088
0 0.819075 0.454468 0.026027 0.032733
0 0.408169 0.419154 0.043849 0.024092
0 0.455089 0.415282 0.041729 0.026283
0 0.508248 0.401771 0.042752 0.020438
0 0.777381 0.447803 0.030307 0.034815
0 0.879386 0.461640 0.031551 0.034311
0 0.865505 0.435218 0.036784 0.031680
0 0.779295 0.506857 0.047922 0.037308
0 0.603925 0.560706 0.068165 0.050214
0 0.107872 0.469787 0.057384 0.035614
0 0.688613 0.409570 0.035069 0.023962
0 0.426214 0.634329 0.085194 0.060989
0 0.667270 0.611926 0.071649 0.052673
0 0.669299 0.564585 0.065692 0.054193
0 0.186467 0.505367 0.047994 0.046178
0 0.187896 0.441100 0.047571 0.031444
0 0.654116 0.393131 0.040698 0.022552
0 0.726473 0.401556 0.034215 0.015204
0 0.216672 0.453444 0.048915 0.034153
0 0.257970 0.426959 0.046592 0.030657
0 0.318377 0.434683 0.047181 0.026428
0 0.502799 0.664952 0.076770 0.059407
