0 0.308862 0.394977 0.042429 0.021811
0 0.414397 0.384733 0.024410 0.027805
0 0.416412 0.416799 0.027659 0.032688
0 0.448378 0.401618 0.031165 0.026112
0 0.031148 0.460780 0.062296 0.028715
0 0.104220 0.439625 0.047725 0.027997
0 0.374113 0.485483 0.060456 0.038868
0 0.210304 0.420056 0.049507 0.024876
0 0.280571 0.508296 0.070035 0.038429
0 0.476463 0.395568 0.033875 0.028893
0 0.263030 0.410409 0.040134 0.022893
0 0.191380 0.535781 0.081478 0.051018
0 0.428034 0.449297 0.031687 0.029408
0 0.757931 0.385530 0.029067 0.019969
0 0.491521 0.425936 0.034237 0.029244
0 0.569153 0.437720 0.042233 0.030697
0 0.453975 0.463386 0.044348 0.036908
0 0.319800 0.525339 0.071163 0.027944
0 0.361405 0.574568 0.184257 0.147605
0 0.176486 0.625242 0.087190 0.059637
0 0.076991 0.562341 0.073183 0.049262
0 0.136947 0.687907 0.085887 0.069251
0 0.162971 0.423313 0.047951 0.023235
