0 0.795162 0.439679 0.027877 0.025400
0 0.836890 0.441084 0.030785 0.027122
0 0.863906 0.449755 0.023917 0.031573
0 0.856671 0.431121 0.027394 0.024722
0 0.280181 0.471507 0.031410 0.037861
0 0.389868 0.511857 0.064095 0.048883
0 0.254522 0.482228 0.037025 0.037879
0 0.264388 0.454098 0.026842 0.029425
0 0.250099 0.519752 0.044054 0.047909
0 0.276363 0.436195 0.043077 0.029909
0 0.161446 0.510169 0.041082 0.042255
0 0.842917 0.472268 0.037142 0.028974
0 0.344079 0.431712 0.043780 0.026589
0 0.882198 0.470600 0.025724 0.031875
0 0.791090 0.478480 0.039838 0.030356
0 0.406645 0.421988 0.046743 0.024757
0 0.141111 0.494101 0.042083 0.037612
0 0.435788 0.407176 0.038799 0.026446
0 0.486758 0.414440 0.039432 0.024226
0 0.815394 0.490286 0.048840 0.028290
0 0.975434 0.486394 0.049132 0.035364
0 0.894447 0.506436 0.053509 0.036299
0 0.986245 0.515531 0.023634 0.034398
0 0.727730 0.577013 0.031622 0.043753
0 0.533348 0.409591 0.040780 0.024851
0 0.534373 0.394580 0.042949 0.020579
0 0.888557 0.550960 0.075209 0.041052
0 0.721600 0.507836 0.055838 0.034917
0 0.832495 0.532316 0.062452 0.041052
0 0.619851 0.409506 0.042382 0.022507
0 0.722497 0.413440 0.048578 0.025132
0 0.355807 0.412279 0.047370 0.018762
0 0.653093 0.402659 0.041441 0.019881
0 0.632026 0.524393 0.104896 0.062268
0 0.595185 0.564458 0.081261 0.046525
0 0.182374 0.450708 0.054913 0.028218
0 0.505118 0.539016 0.061801 0.038835
0 0.221162 0.454132 0.029810 0.023383
0 0.431445 0.560437 0.066193 0.047639
0 0.791907 0.415488 0.046643 0.020058
0 0.041041 0.480670 0.053919 0.031032
0 0.320079 0.575948 0.072518 0.039762
0 0.661727 0.596913 0.073378 0.058477
0 0.185540 0.556908 0.069379 0.038258
0 0.854382 0.412786 0.042377 0.024695
0 0.890248 0.401866 0.039236 0.022402
0 0.800655 0.392807 0.043375 0.020076
0 0.102251 0.582739 0.077411 0.054448
0 0.532948 0.519769 0.064599 0.036733
0 0.190209 0.784715 0.133390 0.094290
0 0.689503 0.391150 0.038609 0.020147
0 0.200694 0.512598 0.046059 0.052116
0 0.194194 0.479536 0.048288 0.037761
