0 0.183381 0.579643 0.066299 0.076423
0 0.812759 0.415855 0.028574 0.022602
0 0.804086 0.427978 0.027986 0.023538
0 0.309534 0.440177 0.044911 0.030890
0 0.375607 0.426196 0.039756 0.023339
0 0.447467 0.408320 0.042752 0.020438
0 0.709734 0.419152 0.039800 0.025547
0 0.851162 0.429337 0.031551 0.026358
0 0.842231 0.414132 0.030768 0.025224
0 0.807832 0.463725 0.028417 0.029554
0 0.730380 0.507849 0.052647 0.037972
0 0.681936 0.407093 0.035069 0.023962
0 0.661190 0.544816 0.061160 0.044195
0 0.913298 0.529484 0.054176 0.038320
0 0.797498 0.499577 0.045118 0.042168
0 0.053852 0.653377 0.072979 0.072771
0 0.542884 0.407095 0.047330 0.026059
0 0.726524 0.401442 0.034215 0.016503
0 0.144656 0.457829 0.042653 0.029178
0 0.165960 0.468396 0.057184 0.026428
0 0.784466 0.547343 0.057935 0.039480
0 0.264221 0.436657 0.048802 0.028331
0 0.241658 0.428243 0.040315 0.026217
0 0.471774 0.637783 0.071679 0.060590
