0 0.421793 0.402511 0.026262 0.019370
0 0.370433 0.399013 0.037332 0.021811
0 0.408479 0.386018 0.029831 0.020859
0 0.425665 0.424870 0.027638 0.025587
0 0.454564 0.415333 0.023485 0.025329
0 0.464876 0.438128 0.033511 0.027831
0 0.431925 0.459890 0.045960 0.032895
0 0.485875 0.390774 0.028370 0.029894
0 0.441955 0.380384 0.025129 0.022165
0 0.385452 0.480971 0.052845 0.034325
0 0.496045 0.426281 0.031662 0.028249
0 0.407366 0.504197 0.059782 0.035702
0 0.097274 0.439730 0.049938 0.033198
0 0.201280 0.422226 0.046237 0.028183
0 0.270920 0.408780 0.042502 0.024247
0 0.238172 0.523462 0.068969 0.039580
0 0.525332 0.449594 0.043826 0.022859
0 0.595069 0.430384 0.037042 0.026504
0 0.330372 0.400490 0.040963 0.022955
0 0.676644 0.409265 0.036613 0.023006
0 0.139238 0.545515 0.073476 0.045180
0 0.534962 0.424196 0.025691 0.026847
0 0.503198 0.472860 0.046945 0.036897
0 0.518775 0.400903 0.029557 0.025024
0 0.494356 0.499848 0.063443 0.037970
0 0.377369 0.390163 0.035557 0.018995
0 0.054866 0.573248 0.081478 0.053995
0 0.629829 0.440870 0.037997 0.026698
0 0.045784 0.442264 0.050208 0.030005
0 0.385297 0.539573 0.079320 0.044699
0 0.310762 0.513161 0.075019 0.038110
0 0.297215 0.568261 0.083221 0.044309
0 0.201394 0.587851 0.081594 0.048406
0 0.232611 0.544962 0.072877 0.038952
0 0.114085 0.596151 0.083312 0.051862
