0 0.792354 0.438050 0.028214 0.025400
0 0.834283 0.435925 0.030785 0.027122
0 0.863574 0.449173 0.023097 0.030964
0 0.855918 0.430063 0.027394 0.024722
0 0.273306 0.490112 0.030644 0.045496
0 0.653806 0.512007 0.064095 0.038069
0 0.318008 0.521805 0.059219 0.041816
0 0.250051 0.467377 0.031388 0.034554
0 0.084645 0.683399 0.094595 0.084568
0 0.031438 0.666358 0.062876 0.068178
0 0.842917 0.472268 0.037142 0.028974
0 0.298139 0.443418 0.043773 0.032294
0 0.882967 0.468678 0.025724 0.031875
0 0.792242 0.476591 0.039838 0.030356
0 0.100505 0.571147 0.042489 0.059553
0 0.360677 0.424991 0.042690 0.025539
0 0.821805 0.487654 0.041399 0.028290
0 0.896759 0.559340 0.030047 0.038427
0 0.032536 0.480594 0.058405 0.039381
0 0.431296 0.415751 0.042382 0.022507
0 0.513665 0.411649 0.048578 0.025132
0 0.473671 0.405166 0.042996 0.019881
0 0.571493 0.410299 0.044241 0.023451
0 0.632493 0.408079 0.042377 0.024695
0 0.594944 0.398632 0.039236 0.017198
0 0.546406 0.397481 0.036053 0.021403
0 0.938562 0.505175 0.062882 0.035771
0 0.827444 0.516767 0.059001 0.034554
0 0.837927 0.539872 0.059502 0.031822
0 0.786206 0.503051 0.049675 0.032393
0 0.714192 0.553086 0.065015 0.038553
0 0.937366 0.530987 0.060521 0.043310
0 0.694098 0.409772 0.041854 0.019068
0 0.745066 0.414260 0.042639 0.019068
0 0.366590 0.409884 0.046805 0.019364
0 0.575663 0.556263 0.074903 0.041394
0 0.639629 0.530049 0.070773 0.041840
0 0.803222 0.564122 0.072000 0.044313
0 0.131747 0.460773 0.051465 0.029454
0 0.229592 0.428378 0.049835 0.031888
0 0.799011 0.414663 0.035031 0.018443
0 0.725621 0.398572 0.044704 0.023132
0 0.129308 0.513416 0.038746 0.043269
0 0.858192 0.411563 0.045227 0.027195
0 0.771228 0.396825 0.041356 0.017193
0 0.306642 0.424705 0.038691 0.021088
0 0.737409 0.510755 0.054107 0.038479
0 0.232602 0.453486 0.047395 0.033828
0 0.153200 0.578376 0.055414 0.070955
0 0.163498 0.522434 0.038167 0.050266
