0 0.434433 0.414629 0.025547 0.025734
0 0.396658 0.404840 0.034810 0.021811
0 0.435154 0.398135 0.029831 0.023555
0 0.479360 0.409780 0.027991 0.030863
0 0.410285 0.459498 0.041289 0.033796
0 0.020636 0.449912 0.041271 0.031690
0 0.374615 0.486323 0.058712 0.033311
0 0.111352 0.414082 0.053324 0.033017
0 0.310814 0.504281 0.058583 0.035482
0 0.525510 0.460060 0.051242 0.027592
0 0.669164 0.411229 0.043430 0.029772
0 0.428124 0.496916 0.056279 0.037389
0 0.233773 0.524102 0.069448 0.032992
0 0.528456 0.486773 0.059264 0.039233
0 0.147229 0.430030 0.048633 0.030453
0 0.195305 0.413456 0.042812 0.023956
0 0.325834 0.394726 0.040019 0.023832
0 0.268008 0.538295 0.067519 0.037658
0 0.361685 0.539666 0.071183 0.047373
0 0.248912 0.412044 0.042057 0.025278
0 0.294540 0.391590 0.043144 0.021565
0 0.235409 0.592682 0.085581 0.054801
0 0.168830 0.560913 0.068732 0.049037
0 0.093833 0.606368 0.082104 0.051250
