0 0.390958 0.388734 0.035923 0.029947
0 0.269417 0.383559 0.110754 0.044187
0 0.330378 0.392543 0.043484 0.029475
0 0.366518 0.485167 0.060060 0.030449
0 0.394253 0.496916 0.050878 0.038059
0 0.330903 0.526366 0.072664 0.042997
0 0.433219 0.415827 0.028872 0.028695
0 0.359882 0.543524 0.059714 0.044792
0 0.305842 0.509965 0.052735 0.032987
0 0.127514 0.430475 0.046031 0.027908
0 0.459561 0.476984 0.041109 0.034445
0 0.414591 0.513618 0.046947 0.036688
0 0.245004 0.564225 0.075347 0.045989
0 0.292591 0.577010 0.068080 0.048609
0 0.186186 0.417668 0.046601 0.028133
0 0.236097 0.528542 0.074556 0.039311
0 0.237170 0.408408 0.043905 0.025507
0 0.693297 0.394000 0.031921 0.025139
0 0.622893 0.427821 0.039535 0.029145
0 0.451131 0.516889 0.048113 0.044531
0 0.370609 0.579113 0.059012 0.048964
