0 0.416326 0.398219 0.026262 0.019370
0 0.367034 0.398235 0.037719 0.021811
0 0.426205 0.421244 0.027638 0.025587
0 0.451986 0.410596 0.023485 0.025329
0 0.477777 0.424213 0.029575 0.024964
0 0.434258 0.457526 0.045960 0.032895
0 0.458649 0.368798 0.032033 0.022212
0 0.388849 0.477978 0.052845 0.034325
0 0.479586 0.405331 0.027415 0.025368
0 0.466209 0.465881 0.035387 0.034332
0 0.048067 0.452099 0.057745 0.041831
0 0.142035 0.433011 0.045819 0.028549
0 0.231563 0.414706 0.045107 0.025586
0 0.248993 0.521253 0.068969 0.039580
0 0.644947 0.409985 0.036820 0.025520
0 0.703251 0.390229 0.032230 0.023100
0 0.306629 0.402656 0.042187 0.024489
0 0.780899 0.373389 0.030941 0.018318
0 0.159579 0.539791 0.073476 0.045180
0 0.519212 0.410216 0.028946 0.026847
0 0.522732 0.440215 0.028175 0.036661
0 0.469933 0.380129 0.027121 0.022682
0 0.608206 0.448307 0.045848 0.026827
0 0.356316 0.393995 0.035557 0.018995
0 0.076232 0.568592 0.081478 0.053995
0 0.746947 0.390065 0.031982 0.022379
0 0.539566 0.479918 0.053498 0.033649
0 0.323065 0.506319 0.062807 0.030458
0 0.432423 0.523074 0.066619 0.039840
0 0.338637 0.542729 0.062545 0.039085
0 0.399950 0.505429 0.055565 0.040690
0 0.306433 0.529631 0.060349 0.037369
