0 0.422718 0.403586 0.026262 0.019370
0 0.373640 0.399747 0.036968 0.021811
0 0.424111 0.391915 0.029831 0.020859
0 0.454453 0.386571 0.029295 0.022319
0 0.425868 0.425701 0.027638 0.025587
0 0.455818 0.419175 0.023485 0.025329
0 0.462294 0.439575 0.033511 0.027831
0 0.429724 0.462120 0.045960 0.032895
0 0.504831 0.408347 0.027912 0.031314
0 0.476357 0.405693 0.024121 0.023617
0 0.382247 0.483794 0.052845 0.034325
0 0.494692 0.437332 0.033962 0.029810
0 0.311941 0.512141 0.060461 0.035602
0 0.154148 0.425963 0.049964 0.033198
0 0.230571 0.415717 0.047665 0.027838
0 0.293261 0.405758 0.041656 0.023811
0 0.801207 0.363679 0.067007 0.046946
0 0.211734 0.533350 0.070332 0.034259
0 0.449336 0.477029 0.042908 0.021851
0 0.511279 0.460739 0.046352 0.031738
0 0.353630 0.395756 0.040255 0.021033
0 0.544861 0.403760 0.017119 0.025339
0 0.586874 0.446356 0.041548 0.032050
0 0.135093 0.547453 0.073476 0.045180
0 0.533902 0.438875 0.031284 0.026847
0 0.466949 0.493896 0.055023 0.040453
0 0.523000 0.401907 0.023326 0.025024
0 0.399813 0.525611 0.064824 0.038580
0 0.402746 0.386144 0.033993 0.017604
0 0.049474 0.574642 0.081478 0.053995
0 0.519509 0.500780 0.049641 0.034727
0 0.058702 0.440765 0.054254 0.035635
0 0.293683 0.571362 0.081063 0.045251
0 0.254102 0.549348 0.075914 0.044561
0 0.164954 0.614270 0.090486 0.052216
