0 0.795353 0.439790 0.027854 0.025400
0 0.837067 0.441435 0.030785 0.027122
0 0.863999 0.449920 0.024149 0.031745
0 0.856722 0.431193 0.027394 0.024722
0 0.280552 0.470450 0.031493 0.037369
0 0.357920 0.510453 0.064095 0.048883
0 0.254238 0.481900 0.036375 0.037710
0 0.264707 0.453984 0.026842 0.029425
0 0.251020 0.518582 0.043883 0.047706
0 0.294940 0.433710 0.043077 0.029909
0 0.161701 0.509940 0.041082 0.042255
0 0.842917 0.472268 0.037142 0.028974
0 0.361144 0.428326 0.043780 0.026589
0 0.882146 0.470731 0.025724 0.031875
0 0.790983 0.478415 0.039838 0.030356
0 0.421612 0.420552 0.046743 0.024757
0 0.141609 0.493457 0.042083 0.037612
0 0.453075 0.405842 0.041155 0.026241
0 0.502384 0.413972 0.039432 0.024226
0 0.814505 0.491254 0.050942 0.028290
0 0.929514 0.494679 0.056241 0.033570
0 0.847153 0.507965 0.056646 0.036299
0 0.954116 0.521053 0.024919 0.034398
0 0.726891 0.578075 0.031622 0.043753
0 0.558935 0.409708 0.040780 0.024851
0 0.563964 0.394113 0.042949 0.020579
0 0.844512 0.554283 0.075209 0.041052
0 0.696620 0.513180 0.055838 0.034917
0 0.771262 0.538683 0.062452 0.041052
0 0.642118 0.409856 0.042382 0.022507
0 0.745815 0.413778 0.048578 0.025132
0 0.489432 0.396695 0.039569 0.023964
0 0.382175 0.407608 0.047370 0.018762
0 0.679949 0.403827 0.041441 0.019881
0 0.665636 0.376548 0.039245 0.019881
0 0.562413 0.530484 0.106472 0.062268
0 0.523636 0.569953 0.081261 0.046525
0 0.227429 0.437513 0.050994 0.024780
0 0.439290 0.541662 0.061801 0.038835
0 0.228239 0.451307 0.038840 0.026131
0 0.363792 0.559033 0.066193 0.047639
0 0.814306 0.414962 0.046643 0.020058
0 0.099101 0.468318 0.051284 0.031795
0 0.250782 0.578476 0.072518 0.039762
0 0.642638 0.603926 0.073378 0.064404
0 0.111310 0.556908 0.069379 0.038258
0 0.878851 0.413761 0.042377 0.024695
0 0.917776 0.402841 0.039236 0.022402
0 0.841641 0.394682 0.043375 0.017714
0 0.603615 0.512463 0.057758 0.032910
0 0.104598 0.836984 0.130716 0.108858
0 0.731782 0.390913 0.037756 0.022071
0 0.201248 0.512001 0.045992 0.051871
0 0.194617 0.479255 0.048240 0.037572
