0 0.777604 0.429990 0.023232 0.030373
0 0.788814 0.417201 0.024371 0.030227
0 0.135229 0.587945 0.059917 0.055783
0 0.219171 0.552243 0.043905 0.048888
0 0.276015 0.452333 0.041411 0.047643
0 0.811152 0.411900 0.024139 0.029501
0 0.839421 0.443702 0.028575 0.030400
0 0.817451 0.459937 0.026681 0.033471
0 0.406319 0.420714 0.043849 0.023315
0 0.458500 0.414900 0.041729 0.026283
0 0.838749 0.413795 0.028603 0.026112
0 0.513841 0.404210 0.041848 0.020438
0 0.779593 0.455003 0.030307 0.034815
0 0.886550 0.469547 0.031551 0.035148
0 0.873912 0.440800 0.037417 0.032360
0 0.763694 0.514614 0.048670 0.039092
0 0.052698 0.481164 0.051818 0.036538
0 0.563726 0.578176 0.068904 0.054563
0 0.143390 0.461881 0.056467 0.035019
0 0.694984 0.411640 0.035069 0.023962
0 0.361336 0.660046 0.090017 0.064737
0 0.632521 0.578962 0.065692 0.054193
0 0.205366 0.486860 0.041996 0.038133
0 0.207605 0.434616 0.047571 0.031444
0 0.420901 0.694691 0.098997 0.069950
