0 0.797059 0.440779 0.027649 0.025400
0 0.837625 0.444014 0.030785 0.027122
0 0.864836 0.451389 0.026216 0.033281
0 0.857179 0.431836 0.027394 0.024722
0 0.283856 0.461021 0.032230 0.032977
0 0.330780 0.502818 0.054144 0.048883
0 0.251706 0.478976 0.030575 0.036198
0 0.300999 0.439722 0.037018 0.024757
0 0.363536 0.424527 0.044259 0.031253
0 0.259236 0.508146 0.042359 0.045890
0 0.803534 0.465398 0.029475 0.030056
0 0.441820 0.412249 0.052111 0.025778
0 0.163982 0.507895 0.041082 0.042255
0 0.842917 0.472268 0.037142 0.028974
0 0.282375 0.419128 0.045634 0.025073
0 0.151304 0.452863 0.046643 0.031298
0 0.508598 0.414543 0.040957 0.021360
0 0.932872 0.518257 0.059908 0.032863
0 0.890331 0.497717 0.058442 0.036524
0 0.809508 0.539008 0.059572 0.036215
0 0.717003 0.523455 0.059953 0.032408
0 0.690604 0.504100 0.052406 0.032969
0 0.591675 0.412178 0.046743 0.024757
0 0.205672 0.449459 0.049147 0.035560
0 0.726413 0.551255 0.069355 0.043138
0 0.166179 0.475382 0.045444 0.034308
0 0.670808 0.406491 0.041155 0.026241
0 0.724115 0.410934 0.039432 0.024226
0 0.620999 0.555575 0.079709 0.049003
0 0.576847 0.521873 0.071556 0.039669
0 0.514251 0.584506 0.071920 0.041262
0 0.470096 0.547431 0.071526 0.042763
0 0.349122 0.543331 0.066677 0.036299
0 0.436624 0.571978 0.035778 0.042349
0 0.017397 0.484383 0.034794 0.032837
0 0.708150 0.592295 0.031622 0.043753
0 0.788678 0.411220 0.040780 0.022953
0 0.760882 0.397644 0.049235 0.020579
0 0.556807 0.398780 0.041392 0.025360
0 0.189351 0.579241 0.076345 0.041052
0 0.215955 0.549527 0.066850 0.044065
0 0.078138 0.578386 0.075293 0.041052
0 0.874791 0.418079 0.042382 0.022507
0 0.913157 0.408942 0.040500 0.025132
0 0.848290 0.394603 0.047088 0.023632
0 0.083693 0.851981 0.145138 0.120408
0 0.157097 0.528412 0.072731 0.038351
0 0.206191 0.506673 0.045399 0.049683
0 0.198399 0.476746 0.047819 0.035891
