0 0.377261 0.392265 0.038468 0.027073
0 0.426185 0.415659 0.024057 0.031306
0 0.034365 0.459781 0.050474 0.026362
0 0.398936 0.466846 0.045903 0.031495
0 0.387341 0.377034 0.037615 0.022131
0 0.106898 0.441546 0.040134 0.022893
0 0.325928 0.502258 0.073691 0.044685
0 0.667260 0.397677 0.037840 0.026178
0 0.431167 0.393216 0.034792 0.026779
0 0.426526 0.445613 0.033756 0.033633
0 0.482773 0.393594 0.062385 0.065636
0 0.395393 0.495755 0.057309 0.044126
0 0.250200 0.523769 0.068603 0.040938
0 0.481402 0.462351 0.035648 0.038620
0 0.502278 0.437210 0.029417 0.028812
0 0.314157 0.540992 0.058389 0.043873
0 0.564694 0.466904 0.048555 0.034571
0 0.459900 0.454426 0.030555 0.029813
0 0.178815 0.425628 0.039654 0.026049
0 0.460165 0.420706 0.029610 0.031259
0 0.253289 0.554537 0.068940 0.045254
0 0.460818 0.501787 0.051489 0.044503
0 0.255373 0.408296 0.040948 0.028311
0 0.128027 0.420669 0.041603 0.024635
0 0.178918 0.608643 0.088877 0.058224
0 0.317321 0.569316 0.060233 0.045913
0 0.366188 0.575578 0.075690 0.052554
0 0.317886 0.389153 0.028649 0.023444
0 0.163080 0.673791 0.105395 0.094969
0 0.085349 0.784734 0.102315 0.094921
