0 0.373662 0.387140 0.031741 0.019370
0 0.363763 0.397486 0.038091 0.021811
0 0.420989 0.400608 0.027638 0.025587
0 0.445669 0.399652 0.023485 0.025329
0 0.477987 0.405440 0.021259 0.022247
0 0.444974 0.443088 0.030175 0.029790
0 0.403362 0.466790 0.045797 0.034325
0 0.458633 0.386717 0.027415 0.022790
0 0.483811 0.438105 0.027072 0.032348
0 0.026181 0.460321 0.052362 0.039630
0 0.098650 0.444688 0.053606 0.028715
0 0.180997 0.425177 0.044252 0.023811
0 0.259405 0.519128 0.068969 0.039580
0 0.746568 0.378366 0.030746 0.021885
0 0.258687 0.410867 0.041815 0.023869
0 0.166031 0.538317 0.073476 0.045180
0 0.491961 0.393163 0.030313 0.019900
0 0.509116 0.413882 0.031248 0.033310
0 0.720806 0.399974 0.034528 0.022374
0 0.326064 0.398699 0.040134 0.022893
0 0.083926 0.566280 0.081478 0.053995
0 0.832241 0.358514 0.024578 0.019255
0 0.663903 0.410073 0.035053 0.023768
0 0.338108 0.505335 0.057400 0.035638
0 0.594587 0.452731 0.047372 0.032004
0 0.496506 0.487241 0.049934 0.031458
0 0.469099 0.476074 0.047645 0.029449
0 0.407848 0.498895 0.056385 0.035465
0 0.291871 0.568869 0.071855 0.054913
0 0.101454 0.714685 0.094526 0.070660
