0 0.771242 0.429631 0.034272 0.025400
0 0.800560 0.400845 0.031387 0.023232
0 0.826204 0.397314 0.030480 0.025093
0 0.731144 0.500144 0.055309 0.038069
0 0.827366 0.430659 0.028966 0.027447
0 0.861554 0.439854 0.031626 0.031325
0 0.800967 0.463300 0.024371 0.027415
0 0.832865 0.456731 0.026682 0.028290
0 0.045300 0.493724 0.063402 0.032258
0 0.080675 0.684839 0.093379 0.081065
0 0.089002 0.473921 0.051706 0.024426
0 0.201323 0.452895 0.051716 0.031379
0 0.821773 0.482011 0.038636 0.032393
0 0.275385 0.452209 0.043932 0.033083
0 0.375973 0.425199 0.042639 0.023721
0 0.436699 0.418787 0.037976 0.020574
0 0.544679 0.408495 0.045227 0.027195
0 0.872803 0.465345 0.028670 0.031629
0 0.786019 0.496964 0.046812 0.032661
0 0.799403 0.521531 0.055719 0.034173
0 0.845223 0.503043 0.044895 0.034901
0 0.724188 0.528303 0.056070 0.035225
0 0.633212 0.413494 0.043849 0.021061
0 0.691457 0.410800 0.041729 0.026283
0 0.826380 0.537243 0.061524 0.034936
0 0.057576 0.643795 0.080482 0.067703
0 0.751076 0.411556 0.039224 0.020438
0 0.333743 0.655226 0.091180 0.071683
0 0.278809 0.427191 0.046055 0.034015
0 0.143499 0.457195 0.052784 0.034869
0 0.300122 0.732462 0.113150 0.083816
0 0.195953 0.819102 0.055138 0.054618
