0 0.439260 0.422143 0.025505 0.026111
0 0.401930 0.408414 0.032589 0.025281
0 0.441359 0.401262 0.031974 0.026422
0 0.465155 0.436093 0.038992 0.030863
0 0.278878 0.519598 0.062090 0.040566
0 0.068631 0.438614 0.052182 0.027675
0 0.126233 0.437364 0.053099 0.031146
0 0.543867 0.462025 0.050004 0.034976
0 0.311776 0.403354 0.041588 0.025371
0 0.263228 0.392718 0.035590 0.019282
0 0.406127 0.380713 0.036728 0.026428
0 0.404552 0.365423 0.035200 0.020316
0 0.341856 0.570025 0.031487 0.041610
0 0.453932 0.369700 0.037062 0.020555
0 0.089873 0.570073 0.072535 0.044653
0 0.496987 0.353756 0.037180 0.027838
