0 0.793427 0.438672 0.028085 0.025400
0 0.835279 0.437897 0.030785 0.027122
0 0.863574 0.449173 0.023097 0.030964
0 0.856206 0.430467 0.027394 0.024722
0 0.276820 0.481100 0.030660 0.042330
0 0.598839 0.509592 0.064095 0.038069
0 0.257097 0.485203 0.042925 0.039417
0 0.261491 0.455137 0.026842 0.029425
0 0.241741 0.530368 0.045606 0.049757
0 0.147483 0.528165 0.044766 0.046785
0 0.842917 0.472268 0.037142 0.028974
0 0.303041 0.439913 0.043777 0.029298
0 0.882674 0.469413 0.025724 0.031875
0 0.791855 0.477657 0.039838 0.030356
0 0.348753 0.430172 0.051713 0.024757
0 0.131795 0.505947 0.041861 0.041055
0 0.393831 0.423253 0.042690 0.025539
0 0.820162 0.487255 0.041399 0.028290
0 0.875292 0.561159 0.030047 0.038427
0 0.252086 0.426180 0.048417 0.029604
0 0.451945 0.414352 0.042382 0.022507
0 0.538141 0.409479 0.048578 0.025132
0 0.048366 0.481255 0.057543 0.033994
0 0.514734 0.401814 0.038025 0.019881
0 0.973709 0.501932 0.049061 0.039099
0 0.606078 0.410330 0.044241 0.023451
0 0.888136 0.514061 0.056748 0.037072
0 0.835385 0.545142 0.061307 0.048481
0 0.770112 0.531049 0.060340 0.036476
0 0.672944 0.407797 0.042377 0.024695
0 0.663970 0.398047 0.039236 0.017198
0 0.603069 0.395649 0.036053 0.021403
0 0.683978 0.555770 0.074271 0.041716
0 0.593363 0.539810 0.070265 0.040487
0 0.683982 0.514812 0.064599 0.041856
0 0.579718 0.570744 0.072154 0.039387
0 0.742176 0.508706 0.060533 0.035650
0 0.433914 0.579600 0.076820 0.041592
0 0.753012 0.575917 0.075441 0.053030
0 0.741696 0.411206 0.041854 0.019068
0 0.810685 0.412638 0.042639 0.019068
0 0.742795 0.391229 0.036364 0.019381
0 0.410467 0.405365 0.046805 0.019364
0 0.186972 0.449813 0.046643 0.031520
0 0.219838 0.569666 0.074903 0.041394
0 0.231409 0.535626 0.070773 0.034181
0 0.329090 0.407836 0.042614 0.021052
0 0.147271 0.454480 0.054028 0.029175
0 0.249846 0.763333 0.108321 0.088473
0 0.195665 0.518018 0.046662 0.054341
0 0.190347 0.482088 0.048716 0.039471
