0 0.422644 0.403500 0.026262 0.019370
0 0.373384 0.399689 0.036997 0.021811
0 0.423775 0.391877 0.029831 0.020859
0 0.451282 0.384183 0.027449 0.021712
0 0.425851 0.425635 0.027638 0.025587
0 0.455718 0.418868 0.023485 0.025329
0 0.462500 0.439460 0.033511 0.027831
0 0.429900 0.461942 0.045960 0.032895
0 0.503603 0.407368 0.027912 0.031314
0 0.475174 0.404116 0.024121 0.023617
0 0.382504 0.483568 0.052845 0.034325
0 0.495036 0.436766 0.033962 0.029810
0 0.313508 0.511235 0.060461 0.034518
0 0.152177 0.426225 0.050218 0.033198
0 0.228875 0.415984 0.047551 0.027865
0 0.291696 0.405914 0.041656 0.023811
0 0.806727 0.361388 0.065844 0.046115
0 0.213984 0.532832 0.070011 0.036274
0 0.454829 0.474968 0.042908 0.021851
0 0.517678 0.458601 0.045705 0.031429
0 0.351052 0.396224 0.040363 0.021323
0 0.544861 0.403760 0.017119 0.025339
0 0.593526 0.443297 0.041548 0.032050
0 0.135327 0.547314 0.073476 0.045180
0 0.534031 0.437665 0.031284 0.026847
0 0.469933 0.492325 0.054613 0.039732
0 0.522824 0.401892 0.023857 0.025024
0 0.406879 0.523911 0.064824 0.038580
0 0.399564 0.386416 0.034361 0.017931
0 0.049905 0.574530 0.081478 0.053995
0 0.528050 0.496066 0.048759 0.034107
0 0.058499 0.440755 0.054245 0.035635
0 0.301222 0.568863 0.081063 0.045251
0 0.270474 0.544331 0.075914 0.044561
0 0.180393 0.609569 0.089079 0.050416
