0 0.431266 0.412344 0.025936 0.022277
0 0.392319 0.404133 0.034810 0.021811
0 0.432434 0.395590 0.029831 0.021735
0 0.477839 0.405625 0.025061 0.025595
0 0.416797 0.452433 0.032829 0.029109
0 0.399442 0.476811 0.050755 0.033311
0 0.339748 0.495671 0.054405 0.032421
0 0.271458 0.517897 0.069448 0.034681
0 0.782490 0.376771 0.028810 0.020814
0 0.788440 0.360795 0.032076 0.018244
0 0.020110 0.461274 0.040219 0.032429
0 0.149947 0.428383 0.054859 0.027561
0 0.698741 0.391647 0.029314 0.023347
0 0.237773 0.409049 0.046882 0.028245
0 0.681876 0.416370 0.037094 0.027761
0 0.510920 0.428774 0.028449 0.035063
0 0.432920 0.486866 0.049283 0.037350
0 0.550005 0.453259 0.041786 0.033663
0 0.364691 0.520506 0.062227 0.037366
0 0.304878 0.401314 0.040668 0.021753
0 0.363786 0.392773 0.038900 0.021143
0 0.500248 0.493363 0.053033 0.042684
0 0.296486 0.564780 0.072206 0.045912
0 0.158278 0.544814 0.075776 0.039983
0 0.415773 0.388331 0.030802 0.019874
0 0.066566 0.437958 0.044947 0.027908
0 0.187170 0.595425 0.085846 0.053391
0 0.194551 0.562736 0.071049 0.045482
0 0.470073 0.375637 0.034508 0.018018
0 0.023846 0.438167 0.047691 0.025147
0 0.169713 0.599881 0.088538 0.055082
0 0.165475 0.408391 0.047716 0.022507
