0 0.369919 0.391818 0.038710 0.027073
0 0.424847 0.406999 0.024057 0.031306
0 0.411443 0.449012 0.037875 0.031495
0 0.387341 0.377034 0.037615 0.022131
0 0.361985 0.490064 0.066639 0.039034
0 0.412606 0.389923 0.038660 0.026770
0 0.427946 0.429575 0.025529 0.033633
0 0.432031 0.367596 0.082863 0.037926
0 0.419593 0.473919 0.043581 0.036602
0 0.289835 0.506806 0.068603 0.034570
0 0.495569 0.409719 0.027835 0.035217
0 0.486717 0.386047 0.023960 0.026368
0 0.466424 0.425197 0.028963 0.029821
0 0.035207 0.455452 0.043563 0.034485
0 0.452682 0.404800 0.029597 0.030479
0 0.280415 0.538470 0.065263 0.038059
0 0.670335 0.417521 0.042438 0.026772
0 0.130536 0.433347 0.042969 0.028980
0 0.245082 0.574677 0.072664 0.049504
0 0.462370 0.472115 0.044915 0.036015
0 0.526203 0.410144 0.031984 0.032504
0 0.203313 0.419337 0.040705 0.025790
0 0.418047 0.505304 0.064369 0.054564
0 0.110594 0.609490 0.093220 0.053476
0 0.459330 0.524517 0.056610 0.041839
0 0.328536 0.560300 0.068450 0.051423
0 0.348388 0.524533 0.047840 0.039796
0 0.179223 0.641772 0.066914 0.061052
0 0.134748 0.714224 0.092252 0.076990
