0 0.644859 0.521102 0.054105 0.046484
0 0.073281 0.634435 0.074342 0.074795
0 0.221094 0.491293 0.051042 0.052791
0 0.464520 0.634799 0.083192 0.064049
0 0.636470 0.391342 0.038816 0.023680
0 0.814498 0.442349 0.041465 0.029952
0 0.808656 0.553614 0.071682 0.050851
0 0.801997 0.516476 0.054001 0.044296
0 0.853410 0.486675 0.029951 0.036462
0 0.716226 0.512335 0.061686 0.039361
0 0.764973 0.482451 0.034794 0.036451
0 0.699126 0.401832 0.031924 0.023358
0 0.886047 0.460557 0.033845 0.035714
0 0.179724 0.549923 0.064690 0.066156
0 0.499509 0.410308 0.045846 0.026386
0 0.855633 0.427089 0.037047 0.032384
0 0.828138 0.400016 0.029658 0.027092
0 0.758057 0.405681 0.027616 0.025152
0 0.784648 0.417607 0.040639 0.027693
0 0.668147 0.412859 0.044059 0.023382
0 0.564742 0.405035 0.041615 0.027766
