0 0.666722 0.520168 0.054105 0.039947
0 0.166561 0.543593 0.055907 0.060924
0 0.582106 0.585503 0.075682 0.051723
0 0.635039 0.390972 0.038816 0.023680
0 0.805555 0.437847 0.041465 0.029952
0 0.351216 0.408969 0.038235 0.031968
0 0.742388 0.576904 0.074797 0.050557
0 0.925942 0.527746 0.059648 0.043456
0 0.820219 0.502480 0.046836 0.041980
0 0.854711 0.476560 0.029951 0.036462
0 0.732098 0.508648 0.061686 0.039361
0 0.769366 0.469507 0.034794 0.036451
0 0.680897 0.395791 0.035139 0.019888
0 0.874982 0.449113 0.035891 0.035714
0 0.111420 0.620429 0.076957 0.074971
0 0.497011 0.410597 0.045846 0.026624
0 0.843125 0.417441 0.037047 0.032384
0 0.763754 0.413273 0.040639 0.027693
0 0.667463 0.412748 0.044059 0.023382
0 0.564138 0.405088 0.041615 0.027766
