0 0.352969 0.386694 0.037116 0.027073
0 0.426245 0.402820 0.024057 0.031306
0 0.415521 0.443654 0.029300 0.031495
0 0.380437 0.483440 0.066639 0.039034
0 0.399469 0.386548 0.038660 0.026770
0 0.428403 0.424994 0.023337 0.028178
0 0.417409 0.364143 0.087741 0.037926
0 0.428681 0.463366 0.039015 0.036602
0 0.313243 0.505888 0.066550 0.034570
0 0.472128 0.409043 0.023329 0.027410
0 0.451903 0.395543 0.020887 0.025604
0 0.290833 0.533385 0.065263 0.038059
0 0.255592 0.569993 0.072664 0.049504
0 0.496020 0.414639 0.027210 0.023420
0 0.489119 0.443243 0.048419 0.047458
0 0.174049 0.608587 0.093220 0.053476
0 0.452779 0.485753 0.050331 0.037849
0 0.355048 0.520342 0.051004 0.030394
0 0.707919 0.402431 0.033182 0.027062
0 0.143722 0.661551 0.089759 0.062118
0 0.056289 0.441704 0.037398 0.025717
0 0.218569 0.533787 0.052735 0.040512
0 0.150215 0.424893 0.041774 0.027908
0 0.381201 0.531471 0.067128 0.044559
0 0.320498 0.578671 0.060133 0.047187
0 0.063020 0.664954 0.097622 0.058357
0 0.043654 0.728703 0.087307 0.079403
0 0.248473 0.401557 0.040774 0.028133
0 0.088511 0.592377 0.081727 0.060073
0 0.175287 0.709333 0.088798 0.074018
0 0.067319 0.789685 0.114809 0.093444
