0 0.429813 0.411295 0.026114 0.020690
0 0.390327 0.403808 0.034810 0.021811
0 0.431186 0.394421 0.029831 0.020900
0 0.477021 0.403906 0.025061 0.024105
0 0.421589 0.442138 0.030507 0.027967
0 0.444954 0.456770 0.036752 0.031863
0 0.392579 0.482034 0.050337 0.030526
0 0.320221 0.500759 0.063808 0.029638
0 0.063927 0.442448 0.058621 0.027561
0 0.143011 0.429138 0.050964 0.028245
0 0.511492 0.422204 0.027912 0.032512
0 0.776922 0.376734 0.028729 0.020394
0 0.483667 0.450492 0.029446 0.026724
0 0.214996 0.417929 0.042863 0.024774
0 0.268119 0.408357 0.038999 0.021467
0 0.744030 0.397146 0.031505 0.020874
0 0.672469 0.406899 0.035898 0.027157
0 0.230245 0.531019 0.073250 0.039976
0 0.315615 0.402885 0.035185 0.021010
0 0.617040 0.430837 0.041990 0.025319
0 0.446712 0.481132 0.050559 0.034978
0 0.368374 0.392332 0.037329 0.022895
0 0.536278 0.464134 0.045858 0.034459
0 0.565461 0.481245 0.052691 0.036882
0 0.371792 0.513240 0.066201 0.036797
0 0.119563 0.563801 0.070934 0.040530
0 0.429013 0.521137 0.058492 0.039266
0 0.469304 0.375167 0.039559 0.024735
0 0.310790 0.536432 0.070918 0.047978
0 0.095481 0.418292 0.047799 0.023258
0 0.306855 0.566283 0.079112 0.045032
0 0.125006 0.619019 0.089909 0.056182
0 0.292768 0.386497 0.039098 0.020455
0 0.188532 0.411167 0.047402 0.025883
0 0.082041 0.602024 0.077366 0.047342
