0 0.798308 0.441722 0.027641 0.025729
0 0.837185 0.445504 0.030785 0.027122
0 0.865471 0.452504 0.027785 0.034445
0 0.857525 0.432324 0.027394 0.024722
0 0.344507 0.430599 0.040896 0.026064
0 0.311152 0.495791 0.046412 0.048883
0 0.248550 0.477148 0.027575 0.035416
0 0.470676 0.417432 0.037018 0.024757
0 0.548230 0.410613 0.043300 0.027500
0 0.267576 0.496787 0.039013 0.044748
0 0.803196 0.466563 0.030353 0.030280
0 0.893474 0.501003 0.067238 0.029620
0 0.629537 0.410057 0.041069 0.025778
0 0.165712 0.506344 0.041082 0.042255
0 0.843008 0.530430 0.062911 0.038536
0 0.733052 0.507437 0.063866 0.038261
0 0.751799 0.539335 0.070898 0.039249
0 0.688780 0.525009 0.067169 0.038412
0 0.547281 0.393376 0.039528 0.019619
0 0.480592 0.394637 0.034421 0.021386
0 0.705281 0.413998 0.040957 0.021360
0 0.644065 0.558215 0.079048 0.046364
0 0.943402 0.530845 0.060547 0.048390
0 0.477143 0.548022 0.076044 0.041412
0 0.613442 0.394302 0.039925 0.019881
0 0.119838 0.465957 0.058913 0.036288
0 0.378248 0.579675 0.080054 0.045913
0 0.282806 0.553254 0.072279 0.038891
0 0.279710 0.526456 0.070020 0.036191
0 0.785849 0.416109 0.046743 0.024757
0 0.433555 0.410479 0.043152 0.025883
0 0.230143 0.583967 0.072154 0.043138
0 0.375295 0.415806 0.040957 0.023444
0 0.583643 0.402874 0.037815 0.022663
0 0.681134 0.400951 0.039868 0.020839
0 0.851822 0.409784 0.045532 0.027352
0 0.912168 0.414435 0.039432 0.024226
0 0.111136 0.561703 0.074809 0.049003
0 0.150004 0.534480 0.071556 0.039669
0 0.524837 0.670136 0.040239 0.050274
0 0.508857 0.406274 0.044766 0.026633
0 0.226538 0.447958 0.044053 0.034481
0 0.209942 0.502631 0.044949 0.048024
0 0.201267 0.474842 0.047499 0.034616
