0 0.795500 0.439875 0.027836 0.025400
0 0.837204 0.441705 0.030785 0.027122
0 0.864072 0.450046 0.024327 0.031878
0 0.856761 0.431249 0.027394 0.024722
0 0.280837 0.469637 0.031556 0.036991
0 0.347163 0.509635 0.063562 0.048883
0 0.254020 0.481648 0.035875 0.037579
0 0.264945 0.453853 0.026988 0.029359
0 0.044065 0.488963 0.060405 0.040633
0 0.251728 0.517683 0.043752 0.047549
0 0.309605 0.431918 0.043077 0.029909
0 0.161898 0.509764 0.041082 0.042255
0 0.842917 0.472268 0.037142 0.028974
0 0.374272 0.425721 0.043780 0.026589
0 0.882488 0.472075 0.028057 0.031951
0 0.790712 0.478396 0.039838 0.030356
0 0.433627 0.420055 0.046743 0.024757
0 0.141957 0.492983 0.042083 0.037612
0 0.465316 0.405465 0.041155 0.026241
0 0.516559 0.413776 0.039432 0.024226
0 0.976313 0.493525 0.047374 0.033986
0 0.808477 0.492551 0.053295 0.028813
0 0.980944 0.524766 0.038111 0.036741
0 0.896411 0.501513 0.056130 0.032111
0 0.810562 0.510276 0.062920 0.036299
0 0.933372 0.526298 0.025681 0.035003
0 0.726245 0.578892 0.031622 0.043753
0 0.578528 0.409796 0.040780 0.024851
0 0.587229 0.393709 0.042949 0.020579
0 0.807243 0.560735 0.075209 0.041052
0 0.672727 0.517591 0.055838 0.034917
0 0.721449 0.542674 0.062669 0.041052
0 0.659696 0.410585 0.042382 0.022507
0 0.764519 0.414164 0.048578 0.025132
0 0.512429 0.396931 0.047088 0.023909
0 0.408365 0.406020 0.047370 0.018762
0 0.701389 0.404092 0.041441 0.019881
0 0.682811 0.378386 0.039245 0.019881
0 0.018000 0.482879 0.036001 0.040385
0 0.509611 0.530103 0.113564 0.062268
0 0.463984 0.576636 0.081261 0.046525
0 0.257582 0.429268 0.049793 0.024336
0 0.386062 0.541718 0.061801 0.038647
0 0.236751 0.448056 0.046412 0.030205
0 0.304050 0.562100 0.066193 0.047639
0 0.831096 0.415115 0.046643 0.020058
0 0.138947 0.456918 0.045656 0.028832
0 0.196102 0.580604 0.062749 0.039762
0 0.057694 0.559946 0.069379 0.038258
0 0.896733 0.414436 0.042377 0.024695
0 0.579049 0.513907 0.065916 0.037060
0 0.501562 0.658293 0.079932 0.066854
0 0.763875 0.391527 0.037493 0.022663
0 0.201674 0.511542 0.045941 0.051682
0 0.194943 0.479038 0.048204 0.037427
