0 0.432922 0.413538 0.025733 0.024084
0 0.394587 0.404503 0.034810 0.021811
0 0.433856 0.396920 0.029831 0.022687
0 0.477982 0.407834 0.025061 0.028655
0 0.413942 0.457507 0.034301 0.031454
0 0.397805 0.480723 0.050755 0.033311
0 0.332221 0.496912 0.054405 0.032421
0 0.755445 0.376970 0.033691 0.019088
0 0.255789 0.515444 0.069448 0.032992
0 0.046215 0.452473 0.054172 0.031619
0 0.693227 0.399513 0.033871 0.027279
0 0.732493 0.399335 0.034931 0.023939
0 0.662943 0.427344 0.040377 0.028246
0 0.611574 0.423678 0.039755 0.030052
0 0.570859 0.455374 0.046442 0.030739
0 0.171259 0.425232 0.048663 0.027527
0 0.150591 0.400875 0.050274 0.032064
0 0.506275 0.487198 0.052222 0.041953
0 0.455001 0.479673 0.055489 0.034674
0 0.443021 0.517622 0.051131 0.039569
0 0.243224 0.408812 0.038695 0.023695
0 0.346183 0.393922 0.043097 0.022924
0 0.365816 0.525947 0.064508 0.040665
0 0.428251 0.379784 0.041582 0.023609
0 0.318480 0.565385 0.076405 0.051589
0 0.192225 0.556791 0.084402 0.048727
0 0.112723 0.424757 0.045619 0.025371
0 0.061867 0.425909 0.049719 0.022258
0 0.076228 0.606750 0.078917 0.048205
0 0.074308 0.646820 0.081425 0.058210
