0 0.379102 0.392265 0.034785 0.027073
0 0.427986 0.425776 0.028579 0.031306
0 0.089529 0.446816 0.049507 0.024876
0 0.374741 0.481077 0.059962 0.038232
0 0.387341 0.377034 0.037615 0.022131
0 0.161757 0.427048 0.040134 0.022893
0 0.297596 0.513150 0.073691 0.044685
0 0.420716 0.395790 0.024549 0.024435
0 0.439144 0.379934 0.023993 0.023256
0 0.635463 0.409150 0.037840 0.026178
0 0.452057 0.407929 0.026890 0.030848
0 0.419934 0.460075 0.040764 0.033633
0 0.504064 0.414984 0.042967 0.076043
0 0.369319 0.514177 0.061154 0.046733
0 0.212380 0.531073 0.068603 0.040938
0 0.435711 0.495453 0.052852 0.040551
0 0.489231 0.462982 0.036802 0.032119
0 0.276370 0.564132 0.066655 0.043428
0 0.453345 0.527026 0.060671 0.043916
0 0.450040 0.464731 0.037254 0.028540
0 0.257714 0.406282 0.032548 0.026049
0 0.467247 0.434571 0.029610 0.031259
0 0.202010 0.587948 0.073808 0.050325
0 0.355642 0.565943 0.062849 0.055096
0 0.313182 0.391580 0.028818 0.024294
0 0.143430 0.419242 0.040814 0.025109
0 0.077697 0.684775 0.096178 0.084474
