0 0.802130 0.445453 0.024808 0.034031
0 0.801046 0.481174 0.047675 0.030486
0 0.898421 0.502154 0.063229 0.034910
0 0.671100 0.526583 0.069917 0.044045
0 0.772937 0.505935 0.057422 0.035791
0 0.746897 0.416927 0.039031 0.026064
0 0.776367 0.405199 0.040736 0.021408
0 0.298312 0.446982 0.040657 0.036947
0 0.840476 0.410099 0.039310 0.026295
0 0.258875 0.457397 0.035473 0.030440
0 0.606882 0.553970 0.077574 0.041954
0 0.806081 0.416635 0.037018 0.024757
0 0.870390 0.416670 0.039567 0.027288
0 0.479522 0.414431 0.046410 0.026258
0 0.405650 0.521830 0.068703 0.036761
0 0.437810 0.573144 0.065566 0.038261
0 0.338363 0.553434 0.072467 0.037511
0 0.811302 0.546459 0.030031 0.033567
0 0.193785 0.566716 0.071903 0.043811
0 0.810862 0.398935 0.033789 0.019797
0 0.066551 0.556702 0.072569 0.039387
0 0.926472 0.414158 0.038213 0.024486
0 0.144267 0.536299 0.073183 0.039972
0 0.222797 0.809990 0.055260 0.064616
0 0.307044 0.593024 0.035236 0.039425
0 0.528611 0.401238 0.040695 0.026998
0 0.424701 0.411676 0.044027 0.026535
0 0.678301 0.413763 0.044237 0.030197
0 0.231000 0.482112 0.044438 0.046138
0 0.603766 0.407469 0.042940 0.023886
0 0.366653 0.422400 0.046578 0.030749
