0 0.367836 0.391667 0.037991 0.027073
0 0.425111 0.406211 0.024057 0.031306
0 0.412571 0.448202 0.035799 0.031495
0 0.365731 0.488876 0.066639 0.039034
0 0.410492 0.389220 0.038660 0.026770
0 0.427745 0.427660 0.025470 0.033486
0 0.421468 0.365286 0.082959 0.037926
0 0.421551 0.471399 0.039015 0.036602
0 0.294746 0.506924 0.068603 0.034570
0 0.485875 0.396724 0.023692 0.027920
0 0.466425 0.422783 0.027138 0.029040
0 0.451719 0.402311 0.029361 0.030374
0 0.282379 0.537511 0.065263 0.038059
0 0.707277 0.403623 0.038251 0.023701
0 0.068152 0.448268 0.050914 0.035497
0 0.249183 0.571761 0.072664 0.049504
0 0.473229 0.460801 0.038274 0.033085
0 0.514863 0.402349 0.026767 0.028860
0 0.164648 0.426803 0.040705 0.025790
0 0.447592 0.485967 0.059879 0.052021
0 0.125934 0.608850 0.093220 0.053476
0 0.542452 0.481871 0.048425 0.036251
0 0.373654 0.530016 0.064094 0.045860
0 0.350095 0.523116 0.047840 0.036572
0 0.399995 0.561094 0.058348 0.049341
0 0.062355 0.710952 0.090709 0.077397
0 0.105591 0.764241 0.130267 0.130250
