0 0.421015 0.401609 0.026262 0.019370
0 0.367740 0.398397 0.037639 0.021811
0 0.425495 0.424172 0.027638 0.025587
0 0.453511 0.412106 0.023485 0.025329
0 0.476317 0.429579 0.029968 0.025250
0 0.433773 0.458017 0.045960 0.032895
0 0.459330 0.370075 0.031376 0.022127
0 0.388144 0.478599 0.052845 0.034325
0 0.485011 0.409695 0.027415 0.025368
0 0.458877 0.473216 0.042577 0.034332
0 0.055119 0.449848 0.055723 0.041274
0 0.155899 0.430528 0.046634 0.028473
0 0.239991 0.413445 0.046688 0.026399
0 0.246747 0.521712 0.068969 0.039580
0 0.617306 0.419490 0.037690 0.025440
0 0.682105 0.396281 0.032711 0.023441
0 0.311589 0.401919 0.043329 0.024900
0 0.761898 0.379453 0.031508 0.018787
0 0.156129 0.541051 0.073476 0.045180
0 0.524277 0.412800 0.028946 0.026847
0 0.521088 0.448396 0.034460 0.040129
0 0.479429 0.384346 0.029557 0.025024
0 0.585369 0.460343 0.046504 0.027454
0 0.361031 0.393332 0.035557 0.018995
0 0.069109 0.570104 0.081478 0.053995
0 0.725710 0.399112 0.032332 0.022720
0 0.509035 0.494244 0.058005 0.036167
0 0.322106 0.505400 0.064725 0.028620
0 0.399687 0.534991 0.069017 0.040749
0 0.310743 0.550929 0.063310 0.039896
0 0.372246 0.513966 0.059785 0.040112
0 0.267420 0.540692 0.063032 0.041382
