0 0.366569 0.391575 0.037554 0.027073
0 0.425271 0.405732 0.024057 0.031306
0 0.413258 0.447709 0.034535 0.031495
0 0.368012 0.488154 0.066639 0.039034
0 0.409206 0.388793 0.038660 0.026770
0 0.427579 0.427634 0.025055 0.032454
0 0.420894 0.365124 0.083635 0.037926
0 0.422747 0.470315 0.039015 0.036602
0 0.297736 0.506996 0.068603 0.034570
0 0.481886 0.389991 0.023692 0.027920
0 0.466426 0.421314 0.026027 0.028565
0 0.451966 0.401596 0.027714 0.029635
0 0.283574 0.536928 0.065263 0.038059
0 0.707277 0.403623 0.038251 0.023701
0 0.031604 0.462249 0.046399 0.036089
0 0.250090 0.571511 0.072664 0.049504
0 0.474482 0.456388 0.034925 0.029657
0 0.510640 0.396458 0.026767 0.028860
0 0.135715 0.434505 0.040705 0.025790
0 0.451740 0.482903 0.059879 0.052021
0 0.131996 0.608667 0.093220 0.053476
0 0.588434 0.456984 0.045940 0.033830
0 0.389236 0.523936 0.060299 0.041327
0 0.351134 0.522253 0.047840 0.034610
0 0.455415 0.527148 0.052004 0.041877
0 0.092954 0.692269 0.092403 0.072941
0 0.218472 0.403530 0.035075 0.025268
0 0.297036 0.581080 0.081203 0.057954
0 0.142382 0.731066 0.108965 0.115626
