0 0.801421 0.445828 0.028736 0.034031
0 0.831184 0.457019 0.030785 0.027122
0 0.817881 0.495546 0.052290 0.037953
0 0.868823 0.451389 0.032724 0.027234
0 0.666211 0.414634 0.040896 0.026064
0 0.668253 0.399852 0.041683 0.016784
0 0.299720 0.487336 0.040331 0.046754
0 0.770180 0.408761 0.030654 0.026295
0 0.246209 0.472328 0.032148 0.032535
0 0.950646 0.512117 0.056969 0.039123
0 0.741315 0.416959 0.037018 0.024757
0 0.813000 0.415380 0.043300 0.027500
0 0.376547 0.422672 0.049862 0.026258
0 0.673563 0.511064 0.065482 0.031747
0 0.791282 0.540011 0.058031 0.038261
0 0.678165 0.534209 0.066806 0.034499
0 0.513856 0.548731 0.071903 0.043811
0 0.728805 0.396617 0.037274 0.019797
0 0.309766 0.550915 0.074141 0.039387
0 0.864218 0.415155 0.042585 0.025778
0 0.192901 0.479348 0.043310 0.036261
0 0.430247 0.530916 0.073183 0.039972
0 0.259621 0.574001 0.070994 0.046551
0 0.172762 0.538651 0.070271 0.038261
0 0.090518 0.581372 0.076232 0.044638
0 0.088143 0.550269 0.068075 0.031509
0 0.831505 0.394566 0.039528 0.017255
0 0.764007 0.391669 0.034421 0.018755
0 0.926719 0.415364 0.040957 0.021360
0 0.895039 0.407513 0.036382 0.022142
0 0.691969 0.564912 0.031667 0.035650
0 0.394508 0.716491 0.096404 0.083721
0 0.591761 0.410914 0.042024 0.026831
0 0.216819 0.495953 0.044438 0.046138
0 0.491212 0.403544 0.042940 0.024475
0 0.277648 0.443894 0.047245 0.033601
