0 0.682858 0.520834 0.053922 0.039221
0 0.074220 0.626169 0.069802 0.076938
0 0.706049 0.546684 0.062158 0.041768
0 0.633360 0.390538 0.038816 0.023680
0 0.792031 0.427931 0.038856 0.029952
0 0.369533 0.510763 0.023894 0.040188
0 0.296110 0.480325 0.022671 0.031101
0 0.328300 0.415819 0.038235 0.031968
0 0.864039 0.542270 0.060797 0.041572
0 0.832741 0.487340 0.038074 0.041076
0 0.844509 0.452383 0.030293 0.033845
0 0.745325 0.504892 0.058902 0.035296
0 0.770302 0.456597 0.031106 0.034466
0 0.673522 0.393702 0.035139 0.019888
0 0.858769 0.434340 0.036069 0.030649
0 0.494079 0.410936 0.045846 0.026905
0 0.829115 0.407176 0.031942 0.028847
0 0.727451 0.408919 0.039710 0.027693
0 0.666660 0.412617 0.044059 0.023382
0 0.563428 0.405151 0.041615 0.027766
