0 0.426259 0.381283 0.021681 0.026966
0 0.415508 0.419804 0.021655 0.031495
0 0.418423 0.462607 0.046788 0.035680
0 0.283579 0.393512 0.042997 0.026770
0 0.425295 0.401550 0.021515 0.022092
0 0.329446 0.370335 0.110754 0.044187
0 0.440421 0.436487 0.027127 0.030518
0 0.339998 0.498459 0.060060 0.034570
0 0.464140 0.371029 0.020704 0.021401
0 0.320218 0.524788 0.065263 0.038059
0 0.268025 0.562752 0.072664 0.049504
0 0.495139 0.399939 0.030662 0.043942
0 0.496163 0.501705 0.058500 0.043654
0 0.481010 0.432323 0.025406 0.031782
0 0.398134 0.493640 0.045384 0.032362
0 0.257219 0.591699 0.085518 0.044099
0 0.250208 0.526709 0.052735 0.032987
0 0.127514 0.430475 0.046031 0.027908
0 0.458493 0.476984 0.043245 0.034445
0 0.413653 0.513979 0.046947 0.036688
0 0.172872 0.593161 0.084451 0.056490
0 0.141782 0.665482 0.087891 0.066966
0 0.186186 0.417668 0.046601 0.028133
0 0.157907 0.561409 0.074556 0.043277
0 0.237170 0.408408 0.043905 0.025507
0 0.709864 0.393144 0.045379 0.038347
0 0.041413 0.432558 0.054160 0.033529
0 0.618170 0.438437 0.041422 0.027546
0 0.374228 0.572342 0.070924 0.050914
