0 0.433397 0.413881 0.025674 0.024602
0 0.395238 0.404609 0.034810 0.021811
0 0.434264 0.397302 0.029831 0.022960
0 0.478022 0.408468 0.025061 0.029533
0 0.413122 0.458963 0.034724 0.032127
0 0.391871 0.481906 0.050755 0.033311
0 0.328712 0.498218 0.054405 0.032421
0 0.772586 0.374596 0.026570 0.023252
0 0.680292 0.406446 0.039284 0.024980
0 0.249000 0.517728 0.069448 0.032992
0 0.735243 0.396519 0.039395 0.025085
0 0.133402 0.428957 0.047006 0.031619
0 0.586940 0.434986 0.040550 0.030014
0 0.646398 0.429856 0.043500 0.031709
0 0.046696 0.454701 0.045066 0.025461
0 0.074813 0.435166 0.050039 0.024490
0 0.573752 0.467191 0.047360 0.033226
0 0.485884 0.465592 0.050894 0.034681
0 0.465983 0.495629 0.053550 0.036788
0 0.205627 0.408474 0.040853 0.026296
0 0.248527 0.408251 0.044227 0.028891
0 0.246364 0.382402 0.049421 0.030457
0 0.386604 0.533700 0.066914 0.047347
0 0.308103 0.528734 0.073007 0.043768
0 0.285440 0.570973 0.061407 0.039581
0 0.306860 0.395170 0.037764 0.022924
0 0.411502 0.382382 0.042142 0.022924
0 0.201074 0.573298 0.075097 0.046182
0 0.488200 0.370829 0.041582 0.023609
0 0.130942 0.626737 0.086105 0.054781
0 0.046334 0.586515 0.084520 0.050319
