0 0.431256 0.418930 0.026810 0.029947
0 0.285375 0.375620 0.110754 0.044187
0 0.392922 0.398005 0.040562 0.029475
0 0.369921 0.486598 0.060060 0.030449
0 0.386549 0.502026 0.051777 0.038059
0 0.313633 0.535312 0.072664 0.042997
0 0.677773 0.418012 0.044886 0.026888
0 0.422283 0.460787 0.031058 0.030070
0 0.359882 0.543524 0.059714 0.044792
0 0.299520 0.512891 0.052735 0.032987
0 0.127514 0.430475 0.046031 0.027908
0 0.459561 0.476984 0.041109 0.034445
0 0.414591 0.513618 0.046947 0.036688
0 0.218520 0.571759 0.079824 0.049853
0 0.292591 0.577010 0.068080 0.048609
0 0.186186 0.417668 0.046601 0.028133
0 0.216235 0.537777 0.074556 0.041782
0 0.237170 0.408408 0.043905 0.025507
0 0.028317 0.438098 0.051914 0.035472
0 0.631172 0.423452 0.036500 0.031004
0 0.530360 0.477614 0.043355 0.036058
0 0.443992 0.529121 0.057192 0.044541
0 0.104286 0.587190 0.035670 0.047264
0 0.310033 0.614683 0.067166 0.060768
0 0.116772 0.753855 0.092852 0.079443
