0 0.792986 0.438416 0.028138 0.025400
0 0.834870 0.437087 0.030785 0.027122
0 0.863574 0.449173 0.023097 0.030964
0 0.856088 0.430301 0.027394 0.024722
0 0.275966 0.483538 0.030469 0.043466
0 0.630657 0.512058 0.064095 0.038069
0 0.259797 0.486989 0.044324 0.039782
0 0.260754 0.455401 0.026842 0.029425
0 0.236426 0.536939 0.047669 0.051678
0 0.128894 0.552560 0.049455 0.052550
0 0.842917 0.472268 0.037142 0.028974
0 0.303932 0.441111 0.043775 0.030529
0 0.882794 0.469111 0.025724 0.031875
0 0.792014 0.477219 0.039838 0.030356
0 0.123374 0.517125 0.041579 0.045436
0 0.381250 0.423795 0.042690 0.025539
0 0.820837 0.487419 0.041399 0.028290
0 0.894559 0.559751 0.030047 0.038427
0 0.173729 0.448635 0.052899 0.039381
0 0.445121 0.414621 0.042382 0.022507
0 0.527351 0.411195 0.048578 0.025132
0 0.498284 0.403430 0.038646 0.019881
0 0.586265 0.409520 0.044241 0.023451
0 0.925553 0.529100 0.061307 0.048481
0 0.872708 0.510473 0.053548 0.036476
0 0.642942 0.408080 0.042377 0.024695
0 0.620288 0.399961 0.039236 0.017198
0 0.569276 0.398720 0.036053 0.021403
0 0.787004 0.532201 0.064779 0.041716
0 0.691982 0.529861 0.067496 0.036717
0 0.719017 0.512165 0.056263 0.032317
0 0.691631 0.559327 0.068685 0.039387
0 0.777693 0.502295 0.060533 0.035650
0 0.563299 0.570375 0.070523 0.041592
0 0.832630 0.558881 0.071611 0.053030
0 0.707616 0.411050 0.041854 0.019068
0 0.771205 0.414270 0.042639 0.019068
0 0.675026 0.394899 0.036364 0.019381
0 0.394208 0.405594 0.046805 0.019364
0 0.082544 0.481596 0.052836 0.040162
0 0.391407 0.566848 0.074903 0.041394
0 0.412123 0.534559 0.070773 0.036991
0 0.706257 0.595731 0.080599 0.051315
0 0.253965 0.426959 0.049949 0.027901
0 0.028482 0.480549 0.054219 0.036716
0 0.348948 0.400432 0.044181 0.027821
0 0.836043 0.413905 0.035031 0.018443
0 0.795209 0.399838 0.044704 0.023132
0 0.157200 0.483721 0.049148 0.038761
0 0.425821 0.674796 0.082877 0.064455
0 0.192722 0.521127 0.046805 0.054869
0 0.188221 0.484045 0.048537 0.040145
