0 0.796206 0.440284 0.027752 0.025400
0 0.837859 0.443002 0.030785 0.027122
0 0.864418 0.450654 0.025182 0.032513
0 0.856950 0.431515 0.027394 0.024722
0 0.282204 0.465735 0.031862 0.035173
0 0.339744 0.506548 0.059297 0.048883
0 0.252972 0.480438 0.033475 0.036954
0 0.265758 0.451381 0.033965 0.026158
0 0.238217 0.443952 0.045613 0.032083
0 0.255128 0.513364 0.043121 0.046798
0 0.361872 0.423350 0.043855 0.029909
0 0.162841 0.508918 0.041082 0.042255
0 0.842917 0.472268 0.037142 0.028974
0 0.057447 0.477715 0.055351 0.031062
0 0.425276 0.417705 0.041521 0.022406
0 0.981928 0.507517 0.036144 0.036215
0 0.868996 0.489936 0.042058 0.032408
0 0.788810 0.478396 0.039838 0.030356
0 0.492036 0.414048 0.046743 0.024757
0 0.919346 0.518676 0.058746 0.038724
0 0.142136 0.491697 0.042083 0.037612
0 0.545981 0.407278 0.041155 0.026241
0 0.596617 0.411515 0.039432 0.024226
0 0.819739 0.526353 0.064947 0.037015
0 0.748356 0.501798 0.061824 0.039035
0 0.838431 0.552456 0.062440 0.040222
0 0.731348 0.524843 0.070803 0.042763
0 0.648062 0.527442 0.066677 0.036299
0 0.760761 0.553835 0.035295 0.038030
0 0.723148 0.582814 0.031622 0.043753
0 0.667782 0.410559 0.040780 0.022953
0 0.701638 0.391531 0.042949 0.020579
0 0.422475 0.402391 0.041392 0.025360
0 0.564876 0.573725 0.076345 0.041052
0 0.516154 0.535901 0.063384 0.036719
0 0.429929 0.570724 0.075028 0.041052
0 0.745538 0.413189 0.042382 0.022507
0 0.857214 0.415547 0.043476 0.025132
0 0.628876 0.395152 0.047088 0.023632
0 0.127819 0.469800 0.058117 0.028880
0 0.504900 0.400524 0.047370 0.018762
0 0.803049 0.405644 0.041441 0.019881
0 0.790787 0.388442 0.039245 0.019881
0 0.187336 0.446019 0.045416 0.027429
0 0.241004 0.543965 0.113564 0.062268
0 0.152516 0.581285 0.081261 0.046525
0 0.382212 0.402706 0.040782 0.021006
0 0.108003 0.539736 0.061801 0.033010
0 0.299072 0.430426 0.044233 0.029812
0 0.041025 0.564071 0.066193 0.047639
0 0.407715 0.703223 0.102022 0.084703
0 0.432165 0.521445 0.065822 0.037239
0 0.215769 0.785249 0.121556 0.099044
0 0.203720 0.509337 0.045696 0.050777
0 0.196508 0.478000 0.048030 0.036732
