0 0.211698 0.549616 0.059188 0.069902
0 0.812759 0.415855 0.028574 0.022602
0 0.808725 0.432470 0.025781 0.026182
0 0.327902 0.434711 0.045310 0.028502
0 0.392737 0.423024 0.039756 0.023339
0 0.459292 0.407395 0.042752 0.020438
0 0.726090 0.423514 0.039800 0.026601
0 0.856577 0.434755 0.031551 0.026358
0 0.842231 0.414132 0.030768 0.025224
0 0.806707 0.470315 0.030706 0.031762
0 0.714414 0.515585 0.054225 0.039025
0 0.681936 0.407093 0.035069 0.023962
0 0.629101 0.556472 0.062995 0.045484
0 0.875090 0.542169 0.056825 0.039831
0 0.781570 0.510435 0.047016 0.042922
0 0.089522 0.619765 0.067874 0.067288
0 0.056040 0.468568 0.047571 0.031444
0 0.562281 0.405769 0.044346 0.024481
0 0.726514 0.401463 0.034215 0.016269
0 0.034002 0.493833 0.058323 0.038693
0 0.172725 0.451685 0.042653 0.029178
0 0.199827 0.461817 0.056202 0.026428
0 0.748044 0.564532 0.059827 0.041064
0 0.281567 0.433422 0.048802 0.028331
0 0.255185 0.426530 0.040315 0.026217
0 0.401934 0.669208 0.085558 0.064780
