0 0.416120 0.412867 0.021655 0.031495
0 0.422742 0.455901 0.042215 0.035139
0 0.421420 0.392635 0.021515 0.022092
0 0.317204 0.373194 0.110754 0.044187
0 0.440259 0.429144 0.025624 0.029702
0 0.345438 0.495080 0.060060 0.033380
0 0.335443 0.520891 0.065263 0.038059
0 0.277694 0.556094 0.072664 0.049504
0 0.489064 0.392272 0.032293 0.041664
0 0.552365 0.475651 0.053128 0.035715
0 0.479050 0.419881 0.024114 0.030800
0 0.406394 0.485349 0.044869 0.032362
0 0.306002 0.574753 0.071164 0.048523
0 0.252850 0.525757 0.052735 0.032987
0 0.127514 0.430475 0.046031 0.027908
0 0.458877 0.476984 0.042476 0.034445
0 0.414591 0.513618 0.046947 0.036688
0 0.180992 0.588973 0.084451 0.056490
0 0.185172 0.638440 0.079927 0.059538
0 0.186186 0.417668 0.046601 0.028133
0 0.162434 0.560103 0.074556 0.043113
0 0.237170 0.408408 0.043905 0.025507
0 0.757902 0.377896 0.038597 0.031679
0 0.039186 0.433366 0.054132 0.033917
0 0.675425 0.411341 0.035485 0.026803
0 0.438607 0.539422 0.064070 0.045705
0 0.126861 0.738388 0.102996 0.087862
