0 0.426494 0.380682 0.021681 0.026966
0 0.415753 0.419414 0.021655 0.031495
0 0.419343 0.462007 0.046280 0.035463
0 0.425240 0.400964 0.021515 0.022092
0 0.328086 0.370653 0.110754 0.044187
0 0.440447 0.435934 0.026526 0.030192
0 0.340651 0.498257 0.060060 0.034570
0 0.463570 0.370508 0.020704 0.021401
0 0.321297 0.524540 0.065263 0.038059
0 0.268917 0.562430 0.072664 0.049504
0 0.494464 0.399087 0.030843 0.043689
0 0.503019 0.498071 0.057155 0.043463
0 0.481133 0.431247 0.024889 0.031390
0 0.399011 0.492945 0.045178 0.032362
0 0.261215 0.589414 0.085518 0.044099
0 0.250501 0.526603 0.052735 0.032987
0 0.127514 0.430475 0.046031 0.027908
0 0.458535 0.476984 0.043160 0.034445
0 0.414028 0.513835 0.046947 0.036688
0 0.173438 0.592873 0.084451 0.056490
0 0.145678 0.662800 0.087171 0.066378
0 0.186186 0.417668 0.046601 0.028133
0 0.157978 0.561320 0.074556 0.043212
0 0.237170 0.408408 0.043905 0.025507
0 0.715548 0.391253 0.044248 0.037536
0 0.041165 0.432648 0.054157 0.033572
0 0.624533 0.435008 0.040558 0.027546
0 0.380830 0.567771 0.070924 0.048975
0 0.053226 0.805550 0.106160 0.108032
