0 0.383748 0.392645 0.030577 0.027073
0 0.418454 0.377001 0.023553 0.023915
0 0.026133 0.461777 0.052266 0.028468
0 0.425888 0.447265 0.032954 0.033752
0 0.157022 0.431256 0.049507 0.024876
0 0.329460 0.497989 0.063677 0.039295
0 0.442012 0.384604 0.040427 0.028893
0 0.227676 0.417090 0.040134 0.022893
0 0.257521 0.519712 0.073691 0.047310
0 0.433416 0.416048 0.025832 0.029408
0 0.463006 0.405491 0.034237 0.029244
0 0.586881 0.430205 0.042233 0.030697
0 0.466840 0.426661 0.026891 0.031491
0 0.383612 0.495039 0.050792 0.034696
0 0.498127 0.468874 0.089706 0.105342
0 0.299034 0.552953 0.065626 0.050714
0 0.172777 0.546743 0.073183 0.049262
0 0.337331 0.559624 0.056389 0.046269
0 0.413209 0.511092 0.057127 0.038892
0 0.168005 0.633060 0.082449 0.049557
0 0.434407 0.483100 0.037961 0.029740
0 0.087871 0.440178 0.049006 0.026474
0 0.178113 0.681252 0.074761 0.064060
