0 0.394924 0.400101 0.030577 0.028141
0 0.425072 0.386360 0.027909 0.024387
0 0.059623 0.450933 0.048965 0.028388
0 0.412119 0.463596 0.043655 0.034477
0 0.184267 0.425284 0.049507 0.024876
0 0.312785 0.502638 0.065457 0.039053
0 0.462343 0.388356 0.033875 0.028893
0 0.250664 0.413509 0.040134 0.022893
0 0.236720 0.523296 0.075872 0.048348
0 0.432867 0.426320 0.025832 0.029408
0 0.472464 0.413296 0.034237 0.029244
0 0.580466 0.433111 0.042233 0.030697
0 0.467755 0.438071 0.029025 0.033007
0 0.361410 0.507654 0.061607 0.032805
0 0.456678 0.501995 0.116150 0.110063
0 0.253272 0.579410 0.074737 0.046265
0 0.142947 0.553558 0.073183 0.049262
0 0.361534 0.533317 0.057127 0.040291
0 0.085754 0.686955 0.087871 0.068270
0 0.185321 0.691880 0.087091 0.069989
0 0.126091 0.431994 0.049006 0.026474
0 0.060930 0.772585 0.101674 0.086650
