0 0.430316 0.411658 0.026052 0.021240
0 0.391018 0.403921 0.034810 0.021811
0 0.431618 0.394826 0.029831 0.021189
0 0.477603 0.404406 0.025061 0.024105
0 0.418274 0.448191 0.032112 0.027967
0 0.424947 0.469158 0.047612 0.033311
0 0.368689 0.490233 0.051161 0.028275
0 0.299395 0.509236 0.063808 0.033016
0 0.085055 0.440150 0.058621 0.027561
0 0.159814 0.424953 0.050136 0.028245
0 0.791120 0.375466 0.029080 0.016643
0 0.511492 0.424258 0.027912 0.033405
0 0.706277 0.401045 0.035881 0.023683
0 0.771600 0.370693 0.023737 0.022650
0 0.480707 0.455614 0.037586 0.026724
0 0.229183 0.413842 0.042863 0.024774
0 0.282554 0.405186 0.038900 0.021143
0 0.673899 0.419300 0.037365 0.024782
0 0.575523 0.446191 0.046078 0.030049
0 0.201995 0.533283 0.075776 0.036846
0 0.336556 0.398572 0.032990 0.021010
0 0.512545 0.479138 0.051820 0.033984
0 0.406178 0.499645 0.059384 0.029776
0 0.397339 0.386262 0.034508 0.018018
0 0.433305 0.379326 0.036108 0.023638
0 0.437457 0.507796 0.056718 0.034541
0 0.457451 0.529252 0.066325 0.042519
0 0.285276 0.540643 0.069228 0.041579
0 0.099090 0.568683 0.076822 0.040530
0 0.275762 0.579477 0.067932 0.044940
0 0.116340 0.414637 0.038304 0.022882
0 0.515498 0.369857 0.039559 0.027758
0 0.175549 0.577603 0.084035 0.054401
0 0.213347 0.394361 0.037363 0.021381
0 0.094105 0.638108 0.099478 0.057767
