0 0.431986 0.412863 0.025847 0.023063
0 0.393305 0.404294 0.034810 0.021811
0 0.433052 0.396168 0.029831 0.022149
0 0.477901 0.406586 0.025061 0.026925
0 0.415555 0.454639 0.033469 0.030128
0 0.394631 0.478061 0.050755 0.033311
0 0.336476 0.496211 0.054405 0.032421
0 0.264940 0.516447 0.069448 0.033884
0 0.797363 0.374886 0.030649 0.019197
0 0.730462 0.390964 0.031620 0.026087
0 0.023255 0.459329 0.046510 0.032205
0 0.678906 0.416566 0.036996 0.028477
0 0.672757 0.400323 0.040725 0.021197
0 0.617070 0.442406 0.030640 0.034099
0 0.096810 0.442673 0.041436 0.028067
0 0.234980 0.412605 0.054859 0.027561
0 0.584604 0.435579 0.043176 0.028957
0 0.309845 0.398502 0.046882 0.028245
0 0.553623 0.469706 0.053366 0.036320
0 0.455523 0.474764 0.054588 0.038395
0 0.352301 0.526361 0.068054 0.040322
0 0.431371 0.521127 0.057419 0.039951
0 0.242543 0.545670 0.066093 0.039666
0 0.380050 0.388859 0.040668 0.019874
0 0.442358 0.380560 0.038900 0.021143
0 0.271096 0.580012 0.075566 0.048631
0 0.178359 0.579142 0.082280 0.046514
0 0.063387 0.574623 0.072678 0.051588
0 0.503276 0.371126 0.030802 0.019874
0 0.168438 0.414457 0.044947 0.027908
0 0.092333 0.418479 0.039214 0.026637
