0 0.342520 0.384210 0.037809 0.019370
0 0.349036 0.396039 0.040613 0.021811
0 0.403709 0.382627 0.024438 0.024010
0 0.435067 0.386714 0.023485 0.025329
0 0.464934 0.395303 0.021259 0.022247
0 0.440790 0.415997 0.024410 0.027805
0 0.420765 0.445187 0.031842 0.032688
0 0.473667 0.417414 0.024635 0.030557
0 0.067649 0.452580 0.053606 0.028715
0 0.154405 0.429138 0.047725 0.027997
0 0.299989 0.512334 0.068969 0.039580
0 0.226234 0.417451 0.049507 0.024876
0 0.198166 0.532925 0.073476 0.045180
0 0.472177 0.378827 0.026521 0.019900
0 0.499378 0.404364 0.031248 0.033310
0 0.289814 0.405504 0.040134 0.022893
0 0.099153 0.561702 0.081478 0.053995
0 0.392545 0.480574 0.052679 0.033380
0 0.708828 0.404673 0.037128 0.025241
0 0.624971 0.436042 0.038576 0.028890
0 0.496857 0.449810 0.037843 0.029244
0 0.473319 0.476112 0.056385 0.035465
0 0.388593 0.519704 0.068324 0.053736
0 0.313201 0.563649 0.067166 0.055141
0 0.219824 0.585219 0.075742 0.050302
0 0.126331 0.721760 0.202468 0.195808
