0 0.380417 0.392265 0.032155 0.027073
0 0.428446 0.434398 0.029293 0.031306
0 0.123193 0.437977 0.049507 0.024876
0 0.348910 0.491499 0.061297 0.039295
0 0.410325 0.379562 0.049097 0.028652
0 0.194641 0.420952 0.040134 0.022893
0 0.273111 0.515205 0.073691 0.044685
0 0.425345 0.407143 0.025632 0.028631
0 0.449413 0.395503 0.028601 0.023256
0 0.595049 0.426523 0.042076 0.030536
0 0.459535 0.417098 0.026891 0.031491
0 0.408133 0.474588 0.040764 0.033633
0 0.510572 0.437104 0.052401 0.091903
0 0.342393 0.527361 0.061154 0.046733
0 0.190669 0.537895 0.068603 0.040938
0 0.392986 0.523003 0.053879 0.040855
0 0.454081 0.488027 0.047655 0.034345
0 0.233799 0.586549 0.066655 0.043428
0 0.377420 0.569793 0.071317 0.055933
0 0.446885 0.470046 0.037732 0.028449
0 0.050208 0.453480 0.049147 0.026732
0 0.309041 0.395979 0.031813 0.026049
0 0.465361 0.444860 0.029610 0.031259
0 0.132353 0.631522 0.082424 0.061240
0 0.129829 0.699631 0.085995 0.074406
0 0.076337 0.790260 0.106310 0.108626
