0 0.428632 0.410443 0.026259 0.019401
0 0.392055 0.404022 0.034810 0.021811
0 0.433247 0.393940 0.029831 0.020859
0 0.475656 0.402732 0.025061 0.024105
0 0.426822 0.431010 0.028017 0.026826
0 0.456228 0.432103 0.028477 0.027541
0 0.443435 0.452565 0.034053 0.028370
0 0.400901 0.477845 0.054985 0.033776
0 0.019753 0.447089 0.039507 0.027561
0 0.055857 0.452075 0.057208 0.037118
0 0.511304 0.419159 0.027912 0.031314
0 0.482113 0.438938 0.026477 0.025958
0 0.154316 0.428200 0.042863 0.024774
0 0.223824 0.413767 0.041028 0.028123
0 0.327635 0.502986 0.061487 0.039976
0 0.289623 0.408653 0.035185 0.021010
0 0.476927 0.461670 0.040458 0.024690
0 0.351740 0.395418 0.038482 0.024799
0 0.715421 0.405133 0.033610 0.023957
0 0.480293 0.479176 0.054190 0.034035
0 0.201997 0.542924 0.065693 0.040530
0 0.669368 0.408092 0.031209 0.024637
0 0.412524 0.384285 0.039559 0.024735
0 0.388785 0.511700 0.062035 0.042354
0 0.597997 0.438969 0.041329 0.026341
0 0.523673 0.486902 0.051893 0.036481
0 0.178343 0.411490 0.047402 0.025883
0 0.300008 0.539765 0.064768 0.042426
0 0.425439 0.527044 0.059444 0.036447
0 0.068267 0.583161 0.063630 0.041250
0 0.241299 0.576833 0.073941 0.049542
0 0.360562 0.566096 0.059056 0.041236
0 0.062724 0.421325 0.043032 0.028883
0 0.129915 0.627415 0.088360 0.054523
0 0.121734 0.589723 0.076918 0.039788
0 0.494697 0.372099 0.041211 0.020839
