0 0.436336 0.418038 0.025505 0.026111
0 0.397524 0.407850 0.032589 0.025281
0 0.437471 0.399621 0.030376 0.024778
0 0.481097 0.418301 0.031186 0.030863
0 0.376070 0.485310 0.057367 0.034566
0 0.020158 0.462504 0.040316 0.031146
0 0.712478 0.397618 0.037219 0.028654
0 0.171682 0.422901 0.041588 0.025371
0 0.107878 0.420837 0.035590 0.019282
0 0.276147 0.402557 0.038347 0.026428
0 0.281216 0.383874 0.040083 0.020316
0 0.522155 0.490712 0.030027 0.034728
0 0.334479 0.384589 0.042504 0.027714
0 0.240495 0.530224 0.067767 0.044653
0 0.380227 0.367361 0.042511 0.027838
0 0.143967 0.543681 0.071612 0.036316
0 0.169513 0.569525 0.087903 0.045456
0 0.160018 0.601535 0.094209 0.062920
0 0.419730 0.383800 0.042437 0.028416
