0 0.789061 0.436139 0.028609 0.025400
0 0.831226 0.429875 0.030785 0.027122
0 0.858885 0.439911 0.023097 0.030964
0 0.855036 0.428821 0.027394 0.024722
0 0.683879 0.507823 0.064095 0.038069
0 0.883474 0.527095 0.069200 0.038720
0 0.839216 0.453005 0.037142 0.028974
0 0.201315 0.531655 0.043768 0.051482
0 0.883869 0.466423 0.025724 0.031875
0 0.797155 0.470774 0.039838 0.030356
0 0.262775 0.506185 0.037411 0.048826
0 0.830489 0.482245 0.041399 0.028290
0 0.295157 0.440191 0.050707 0.030191
0 0.247736 0.470744 0.032888 0.039480
0 0.341068 0.426731 0.046388 0.023451
0 0.407036 0.419551 0.042377 0.025180
0 0.801615 0.496302 0.049675 0.032393
0 0.475481 0.413264 0.041854 0.019861
0 0.540888 0.410482 0.042639 0.023721
0 0.611200 0.412775 0.035974 0.019125
0 0.676073 0.409124 0.045227 0.027195
0 0.195444 0.494821 0.038702 0.042584
0 0.860203 0.495905 0.040393 0.033032
0 0.746371 0.509448 0.054107 0.038479
0 0.138397 0.569322 0.054040 0.055971
0 0.698576 0.529490 0.066609 0.039457
0 0.789057 0.525697 0.066044 0.037155
0 0.133761 0.508376 0.044003 0.046508
0 0.524289 0.537539 0.062240 0.038057
0 0.747195 0.413717 0.043849 0.018620
0 0.802741 0.412922 0.041729 0.026526
0 0.389370 0.549137 0.077093 0.038057
0 0.399591 0.581734 0.078508 0.043131
0 0.195865 0.458672 0.037838 0.033939
