0 0.425556 0.383087 0.021681 0.026966
0 0.414772 0.420977 0.021655 0.031495
0 0.415664 0.464408 0.048314 0.036329
0 0.283579 0.393512 0.042997 0.026770
0 0.425458 0.403309 0.021515 0.022092
0 0.333527 0.369382 0.110754 0.044187
0 0.440342 0.438147 0.028930 0.031497
0 0.338037 0.499067 0.060060 0.034570
0 0.465849 0.372592 0.020704 0.021401
0 0.316981 0.525533 0.065263 0.038059
0 0.265348 0.563720 0.072664 0.049504
0 0.497165 0.402495 0.030118 0.044702
0 0.475595 0.512608 0.062538 0.044227
0 0.480644 0.435549 0.026957 0.032961
0 0.395504 0.495724 0.046001 0.032362
0 0.245230 0.598555 0.085518 0.044099
0 0.249327 0.527026 0.052735 0.032987
0 0.127514 0.430475 0.046031 0.027908
0 0.458365 0.476984 0.043502 0.034445
0 0.412528 0.514414 0.046947 0.036688
0 0.171176 0.594026 0.084451 0.056490
0 0.130096 0.673527 0.090052 0.068730
0 0.186186 0.417668 0.046601 0.028133
0 0.157695 0.561676 0.074556 0.043475
0 0.237170 0.408408 0.043905 0.025507
0 0.692809 0.398817 0.048769 0.040779
0 0.042155 0.432289 0.054170 0.033399
0 0.599079 0.448724 0.044014 0.027546
0 0.354421 0.586054 0.070924 0.056731
