0 0.425040 0.384941 0.021800 0.026966
0 0.414258 0.422396 0.021655 0.031495
0 0.412905 0.466209 0.049839 0.036978
0 0.285453 0.393265 0.042997 0.026770
0 0.425725 0.405073 0.021515 0.022092
0 0.337870 0.368445 0.110395 0.043874
0 0.440124 0.439972 0.030433 0.032313
0 0.336076 0.499675 0.060060 0.034570
0 0.467535 0.374312 0.020835 0.021452
0 0.434144 0.371507 0.020887 0.021391
0 0.313744 0.526277 0.065263 0.038059
0 0.262672 0.564688 0.072664 0.049504
0 0.498829 0.404733 0.029665 0.045335
0 0.455026 0.523511 0.066576 0.044800
0 0.480304 0.438435 0.028277 0.034013
0 0.392874 0.497808 0.046617 0.032362
0 0.231475 0.607778 0.085518 0.047703
0 0.248446 0.527344 0.052735 0.032987
0 0.127514 0.430475 0.046031 0.027908
0 0.458236 0.476984 0.043758 0.034445
0 0.411402 0.514848 0.046947 0.036688
0 0.169479 0.594890 0.084451 0.056490
0 0.118200 0.681462 0.092115 0.070371
0 0.186186 0.417668 0.046601 0.028133
0 0.157483 0.561944 0.074556 0.043673
0 0.237170 0.408408 0.043905 0.025507
0 0.675754 0.404489 0.052160 0.043212
0 0.042898 0.432020 0.054179 0.033270
0 0.576017 0.457746 0.046174 0.027546
0 0.334150 0.599191 0.070924 0.061578
0 0.177541 0.684264 0.066720 0.050910
