0 0.352304 0.386751 0.037116 0.027073
0 0.426302 0.402648 0.024057 0.031306
0 0.415413 0.443281 0.029300 0.031495
0 0.380989 0.483122 0.066639 0.039034
0 0.398749 0.386442 0.038660 0.026770
0 0.428683 0.424525 0.023337 0.028178
0 0.417204 0.364085 0.087982 0.037926
0 0.428863 0.462911 0.039015 0.036602
0 0.313953 0.505705 0.066273 0.034570
0 0.472389 0.408293 0.023329 0.027410
0 0.451702 0.394970 0.020887 0.025424
0 0.291260 0.533177 0.065263 0.038059
0 0.255916 0.569904 0.072664 0.049504
0 0.496020 0.414639 0.027210 0.023420
0 0.489314 0.440619 0.045515 0.046899
0 0.177187 0.608712 0.093220 0.053476
0 0.455996 0.482846 0.046569 0.037849
0 0.355096 0.520483 0.051431 0.030733
0 0.707919 0.402431 0.033182 0.027062
0 0.143957 0.661618 0.089096 0.062118
0 0.045153 0.444895 0.039596 0.027961
0 0.221314 0.533693 0.052735 0.040512
0 0.145280 0.426106 0.042699 0.027908
0 0.387669 0.527532 0.063908 0.044559
0 0.323986 0.576468 0.058324 0.045966
0 0.064484 0.663204 0.097622 0.058357
0 0.044081 0.728703 0.088162 0.079403
0 0.239886 0.403526 0.042422 0.028133
0 0.099019 0.586800 0.079840 0.058848
0 0.179262 0.706395 0.086914 0.073518
0 0.071698 0.786716 0.114809 0.093444
