0 0.797588 0.441086 0.027586 0.025400
0 0.837445 0.444623 0.030785 0.027122
0 0.865096 0.451845 0.026858 0.033757
0 0.857321 0.432035 0.027394 0.024722
0 0.288059 0.456567 0.032357 0.032305
0 0.324412 0.500321 0.050957 0.048883
0 0.250921 0.478069 0.028775 0.035728
0 0.359252 0.427315 0.037018 0.024757
0 0.437759 0.416546 0.043300 0.027500
0 0.261786 0.504907 0.041885 0.045326
0 0.803534 0.465398 0.029475 0.030056
0 0.510701 0.410839 0.037277 0.025778
0 0.164689 0.507261 0.041082 0.042255
0 0.828482 0.485109 0.054392 0.031113
0 0.911495 0.520362 0.057331 0.036555
0 0.894628 0.495200 0.058370 0.032480
0 0.402051 0.401038 0.039528 0.019619
0 0.296765 0.415759 0.034421 0.021386
0 0.586442 0.411132 0.040957 0.021360
0 0.829587 0.531950 0.064256 0.045415
0 0.741304 0.519337 0.073672 0.041412
0 0.478796 0.395789 0.036996 0.019881
0 0.674909 0.557494 0.069505 0.045913
0 0.573400 0.541849 0.066265 0.038076
0 0.540420 0.519505 0.062801 0.036191
0 0.668507 0.414404 0.046743 0.024757
0 0.307022 0.427371 0.043152 0.025883
0 0.556494 0.570997 0.077947 0.043138
0 0.239509 0.444387 0.049802 0.030785
0 0.548459 0.402715 0.039868 0.020839
0 0.742776 0.409082 0.045532 0.027352
0 0.806534 0.414293 0.039432 0.024226
0 0.431206 0.566595 0.079709 0.049003
0 0.412683 0.530551 0.071556 0.039669
0 0.260521 0.591996 0.071920 0.041262
0 0.250940 0.553048 0.071526 0.042763
0 0.161346 0.541711 0.066677 0.036299
0 0.175365 0.586166 0.035778 0.043429
0 0.181360 0.445562 0.046612 0.028928
0 0.669164 0.609877 0.031622 0.043753
0 0.871806 0.413431 0.043135 0.019537
0 0.846170 0.398510 0.049235 0.020579
0 0.647503 0.400187 0.041392 0.021621
0 0.043076 0.559850 0.073634 0.043753
0 0.390027 0.416616 0.045929 0.026633
0 0.207726 0.505019 0.045215 0.049005
0 0.199572 0.475967 0.047688 0.035369
