0 0.342520 0.384210 0.037809 0.019370
0 0.356389 0.396623 0.039292 0.021811
0 0.406299 0.387837 0.025896 0.024010
0 0.437141 0.390683 0.023485 0.025329
0 0.468014 0.398045 0.021259 0.022247
0 0.441978 0.419786 0.024410 0.027805
0 0.420213 0.448577 0.034883 0.032688
0 0.475264 0.422972 0.024635 0.030557
0 0.072389 0.451163 0.053606 0.028715
0 0.158866 0.428388 0.047725 0.027997
0 0.289950 0.515935 0.068969 0.039580
0 0.230974 0.416784 0.049507 0.024876
0 0.188232 0.534550 0.073476 0.045180
0 0.476384 0.381307 0.028688 0.019900
0 0.496754 0.404160 0.031248 0.033310
0 0.296716 0.405088 0.040134 0.022893
0 0.094970 0.562952 0.081478 0.053995
0 0.379745 0.484776 0.052679 0.033380
0 0.689137 0.412290 0.037128 0.025241
0 0.602122 0.444482 0.039936 0.029016
0 0.495892 0.454275 0.040466 0.029244
0 0.458009 0.480914 0.056385 0.035465
0 0.371443 0.527873 0.068324 0.053736
0 0.294379 0.576027 0.067166 0.055141
0 0.195771 0.601092 0.087032 0.059041
0 0.112607 0.737514 0.187569 0.195996
