0 0.792722 0.438263 0.028170 0.025400
0 0.834624 0.436601 0.030785 0.027122
0 0.863574 0.449173 0.023097 0.030964
0 0.856017 0.430201 0.027394 0.024722
0 0.275453 0.485002 0.030354 0.044147
0 0.646006 0.512940 0.064095 0.038069
0 0.280192 0.498296 0.046364 0.040051
0 0.258981 0.457159 0.027469 0.030133
0 0.196124 0.581073 0.063907 0.064702
0 0.095746 0.590123 0.052407 0.054866
0 0.842917 0.472268 0.037142 0.028974
0 0.304466 0.441830 0.043774 0.031268
0 0.882867 0.468929 0.025724 0.031875
0 0.792110 0.476956 0.039838 0.030356
0 0.112781 0.537600 0.041579 0.047424
0 0.373701 0.424120 0.042690 0.025539
0 0.821242 0.487517 0.041399 0.028290
0 0.896377 0.559492 0.030047 0.038427
0 0.118613 0.461996 0.053715 0.039381
0 0.441027 0.414782 0.042382 0.022507
0 0.521622 0.411385 0.048578 0.025132
0 0.489665 0.403198 0.042996 0.019881
0 0.580082 0.409846 0.044241 0.023451
0 0.969183 0.524012 0.053342 0.046107
0 0.938882 0.498971 0.051168 0.036476
0 0.638568 0.408079 0.042377 0.024695
0 0.609679 0.399405 0.039236 0.017198
0 0.560542 0.398411 0.036053 0.021403
0 0.848694 0.524020 0.064779 0.036471
0 0.747520 0.526129 0.059902 0.034809
0 0.753593 0.551431 0.060460 0.032712
0 0.784256 0.502860 0.050952 0.032776
0 0.629528 0.565871 0.070523 0.041592
0 0.880862 0.546048 0.061690 0.044453
0 0.700543 0.409640 0.041854 0.019068
0 0.758028 0.413707 0.042639 0.019068
0 0.675026 0.394899 0.036364 0.019381
0 0.384523 0.406438 0.046805 0.019364
0 0.481280 0.563376 0.074903 0.041394
0 0.518241 0.531724 0.070773 0.040455
0 0.755389 0.580857 0.074457 0.046313
0 0.212291 0.438179 0.049949 0.027901
0 0.298454 0.411823 0.044747 0.027821
0 0.812750 0.414187 0.035031 0.018443
0 0.756152 0.398713 0.044704 0.023132
0 0.149299 0.491331 0.047559 0.039364
0 0.880115 0.412207 0.045227 0.027195
0 0.830998 0.398668 0.045488 0.017193
0 0.337915 0.420757 0.038691 0.024735
0 0.503328 0.631336 0.065450 0.055096
0 0.176924 0.539886 0.048005 0.057136
0 0.177501 0.497371 0.045293 0.043179
