0 0.428011 0.409734 0.026262 0.019370
0 0.391983 0.403947 0.034883 0.021811
0 0.432774 0.394087 0.029831 0.020859
0 0.475090 0.402246 0.025061 0.024105
0 0.426991 0.430456 0.027678 0.025717
0 0.456397 0.427504 0.028477 0.025218
0 0.446106 0.451410 0.033511 0.027831
0 0.413094 0.470715 0.052780 0.033776
0 0.511122 0.418882 0.027912 0.031314
0 0.482114 0.437588 0.025728 0.025214
0 0.096388 0.439557 0.048317 0.024999
0 0.181033 0.423203 0.041077 0.029259
0 0.353030 0.493815 0.059961 0.037427
0 0.242552 0.413362 0.035185 0.021010
0 0.477390 0.456450 0.040024 0.021679
0 0.337436 0.398815 0.038985 0.025630
0 0.778950 0.378935 0.033196 0.023087
0 0.556134 0.447068 0.044587 0.030968
0 0.253587 0.520317 0.064382 0.036375
0 0.750987 0.376854 0.024401 0.020843
0 0.407046 0.385083 0.039559 0.024735
0 0.456031 0.489466 0.054156 0.037850
0 0.683548 0.400268 0.036423 0.022452
0 0.621451 0.444376 0.045414 0.029596
0 0.166930 0.414006 0.047402 0.025883
0 0.357028 0.519041 0.063546 0.031977
0 0.548746 0.474422 0.045616 0.027335
0 0.131974 0.572493 0.076875 0.041250
0 0.369888 0.542516 0.066444 0.048608
0 0.500296 0.505066 0.050199 0.037072
0 0.279565 0.582243 0.083750 0.054674
0 0.254051 0.551050 0.074365 0.040980
0 0.216515 0.389120 0.054486 0.037250
0 0.322022 0.379688 0.027265 0.022278
0 0.230317 0.405440 0.040969 0.024054
0 0.459791 0.376652 0.041211 0.020839
0 0.290188 0.395925 0.039051 0.025398
0 0.129604 0.411888 0.041411 0.022793
