0 0.697972 0.517095 0.051348 0.037004
0 0.856470 0.468254 0.031678 0.032500
0 0.699393 0.396983 0.030270 0.024592
0 0.936170 0.513946 0.021441 0.029698
0 0.743992 0.526628 0.029713 0.033152
0 0.253740 0.434230 0.044988 0.031968
0 0.055856 0.652391 0.076290 0.072714
0 0.157466 0.549090 0.050238 0.063669
0 0.325672 0.494799 0.049188 0.039980
0 0.599175 0.551281 0.028613 0.040962
0 0.684535 0.598420 0.076242 0.059558
0 0.814802 0.427516 0.031796 0.031556
0 0.785617 0.401964 0.026039 0.023531
0 0.782543 0.474730 0.038586 0.034052
0 0.759924 0.436438 0.028893 0.033085
0 0.834506 0.413464 0.030734 0.024645
0 0.484956 0.411990 0.045846 0.027777
0 0.816496 0.396697 0.031942 0.023905
0 0.664162 0.412209 0.044059 0.023382
0 0.561221 0.405347 0.041615 0.027766
