0 0.433253 0.413777 0.025692 0.024445
0 0.395040 0.404577 0.034810 0.021811
0 0.434140 0.397186 0.029831 0.022877
0 0.478010 0.408276 0.025061 0.029266
0 0.413371 0.458521 0.034596 0.031923
0 0.393669 0.481547 0.050755 0.033311
0 0.330716 0.497160 0.054405 0.032421
0 0.706815 0.396423 0.037592 0.023319
0 0.251057 0.517036 0.069448 0.032992
0 0.758385 0.388610 0.038938 0.022874
0 0.108131 0.434362 0.047490 0.031619
0 0.623915 0.420462 0.036698 0.029280
0 0.673150 0.417172 0.041658 0.029866
0 0.022129 0.461141 0.044259 0.025461
0 0.045976 0.442322 0.050607 0.024490
0 0.604660 0.453959 0.043368 0.031030
0 0.527706 0.452907 0.050894 0.034681
0 0.504268 0.480825 0.051398 0.033287
0 0.224422 0.414607 0.040853 0.026296
0 0.242978 0.409357 0.044227 0.028891
0 0.215071 0.387864 0.050274 0.032064
0 0.427891 0.517702 0.062460 0.043662
0 0.360761 0.514582 0.067939 0.042307
0 0.342483 0.554243 0.061407 0.039581
0 0.285491 0.399217 0.038254 0.022991
0 0.394212 0.383791 0.042142 0.022924
0 0.253021 0.560104 0.069885 0.043959
0 0.467637 0.373335 0.041582 0.023609
0 0.197288 0.608316 0.081059 0.053378
0 0.084426 0.578059 0.088066 0.050319
0 0.179295 0.414415 0.045619 0.025371
0 0.126570 0.410532 0.048448 0.017537
