0 0.432720 0.413393 0.025757 0.023864
0 0.394311 0.404458 0.034810 0.021811
0 0.433683 0.396758 0.029831 0.022571
0 0.477964 0.407565 0.025061 0.028282
0 0.414289 0.456889 0.034122 0.031168
0 0.398821 0.480176 0.050755 0.033311
0 0.333138 0.496761 0.054405 0.032421
0 0.258293 0.514967 0.069448 0.033071
0 0.729208 0.384558 0.028570 0.023870
0 0.764260 0.389208 0.032189 0.023199
0 0.698229 0.411832 0.036035 0.025010
0 0.657397 0.408411 0.034989 0.029415
0 0.606912 0.440014 0.045032 0.029892
0 0.137530 0.430415 0.051755 0.030974
0 0.112634 0.409261 0.050274 0.032064
0 0.547278 0.470757 0.050719 0.040262
0 0.510042 0.458888 0.052290 0.031768
0 0.494632 0.495356 0.045678 0.039360
0 0.213722 0.415226 0.039929 0.025665
0 0.318640 0.398609 0.045772 0.022924
0 0.424457 0.504020 0.059257 0.038138
0 0.404115 0.381263 0.041582 0.023609
0 0.381174 0.540606 0.069047 0.047562
0 0.258331 0.541797 0.077981 0.046299
0 0.073115 0.435363 0.045619 0.025371
0 0.023202 0.430495 0.046403 0.024926
0 0.140252 0.590744 0.082859 0.048205
0 0.163602 0.617499 0.081425 0.050339
0 0.046964 0.588941 0.076121 0.042285
