0 0.802461 0.445453 0.024147 0.034031
0 0.795911 0.485193 0.047675 0.030486
0 0.871875 0.506046 0.066585 0.037312
0 0.646682 0.529769 0.073179 0.048614
0 0.745954 0.509728 0.061344 0.038243
0 0.753985 0.416927 0.039031 0.026064
0 0.786262 0.405199 0.041943 0.021408
0 0.310083 0.441425 0.046080 0.036947
0 0.845370 0.410324 0.039310 0.026295
0 0.263715 0.452895 0.035473 0.030440
0 0.556235 0.557488 0.079715 0.044077
0 0.811752 0.416491 0.037018 0.024757
0 0.877787 0.416591 0.039841 0.027130
0 0.491823 0.414182 0.046410 0.026258
0 0.363568 0.522312 0.068703 0.036761
0 0.390485 0.575877 0.065566 0.038261
0 0.296684 0.555846 0.072467 0.037511
0 0.774096 0.551094 0.033860 0.035469
0 0.156274 0.568163 0.071903 0.043811
0 0.818257 0.399899 0.033789 0.019797
0 0.036284 0.561023 0.072569 0.039387
0 0.933060 0.414160 0.038213 0.023517
0 0.110928 0.537109 0.073183 0.039972
0 0.164389 0.840134 0.059049 0.066878
0 0.263676 0.595185 0.035236 0.039425
0 0.544039 0.400241 0.040695 0.026998
0 0.438670 0.409931 0.044027 0.026535
0 0.685807 0.414261 0.044237 0.030197
0 0.234092 0.479057 0.044438 0.046138
0 0.613774 0.407721 0.042940 0.023382
0 0.377731 0.421555 0.046578 0.030749
