0 0.752597 0.417521 0.034272 0.025400
0 0.770427 0.463866 0.034025 0.038069
0 0.798866 0.404707 0.028428 0.024380
0 0.803483 0.453993 0.024371 0.027415
0 0.805857 0.417522 0.029348 0.028290
0 0.826755 0.441633 0.025021 0.030085
0 0.119157 0.610098 0.063558 0.064988
0 0.268270 0.455957 0.047337 0.034504
0 0.332963 0.433000 0.039955 0.024973
0 0.399204 0.419315 0.051603 0.028864
0 0.833242 0.407459 0.028670 0.026966
0 0.828462 0.469082 0.034316 0.031991
0 0.852857 0.495269 0.040792 0.034173
0 0.865589 0.445838 0.027843 0.030713
0 0.794032 0.501769 0.046281 0.035210
0 0.478197 0.417836 0.043849 0.021061
0 0.547280 0.410544 0.041729 0.026283
0 0.894583 0.477232 0.034795 0.034215
0 0.619719 0.411310 0.039224 0.020438
0 0.698041 0.518039 0.057925 0.032603
0 0.123366 0.468963 0.055956 0.040457
0 0.216596 0.481557 0.041808 0.052792
0 0.801403 0.538378 0.059521 0.036029
0 0.954068 0.497309 0.054203 0.036951
0 0.628570 0.595976 0.028678 0.033828
0 0.223398 0.434945 0.051819 0.030454
0 0.284930 0.424039 0.050966 0.031968
