0 0.792854 0.438340 0.028154 0.025400
0 0.834747 0.436844 0.030785 0.027122
0 0.863574 0.449173 0.023097 0.030964
0 0.856052 0.430251 0.027394 0.024722
0 0.275710 0.484270 0.030412 0.043806
0 0.640203 0.512798 0.064095 0.038069
0 0.269199 0.491850 0.044324 0.039782
0 0.260533 0.455481 0.026842 0.029425
0 0.221436 0.555174 0.055296 0.058353
0 0.114410 0.568967 0.049455 0.052550
0 0.842917 0.472268 0.037142 0.028974
0 0.304199 0.441471 0.043775 0.030899
0 0.882831 0.469020 0.025724 0.031875
0 0.792062 0.477087 0.039838 0.030356
0 0.117784 0.526848 0.041579 0.045436
0 0.377475 0.423958 0.042690 0.025539
0 0.821040 0.487468 0.041399 0.028290
0 0.896239 0.559547 0.030047 0.038427
0 0.147048 0.455319 0.052899 0.039381
0 0.443074 0.414701 0.042382 0.022507
0 0.524486 0.411290 0.048578 0.025132
0 0.494388 0.403078 0.041442 0.019881
0 0.583173 0.409683 0.044241 0.023451
0 0.948134 0.525868 0.058121 0.047531
0 0.906360 0.505548 0.052596 0.036476
0 0.640755 0.408079 0.042377 0.024695
0 0.614984 0.399683 0.039236 0.017198
0 0.564909 0.398565 0.036053 0.021403
0 0.818321 0.527309 0.064779 0.039618
0 0.720140 0.527845 0.063960 0.035954
0 0.722875 0.510979 0.053762 0.029455
0 0.722984 0.555720 0.064771 0.036717
0 0.781382 0.501997 0.056701 0.034501
0 0.598427 0.566723 0.070523 0.041592
0 0.856708 0.552626 0.066954 0.049599
0 0.704079 0.410345 0.041854 0.019068
0 0.764617 0.413988 0.042639 0.019068
0 0.675026 0.394899 0.036364 0.019381
0 0.389337 0.405734 0.046805 0.019364
0 0.044175 0.488280 0.048260 0.040162
0 0.437989 0.566848 0.074903 0.041394
0 0.464814 0.534864 0.070773 0.036991
0 0.731005 0.587699 0.080599 0.051315
0 0.235416 0.431820 0.049949 0.027901
0 0.323507 0.406059 0.044181 0.027821
0 0.824397 0.414046 0.035031 0.018443
0 0.775680 0.399276 0.044704 0.023132
0 0.154150 0.486455 0.049148 0.038761
0 0.472656 0.651966 0.077296 0.056797
0 0.184844 0.529331 0.046805 0.054869
0 0.182761 0.490126 0.047273 0.041352
