0 0.383385 0.392590 0.030577 0.027073
0 0.418454 0.377001 0.023553 0.023915
0 0.024844 0.461400 0.049687 0.028468
0 0.426084 0.446420 0.032683 0.033570
0 0.155013 0.431705 0.049507 0.024876
0 0.330428 0.497627 0.063677 0.039295
0 0.439579 0.383693 0.040427 0.028893
0 0.225788 0.417365 0.040134 0.022893
0 0.258767 0.519539 0.073691 0.047310
0 0.432875 0.415527 0.025832 0.029408
0 0.462393 0.404867 0.034237 0.029244
0 0.587323 0.430005 0.042233 0.030697
0 0.466389 0.426069 0.026891 0.031491
0 0.385209 0.493606 0.050792 0.034696
0 0.499297 0.466920 0.086825 0.104528
0 0.302114 0.551056 0.064913 0.051234
0 0.174459 0.546193 0.073183 0.049262
0 0.341441 0.557176 0.055981 0.045887
0 0.416332 0.509963 0.057127 0.038892
0 0.173278 0.630127 0.080642 0.048720
0 0.436077 0.482232 0.037961 0.029740
0 0.085488 0.441209 0.049006 0.026474
0 0.184978 0.675905 0.068800 0.060497
