0 0.797618 0.441103 0.027582 0.025400
0 0.837435 0.444657 0.030785 0.027122
0 0.865111 0.451870 0.026894 0.033784
0 0.857328 0.432047 0.027394 0.024722
0 0.288663 0.455825 0.032459 0.031785
0 0.323902 0.500147 0.050782 0.048883
0 0.250877 0.478018 0.028675 0.035702
0 0.364001 0.426273 0.037018 0.024757
0 0.442073 0.416442 0.043300 0.027500
0 0.261928 0.504727 0.041859 0.045295
0 0.803534 0.465398 0.029475 0.030056
0 0.514919 0.411130 0.037277 0.025778
0 0.164729 0.507225 0.041082 0.042255
0 0.827579 0.485911 0.055470 0.031247
0 0.905735 0.521173 0.057331 0.036555
0 0.886553 0.496281 0.059386 0.032748
0 0.408282 0.400517 0.039528 0.019619
0 0.305261 0.413571 0.034421 0.021386
0 0.591043 0.411132 0.040957 0.021360
0 0.823687 0.532862 0.065327 0.045889
0 0.732354 0.520214 0.074858 0.041412
0 0.484233 0.395872 0.036996 0.019881
0 0.666495 0.558575 0.069505 0.045913
0 0.564026 0.542861 0.066265 0.038484
0 0.531328 0.519910 0.062801 0.036191
0 0.672725 0.414487 0.046743 0.024757
0 0.312686 0.426382 0.043152 0.025883
0 0.545934 0.572685 0.077947 0.043138
0 0.244738 0.442854 0.048623 0.029806
0 0.553025 0.402298 0.039868 0.020839
0 0.747029 0.409707 0.045532 0.027352
0 0.811554 0.414793 0.039432 0.024226
0 0.419535 0.566865 0.079709 0.049003
0 0.402293 0.530911 0.071556 0.039669
0 0.246442 0.591816 0.071920 0.041262
0 0.238592 0.553318 0.071526 0.042763
0 0.151784 0.542521 0.066677 0.036299
0 0.162340 0.586526 0.035778 0.043429
0 0.189164 0.443341 0.045712 0.028406
0 0.665889 0.611025 0.031622 0.043753
0 0.875675 0.413431 0.043135 0.019537
0 0.851328 0.398593 0.049235 0.020579
0 0.652766 0.400437 0.041392 0.021621
0 0.395822 0.416824 0.045929 0.026633
0 0.207811 0.504928 0.045205 0.048967
0 0.199637 0.475924 0.047681 0.035341
