0 0.432447 0.413195 0.025791 0.023565
0 0.393936 0.404397 0.034810 0.021811
0 0.433448 0.396538 0.029831 0.022414
0 0.477941 0.407200 0.025061 0.027777
0 0.414761 0.456051 0.033879 0.030781
0 0.396534 0.479321 0.050755 0.033311
0 0.334381 0.496556 0.054405 0.032421
0 0.260769 0.515518 0.069448 0.033374
0 0.765542 0.373293 0.022208 0.020394
0 0.788792 0.377632 0.023963 0.020977
0 0.741801 0.398047 0.032212 0.023310
0 0.714970 0.387732 0.027623 0.027050
0 0.654013 0.420542 0.038878 0.026890
0 0.093444 0.438609 0.052860 0.032205
0 0.054089 0.420288 0.056793 0.034775
0 0.598528 0.447770 0.046210 0.035192
0 0.576836 0.430624 0.047429 0.031152
0 0.556474 0.467830 0.035150 0.037050
0 0.170154 0.423640 0.040528 0.026620
0 0.283904 0.404278 0.047932 0.023611
0 0.493528 0.474011 0.049695 0.035916
0 0.369286 0.388747 0.042367 0.024296
0 0.452707 0.510434 0.059727 0.040749
0 0.347023 0.518199 0.071081 0.044387
0 0.028331 0.449051 0.045097 0.033817
0 0.219290 0.568449 0.081078 0.047389
0 0.274178 0.580339 0.080269 0.050346
0 0.127989 0.568278 0.075282 0.042285
0 0.442208 0.380493 0.040668 0.019874
0 0.490624 0.374832 0.038900 0.021143
0 0.083917 0.639930 0.103616 0.054125
0 0.061272 0.607946 0.088852 0.046514
0 0.192972 0.400739 0.039214 0.030009
