0 0.766860 0.426407 0.034272 0.025400
0 0.752185 0.487575 0.045843 0.038069
0 0.820406 0.419842 0.028428 0.024380
0 0.851640 0.424542 0.031626 0.026736
0 0.800305 0.462421 0.024371 0.027415
0 0.829962 0.442715 0.026682 0.028290
0 0.123064 0.474121 0.052921 0.032479
0 0.830899 0.474739 0.038636 0.032393
0 0.236433 0.488458 0.039983 0.041298
0 0.343687 0.431938 0.043922 0.026246
0 0.400888 0.422158 0.037976 0.020574
0 0.484760 0.411651 0.050057 0.028459
0 0.864390 0.448908 0.028670 0.031629
0 0.794890 0.492292 0.043526 0.031991
0 0.809700 0.518932 0.054061 0.034173
0 0.860324 0.489360 0.033582 0.030713
0 0.742775 0.520611 0.050144 0.035210
0 0.576749 0.412171 0.043849 0.021061
0 0.646348 0.409992 0.041729 0.026283
0 0.885011 0.523692 0.050987 0.034215
0 0.717543 0.412173 0.039224 0.020438
0 0.472879 0.600072 0.075275 0.057495
0 0.245486 0.437413 0.047050 0.036374
0 0.084422 0.468974 0.057055 0.038034
0 0.168755 0.449090 0.049047 0.030696
0 0.298612 0.432937 0.047069 0.042372
0 0.336815 0.737162 0.050456 0.051643
0 0.233428 0.751080 0.106398 0.077289
