0 0.204825 0.558385 0.062989 0.073343
0 0.812759 0.415855 0.028574 0.022602
0 0.807179 0.430973 0.026516 0.025301
0 0.321779 0.436533 0.045177 0.029298
0 0.387027 0.424082 0.039756 0.023339
0 0.455350 0.407703 0.042752 0.020438
0 0.720638 0.422060 0.039800 0.026249
0 0.854772 0.432949 0.031551 0.026358
0 0.842231 0.414132 0.030768 0.025224
0 0.807360 0.467398 0.028646 0.031582
0 0.719686 0.512416 0.052647 0.037972
0 0.681936 0.407093 0.035069 0.023962
0 0.640311 0.552732 0.061160 0.044195
0 0.888855 0.538922 0.054176 0.038320
0 0.787950 0.506131 0.045118 0.042168
0 0.079175 0.630410 0.071536 0.069485
0 0.555816 0.406211 0.045340 0.025007
0 0.726518 0.401456 0.034215 0.016347
0 0.164389 0.453769 0.042653 0.029178
0 0.188875 0.464083 0.057184 0.026428
0 0.762314 0.558303 0.057935 0.039480
0 0.275785 0.434501 0.048802 0.028331
0 0.250676 0.427101 0.040315 0.026217
0 0.430678 0.656605 0.083596 0.064622
