0 0.798743 0.445242 0.029714 0.030659
0 0.836810 0.446773 0.030785 0.027122
0 0.862638 0.461168 0.033113 0.033945
0 0.859082 0.433461 0.028283 0.025350
0 0.546466 0.412070 0.040896 0.026064
0 0.311688 0.495492 0.046237 0.048883
0 0.243604 0.476304 0.027575 0.035416
0 0.642601 0.414271 0.037018 0.024757
0 0.724434 0.413974 0.043300 0.027500
0 0.298038 0.443802 0.050423 0.031244
0 0.778249 0.492373 0.049242 0.032285
0 0.939760 0.504888 0.051751 0.034499
0 0.777240 0.521616 0.063237 0.039293
0 0.551045 0.536228 0.074141 0.034059
0 0.792173 0.416144 0.042585 0.025778
0 0.168604 0.503359 0.041082 0.041256
0 0.676948 0.524728 0.071654 0.039972
0 0.534959 0.564687 0.070994 0.046551
0 0.417449 0.530044 0.070271 0.038261
0 0.372951 0.575430 0.076232 0.044638
0 0.300885 0.552262 0.068075 0.044547
0 0.728414 0.391547 0.039528 0.019619
0 0.652305 0.389656 0.034421 0.018755
0 0.857457 0.415724 0.040957 0.021360
0 0.808256 0.563627 0.024886 0.037297
0 0.970256 0.520727 0.031667 0.033635
0 0.172497 0.576515 0.079048 0.046364
0 0.650318 0.610437 0.076345 0.052449
0 0.223167 0.439242 0.049192 0.030186
0 0.122515 0.466879 0.051295 0.031872
0 0.081714 0.554686 0.076044 0.041412
0 0.791062 0.392073 0.041096 0.019881
0 0.083407 0.867221 0.065646 0.058985
0 0.465160 0.413659 0.042534 0.027710
0 0.213138 0.499186 0.044566 0.046610
0 0.356651 0.392348 0.042940 0.024475
0 0.207289 0.469144 0.047245 0.033601
