0 0.427456 0.409089 0.026262 0.019370
0 0.390059 0.403506 0.035102 0.021811
0 0.432279 0.394235 0.029831 0.020859
0 0.474590 0.401817 0.025061 0.024105
0 0.426906 0.429958 0.027638 0.025587
0 0.456475 0.426488 0.027929 0.024987
0 0.447006 0.450907 0.033511 0.027831
0 0.414229 0.470160 0.052780 0.033776
0 0.510960 0.418637 0.027912 0.031314
0 0.482115 0.436398 0.025068 0.024558
0 0.056208 0.450019 0.050739 0.026443
0 0.131395 0.434277 0.042440 0.027378
0 0.357743 0.491449 0.059961 0.032693
0 0.202202 0.420841 0.035185 0.021010
0 0.478937 0.456009 0.040281 0.024962
0 0.288291 0.404123 0.038985 0.025630
0 0.622261 0.420517 0.041768 0.025685
0 0.284659 0.520028 0.061819 0.033377
0 0.402296 0.385876 0.039559 0.024735
0 0.525926 0.458752 0.044757 0.033126
0 0.754021 0.375312 0.029121 0.020561
0 0.685383 0.413821 0.036919 0.027256
0 0.125356 0.419694 0.047402 0.023766
0 0.415165 0.499828 0.053754 0.035983
0 0.626632 0.442441 0.038864 0.023551
0 0.200686 0.553835 0.073945 0.037245
0 0.481822 0.500993 0.054666 0.038988
0 0.586238 0.464892 0.039805 0.029710
0 0.399569 0.541049 0.065912 0.046218
0 0.339960 0.522698 0.072065 0.040600
0 0.164480 0.393737 0.054486 0.037250
0 0.205167 0.407903 0.040969 0.021624
0 0.451218 0.377570 0.041211 0.020839
0 0.265040 0.399498 0.039051 0.025398
0 0.079165 0.420495 0.043079 0.022793
0 0.193903 0.582404 0.073233 0.044804
0 0.021504 0.436591 0.043008 0.027938
0 0.505967 0.370715 0.036103 0.023757
0 0.077291 0.578067 0.073582 0.048110
