0 0.795649 0.414869 0.028967 0.022362
0 0.217337 0.528671 0.046091 0.046601
0 0.267374 0.464114 0.034593 0.034163
0 0.350568 0.424420 0.046852 0.026107
0 0.616201 0.411788 0.039800 0.025079
0 0.779807 0.421106 0.028265 0.028202
0 0.783005 0.460270 0.031163 0.029732
0 0.767327 0.488133 0.038239 0.038547
0 0.444843 0.415638 0.048656 0.026760
0 0.726582 0.401312 0.034215 0.017983
0 0.866989 0.465883 0.034348 0.037099
0 0.114961 0.475167 0.058285 0.028331
0 0.155535 0.454601 0.047903 0.029237
0 0.736631 0.527641 0.050234 0.041616
0 0.509398 0.409856 0.043615 0.023257
