0 0.795295 0.439756 0.027861 0.025400
0 0.837013 0.441327 0.030785 0.027122
0 0.863971 0.449869 0.024077 0.031692
0 0.856706 0.431171 0.027394 0.024722
0 0.280438 0.470776 0.031467 0.037521
0 0.367750 0.510885 0.064095 0.048883
0 0.254325 0.482001 0.036575 0.037762
0 0.264609 0.454019 0.026842 0.029425
0 0.250736 0.518942 0.043936 0.047768
0 0.288095 0.434364 0.043077 0.029909
0 0.161623 0.510011 0.041082 0.042255
0 0.842917 0.472268 0.037142 0.028974
0 0.355894 0.429367 0.043780 0.026589
0 0.882162 0.470691 0.025724 0.031875
0 0.791016 0.478435 0.039838 0.030356
0 0.416819 0.420700 0.046743 0.024757
0 0.141456 0.493655 0.042083 0.037612
0 0.448345 0.405991 0.041155 0.026241
0 0.497576 0.414116 0.039432 0.024226
0 0.814779 0.490956 0.050295 0.028290
0 0.946561 0.492335 0.053728 0.035364
0 0.862438 0.508751 0.053509 0.036299
0 0.963139 0.518741 0.024919 0.034398
0 0.727149 0.577748 0.031622 0.043753
0 0.551062 0.409672 0.040780 0.024851
0 0.554859 0.394257 0.042949 0.020579
0 0.858064 0.552697 0.075209 0.041052
0 0.705576 0.511840 0.055838 0.034917
0 0.790095 0.537525 0.062452 0.041052
0 0.635267 0.409749 0.042382 0.022507
0 0.738640 0.413674 0.048578 0.025132
0 0.481207 0.396695 0.032050 0.023964
0 0.374062 0.409046 0.047370 0.018762
0 0.671686 0.403467 0.041441 0.019881
0 0.660763 0.376098 0.039245 0.019881
0 0.583665 0.529511 0.104896 0.062268
0 0.545679 0.567604 0.081261 0.046525
0 0.214287 0.441442 0.050994 0.024780
0 0.459678 0.541304 0.061801 0.038835
0 0.226061 0.452176 0.036061 0.025286
0 0.384608 0.559465 0.066193 0.047639
0 0.808157 0.414962 0.046643 0.020058
0 0.081239 0.473124 0.055301 0.034062
0 0.272104 0.577698 0.072518 0.039762
0 0.648573 0.600196 0.073378 0.063326
0 0.134150 0.556908 0.069379 0.038258
0 0.871322 0.413461 0.042377 0.024695
0 0.909306 0.402541 0.039236 0.022402
0 0.829908 0.393257 0.043375 0.017714
0 0.126998 0.820258 0.142600 0.103475
0 0.718773 0.390985 0.038018 0.021479
0 0.201078 0.512185 0.046013 0.051946
0 0.194487 0.479341 0.048255 0.037630
