0 0.085920 0.641847 0.069096 0.064375
0 0.251536 0.480632 0.045304 0.039580
0 0.583787 0.410101 0.039800 0.025079
0 0.766829 0.413970 0.028265 0.023851
0 0.778005 0.446565 0.031147 0.036775
0 0.319125 0.434530 0.048656 0.026760
0 0.843662 0.418973 0.025996 0.027827
0 0.817333 0.440021 0.026168 0.032747
0 0.386160 0.421644 0.043615 0.023257
0 0.293229 0.513807 0.054851 0.041787
0 0.235623 0.432837 0.049447 0.031054
0 0.257113 0.450618 0.037735 0.029836
0 0.108772 0.594381 0.027041 0.038970
0 0.521174 0.409340 0.037167 0.024103
0 0.446433 0.411180 0.044594 0.030445
