0 0.409021 0.384549 0.020006 0.025109
0 0.429094 0.432371 0.029477 0.031850
0 0.294528 0.374959 0.110754 0.044187
0 0.419902 0.409210 0.034362 0.027193
0 0.362310 0.485638 0.060060 0.030449
0 0.371678 0.505977 0.059569 0.038059
0 0.300572 0.540477 0.072664 0.048373
0 0.477570 0.376521 0.033381 0.031036
0 0.648594 0.431763 0.044886 0.026888
0 0.467975 0.401544 0.026830 0.030800
0 0.422486 0.463881 0.034700 0.032362
0 0.359882 0.543524 0.059714 0.044792
0 0.274880 0.518986 0.052735 0.032987
0 0.127514 0.430475 0.046031 0.027908
0 0.459561 0.476984 0.041109 0.034445
0 0.414591 0.513618 0.046947 0.036688
0 0.204178 0.577509 0.080985 0.050855
0 0.285128 0.582392 0.071849 0.051195
0 0.186186 0.417668 0.046601 0.028133
0 0.193217 0.547642 0.074556 0.043113
0 0.237170 0.408408 0.043905 0.025507
0 0.032875 0.435655 0.054051 0.035018
0 0.578051 0.453827 0.040099 0.031004
0 0.452643 0.526600 0.051865 0.041078
0 0.336227 0.592288 0.070329 0.057016
0 0.198305 0.692676 0.071609 0.066061
