0 0.791487 0.437546 0.028318 0.025400
0 0.833478 0.434332 0.030785 0.027122
0 0.863545 0.449117 0.023097 0.030964
0 0.855686 0.429736 0.027394 0.024722
0 0.203219 0.608397 0.060380 0.063389
0 0.667720 0.510276 0.064095 0.038069
0 0.461995 0.564663 0.076693 0.050149
0 0.203203 0.549971 0.035464 0.042540
0 0.842917 0.472268 0.037142 0.028974
0 0.265360 0.459958 0.043772 0.033361
0 0.883205 0.468084 0.025724 0.031875
0 0.792556 0.475729 0.039838 0.030356
0 0.025818 0.665803 0.051636 0.064645
0 0.316385 0.437501 0.042690 0.025539
0 0.823455 0.487390 0.041399 0.028290
0 0.897660 0.558981 0.030047 0.038427
0 0.377058 0.422051 0.042382 0.023091
0 0.482593 0.411763 0.048578 0.025132
0 0.414114 0.408274 0.042996 0.019881
0 0.545895 0.409359 0.044241 0.023451
0 0.606328 0.408670 0.042377 0.024695
0 0.560912 0.397670 0.039236 0.017198
0 0.499710 0.398085 0.036053 0.021403
0 0.790193 0.501458 0.049675 0.032393
0 0.907949 0.501680 0.050027 0.033587
0 0.676092 0.410992 0.041854 0.019068
0 0.736408 0.413141 0.042639 0.019068
0 0.272586 0.432433 0.046805 0.023638
0 0.736145 0.539663 0.065335 0.038025
0 0.834312 0.516307 0.058608 0.034608
0 0.899333 0.539891 0.065988 0.035017
0 0.047521 0.477915 0.064913 0.039812
0 0.774164 0.414892 0.035031 0.018443
0 0.077982 0.600957 0.042986 0.048942
0 0.838479 0.412337 0.045227 0.027195
0 0.217240 0.464981 0.038691 0.031930
0 0.687181 0.570948 0.063302 0.045761
0 0.739770 0.510411 0.054107 0.038479
0 0.184058 0.495852 0.040703 0.043537
0 0.216116 0.434571 0.049834 0.028190
0 0.115283 0.618822 0.052295 0.066418
