0 0.791825 0.437743 0.028277 0.025400
0 0.833792 0.434953 0.030785 0.027122
0 0.863574 0.449173 0.023097 0.030964
0 0.855777 0.429863 0.027394 0.024722
0 0.241637 0.554050 0.040706 0.052201
0 0.665040 0.510663 0.064095 0.038069
0 0.404838 0.552899 0.076693 0.050149
0 0.224285 0.507396 0.035464 0.042540
0 0.842917 0.472268 0.037142 0.028974
0 0.280127 0.449916 0.043772 0.033361
0 0.883112 0.468315 0.025724 0.031875
0 0.792434 0.476065 0.039838 0.030356
0 0.064464 0.625108 0.058894 0.070251
0 0.337147 0.430391 0.042690 0.025539
0 0.822615 0.487850 0.041399 0.028290
0 0.897309 0.559121 0.030047 0.038427
0 0.428516 0.410010 0.042382 0.022507
0 0.501695 0.412009 0.048578 0.025132
0 0.478096 0.398669 0.042996 0.019881
0 0.557402 0.410301 0.044241 0.023451
0 0.617705 0.408381 0.042377 0.024695
0 0.574105 0.397959 0.039236 0.017198
0 0.519794 0.396922 0.036053 0.021403
0 0.945362 0.492041 0.049741 0.027062
0 0.928710 0.518278 0.049948 0.031822
0 0.788601 0.502176 0.049675 0.032393
0 0.849756 0.522725 0.051509 0.033838
0 0.686710 0.411131 0.041854 0.019068
0 0.739783 0.413577 0.042639 0.019068
0 0.315312 0.421248 0.046805 0.019364
0 0.680629 0.549730 0.074903 0.041394
0 0.766374 0.525239 0.065663 0.041080
0 0.873878 0.547655 0.066389 0.035637
0 0.126058 0.459139 0.053405 0.038129
0 0.783096 0.414892 0.035031 0.018443
0 0.697507 0.396761 0.044704 0.023132
0 0.099533 0.565105 0.042986 0.048942
0 0.842976 0.411806 0.045227 0.027195
0 0.240794 0.449723 0.038691 0.031930
0 0.644334 0.581449 0.064257 0.045929
0 0.738850 0.510545 0.054107 0.038479
0 0.185880 0.494607 0.040703 0.043537
0 0.082763 0.662823 0.078379 0.081932
0 0.139414 0.578487 0.046211 0.060818
