0 0.426419 0.407886 0.026262 0.019370
0 0.386467 0.402684 0.035510 0.021811
0 0.431355 0.394511 0.029831 0.020859
0 0.473658 0.401016 0.025061 0.024105
0 0.426679 0.429027 0.027638 0.025587
0 0.456600 0.425465 0.026750 0.025078
0 0.447688 0.450240 0.033511 0.027831
0 0.416349 0.469126 0.052780 0.033776
0 0.510660 0.418179 0.027912 0.031314
0 0.482189 0.432607 0.024121 0.023617
0 0.061668 0.448550 0.045487 0.027378
0 0.359905 0.490272 0.059961 0.032693
0 0.125928 0.435520 0.035185 0.021010
0 0.481011 0.455713 0.038403 0.028730
0 0.193850 0.420657 0.038985 0.025630
0 0.747204 0.376283 0.033269 0.020641
0 0.288881 0.515700 0.060461 0.035873
0 0.338779 0.395177 0.044283 0.030657
0 0.654072 0.408453 0.039522 0.029591
0 0.795028 0.366319 0.028440 0.020170
0 0.050524 0.438585 0.047402 0.020592
0 0.560868 0.446207 0.049417 0.025368
0 0.751315 0.390872 0.028895 0.021826
0 0.626363 0.437942 0.043217 0.031810
0 0.702030 0.409391 0.029223 0.023101
0 0.575755 0.463070 0.049002 0.036615
0 0.472282 0.480790 0.054470 0.036058
0 0.071416 0.413374 0.060443 0.037250
0 0.124867 0.421676 0.040969 0.021624
0 0.421746 0.381519 0.041211 0.020839
0 0.393636 0.520804 0.059152 0.039868
0 0.488200 0.372757 0.036103 0.023757
0 0.193149 0.590966 0.243282 0.120223
0 0.223908 0.391417 0.041305 0.021881
0 0.083231 0.571190 0.082746 0.047318
