0 0.430302 0.411648 0.026054 0.021224
0 0.390998 0.403918 0.034810 0.021811
0 0.431606 0.394814 0.029831 0.021181
0 0.477587 0.404392 0.025061 0.024105
0 0.418283 0.448013 0.032112 0.027967
0 0.425618 0.468846 0.047298 0.033311
0 0.369287 0.490420 0.051024 0.028650
0 0.300277 0.508884 0.063808 0.032453
0 0.084604 0.440432 0.058621 0.027561
0 0.158863 0.425164 0.050274 0.028245
0 0.791120 0.375466 0.029080 0.016643
0 0.511492 0.424199 0.027912 0.033379
0 0.708678 0.400178 0.035588 0.023590
0 0.771600 0.370693 0.023737 0.022650
0 0.480943 0.455379 0.037115 0.026724
0 0.228536 0.413983 0.042863 0.024774
0 0.281711 0.405420 0.038900 0.021143
0 0.676056 0.418362 0.036971 0.024641
0 0.578631 0.445113 0.045861 0.029862
0 0.202945 0.533074 0.075776 0.036741
0 0.335713 0.398712 0.032990 0.021010
0 0.515780 0.477743 0.051623 0.033633
0 0.408012 0.499515 0.058226 0.030643
0 0.396045 0.386473 0.034508 0.018018
0 0.432011 0.379631 0.036108 0.023638
0 0.440859 0.507069 0.056620 0.035478
0 0.461911 0.527293 0.065677 0.041932
0 0.288786 0.539354 0.069151 0.040782
0 0.099526 0.568662 0.076596 0.040530
0 0.281143 0.577683 0.067600 0.044634
0 0.112791 0.415246 0.038304 0.022882
0 0.514282 0.370209 0.039559 0.027758
0 0.180827 0.576028 0.083673 0.054214
0 0.209865 0.395037 0.037363 0.021381
0 0.100928 0.636014 0.099478 0.057767
