0 0.803342 0.445453 0.022383 0.034031
0 0.829051 0.440579 0.029295 0.027382
0 0.779448 0.491120 0.049004 0.030486
0 0.781372 0.516411 0.070544 0.039540
0 0.562105 0.540872 0.073179 0.048614
0 0.645064 0.514530 0.061344 0.038243
0 0.767595 0.417716 0.039031 0.022023
0 0.807100 0.405779 0.041943 0.021408
0 0.332670 0.432048 0.046080 0.036947
0 0.859728 0.407485 0.029470 0.024336
0 0.279088 0.441267 0.035473 0.030440
0 0.425480 0.560189 0.079715 0.044077
0 0.831306 0.416178 0.037018 0.024757
0 0.895567 0.414782 0.039841 0.027130
0 0.522222 0.410299 0.046410 0.026258
0 0.249628 0.526813 0.068703 0.036761
0 0.270019 0.577977 0.065566 0.038261
0 0.190022 0.552846 0.072467 0.037511
0 0.664301 0.566399 0.038621 0.035469
0 0.067054 0.574391 0.071903 0.040062
0 0.366190 0.417371 0.036302 0.029408
0 0.160152 0.593041 0.035236 0.041438
0 0.585073 0.401141 0.040695 0.026998
0 0.473586 0.407625 0.044027 0.028505
0 0.700865 0.416513 0.044237 0.030197
0 0.248896 0.467211 0.043429 0.041624
0 0.639802 0.408706 0.044059 0.023382
0 0.408742 0.417886 0.046578 0.027766
