0 0.422848 0.403737 0.026262 0.019370
0 0.374089 0.399850 0.036917 0.021811
0 0.424698 0.391981 0.029831 0.020859
0 0.456133 0.388007 0.029756 0.022470
0 0.425896 0.425818 0.027638 0.025587
0 0.455994 0.419713 0.023485 0.025329
0 0.461932 0.439778 0.033511 0.027831
0 0.429416 0.462432 0.045960 0.032895
0 0.505777 0.409726 0.027912 0.031314
0 0.477209 0.406802 0.024121 0.023617
0 0.381799 0.484189 0.052845 0.034325
0 0.494482 0.438165 0.033962 0.029810
0 0.307555 0.513616 0.060461 0.035873
0 0.157596 0.425504 0.049519 0.033198
0 0.233538 0.415248 0.047865 0.027789
0 0.295999 0.405485 0.041656 0.023811
0 0.791547 0.367689 0.069044 0.048401
0 0.210950 0.533745 0.070412 0.034462
0 0.702358 0.407518 0.034356 0.021879
0 0.441427 0.480855 0.042908 0.021851
0 0.502307 0.464087 0.046514 0.031815
0 0.358142 0.394937 0.040068 0.020526
0 0.548095 0.407989 0.018685 0.025998
0 0.574656 0.451772 0.042658 0.031976
0 0.134685 0.547697 0.073476 0.045180
0 0.712426 0.389014 0.032319 0.018315
0 0.531950 0.441337 0.034503 0.026280
0 0.459144 0.497630 0.056081 0.041021
0 0.523642 0.402206 0.023194 0.025024
0 0.387426 0.528370 0.067821 0.039665
0 0.406990 0.385588 0.033901 0.017522
0 0.048719 0.574837 0.081478 0.053995
0 0.499514 0.509662 0.054354 0.037167
0 0.059057 0.440781 0.054270 0.035635
0 0.275912 0.576545 0.083332 0.045251
0 0.219984 0.557897 0.079413 0.045259
0 0.128802 0.624943 0.093063 0.052665
