0 0.423773 0.404812 0.026262 0.019370
0 0.377296 0.400584 0.036552 0.021811
0 0.429435 0.393342 0.029831 0.020859
0 0.464062 0.394731 0.028693 0.022840
0 0.426099 0.426649 0.027638 0.025587
0 0.456920 0.422852 0.023737 0.025310
0 0.459351 0.441225 0.033511 0.027831
0 0.423144 0.465950 0.051075 0.033556
0 0.509892 0.417011 0.027912 0.031314
0 0.480979 0.412780 0.024121 0.023617
0 0.368853 0.490198 0.059961 0.032693
0 0.487457 0.445660 0.033962 0.029810
0 0.022667 0.457744 0.045333 0.036289
0 0.295862 0.515602 0.060461 0.035873
0 0.186645 0.420342 0.047358 0.034999
0 0.265784 0.410505 0.048264 0.027693
0 0.331295 0.397968 0.041137 0.025926
0 0.710177 0.398478 0.082919 0.058125
0 0.209103 0.535953 0.070412 0.040352
0 0.639256 0.442684 0.037837 0.026394
0 0.376612 0.512260 0.054242 0.032286
0 0.442878 0.485093 0.052375 0.029765
0 0.392983 0.387528 0.036626 0.016148
0 0.527872 0.463304 0.022340 0.031601
0 0.456836 0.501152 0.058481 0.039298
0 0.131771 0.549440 0.073476 0.045180
0 0.624201 0.426341 0.038423 0.026326
0 0.503451 0.464252 0.047801 0.027551
0 0.356582 0.539455 0.072463 0.051008
0 0.528698 0.405514 0.023194 0.025024
0 0.259758 0.567517 0.076871 0.042198
0 0.454024 0.376919 0.035539 0.017830
0 0.477997 0.521066 0.024846 0.038556
0 0.043327 0.576231 0.081478 0.053995
0 0.318810 0.592594 0.072677 0.048331
0 0.065003 0.434986 0.044220 0.035635
0 0.082292 0.632482 0.100927 0.059417
