0 0.432778 0.413434 0.025750 0.023927
0 0.394390 0.404470 0.034810 0.021811
0 0.433732 0.396804 0.029831 0.022604
0 0.477969 0.407642 0.025061 0.028388
0 0.414190 0.457066 0.034173 0.031250
0 0.399303 0.480356 0.050755 0.033311
0 0.332876 0.496804 0.054405 0.032421
0 0.257771 0.514851 0.069448 0.033008
0 0.020945 0.457448 0.041889 0.031619
0 0.719519 0.387562 0.030267 0.024797
0 0.757718 0.392295 0.034382 0.023791
0 0.688717 0.414749 0.036816 0.025093
0 0.645303 0.412387 0.036403 0.029924
0 0.596941 0.444243 0.046160 0.030569
0 0.147167 0.428934 0.050872 0.029989
0 0.123479 0.406865 0.050274 0.032064
0 0.536493 0.475492 0.051922 0.041615
0 0.495436 0.465399 0.053210 0.031768
0 0.481124 0.501528 0.047798 0.039527
0 0.222151 0.413394 0.039577 0.025102
0 0.326509 0.397270 0.045007 0.022924
0 0.409673 0.510997 0.061806 0.038731
0 0.411011 0.380841 0.041582 0.023609
0 0.365614 0.546908 0.070744 0.049173
0 0.239446 0.546450 0.079820 0.046809
0 0.084431 0.432333 0.045619 0.025371
0 0.032298 0.429026 0.052260 0.024481
0 0.123702 0.595311 0.082859 0.048205
0 0.140545 0.625195 0.081425 0.050339
