0 0.771659 0.457653 0.031151 0.033190
0 0.803318 0.446574 0.024371 0.027415
0 0.796502 0.408039 0.029351 0.022919
0 0.821943 0.427061 0.024304 0.029964
0 0.028146 0.683418 0.056291 0.075649
0 0.239703 0.476731 0.041766 0.038495
0 0.300422 0.446781 0.036306 0.031238
0 0.373591 0.422939 0.051603 0.028864
0 0.830774 0.456812 0.033293 0.031991
0 0.856488 0.482121 0.032416 0.034173
0 0.850760 0.428831 0.027843 0.030713
0 0.805746 0.494806 0.043289 0.034605
0 0.446584 0.420526 0.043849 0.021061
0 0.511594 0.411313 0.041729 0.026283
0 0.883817 0.459232 0.034795 0.034215
0 0.579303 0.411483 0.039224 0.020438
0 0.745111 0.501420 0.046874 0.037620
0 0.041935 0.483804 0.059765 0.040457
0 0.195007 0.512890 0.041808 0.052792
0 0.852172 0.516422 0.052975 0.035148
0 0.936694 0.483965 0.051169 0.036951
0 0.707809 0.562781 0.029899 0.038686
0 0.611731 0.578527 0.064164 0.043841
0 0.122025 0.457774 0.058497 0.039342
0 0.198229 0.441907 0.050966 0.031968
0 0.184764 0.720514 0.126079 0.086484
0 0.253385 0.428662 0.045025 0.032982
0 0.747057 0.429374 0.035069 0.023962
0 0.232627 0.766056 0.108524 0.093566
