0 0.435278 0.415923 0.025505 0.026111
0 0.396655 0.406092 0.033858 0.023298
0 0.435748 0.398690 0.029831 0.023952
0 0.481001 0.412849 0.031186 0.030863
0 0.408546 0.463751 0.044981 0.034566
0 0.021794 0.458364 0.043588 0.032730
0 0.117474 0.434262 0.043867 0.026428
0 0.143513 0.406960 0.045577 0.027514
0 0.187156 0.410000 0.042957 0.028311
0 0.340521 0.497439 0.054070 0.030137
0 0.233480 0.388622 0.042511 0.027838
0 0.273784 0.514971 0.059723 0.036316
0 0.344408 0.519027 0.067564 0.038486
0 0.055748 0.438511 0.035393 0.022552
0 0.052072 0.425302 0.048630 0.024193
0 0.458035 0.499612 0.062242 0.048467
0 0.235564 0.555744 0.076900 0.037389
0 0.162123 0.546804 0.069448 0.047786
0 0.248777 0.584411 0.080761 0.046838
0 0.280347 0.403347 0.042437 0.028416
0 0.333473 0.390840 0.036071 0.022834
0 0.447165 0.376587 0.037769 0.018471
0 0.050613 0.587486 0.079569 0.032982
0 0.390399 0.387817 0.036778 0.023257
0 0.431633 0.372426 0.043144 0.021565
