0 0.369648 0.391798 0.038616 0.027073
0 0.424881 0.406896 0.024057 0.031306
0 0.411590 0.448906 0.037604 0.031495
0 0.387341 0.377034 0.037615 0.022131
0 0.362473 0.489909 0.066639 0.039034
0 0.412330 0.389831 0.038660 0.026770
0 0.427921 0.429302 0.025529 0.033633
0 0.430534 0.367270 0.082863 0.037926
0 0.419848 0.473581 0.042929 0.036602
0 0.290475 0.506821 0.068603 0.034570
0 0.494647 0.409213 0.027835 0.035217
0 0.486717 0.386047 0.023960 0.026368
0 0.466424 0.424882 0.028725 0.029719
0 0.027753 0.457207 0.043563 0.034485
0 0.452539 0.404459 0.029597 0.030479
0 0.280671 0.538345 0.065263 0.038059
0 0.677723 0.414741 0.041601 0.026158
0 0.123885 0.434772 0.042969 0.028980
0 0.245798 0.574123 0.072664 0.049504
0 0.463895 0.470589 0.044035 0.035667
0 0.524896 0.407800 0.031984 0.032504
0 0.199485 0.420312 0.040705 0.025790
0 0.422183 0.502604 0.063727 0.054201
0 0.112969 0.609383 0.093220 0.053476
0 0.470204 0.519017 0.055440 0.041041
0 0.334664 0.556098 0.067905 0.050721
0 0.348611 0.524348 0.047840 0.039375
0 0.312900 0.612789 0.062786 0.052109
0 0.144523 0.707331 0.088261 0.075058
