0 0.435944 0.417316 0.025505 0.026111
0 0.396020 0.407658 0.032589 0.025281
0 0.436143 0.399061 0.029831 0.024217
0 0.481334 0.416431 0.031186 0.030863
0 0.388965 0.476727 0.057367 0.034566
0 0.753208 0.380728 0.028029 0.020043
0 0.123944 0.432775 0.041588 0.028939
0 0.050889 0.430428 0.041964 0.025879
0 0.226657 0.410582 0.043867 0.026428
0 0.237098 0.390686 0.043474 0.022852
0 0.568529 0.468550 0.030027 0.034728
0 0.290495 0.391431 0.042957 0.028311
0 0.278322 0.519616 0.053780 0.040108
0 0.336434 0.376396 0.042511 0.027838
0 0.191669 0.534304 0.059723 0.036316
0 0.228133 0.555947 0.075159 0.041884
0 0.159718 0.419905 0.035393 0.022552
0 0.128309 0.408777 0.048655 0.023609
0 0.255163 0.571142 0.080635 0.049731
0 0.077131 0.599302 0.086129 0.054294
0 0.377905 0.386892 0.042437 0.028416
0 0.425019 0.375342 0.036071 0.022834
0 0.483065 0.373598 0.037769 0.018471
