0 0.795927 0.440122 0.027785 0.025400
0 0.837599 0.442489 0.030785 0.027122
0 0.864281 0.450414 0.024844 0.032261
0 0.856875 0.431409 0.027394 0.024722
0 0.281663 0.467280 0.031741 0.035892
0 0.342681 0.507770 0.060985 0.048883
0 0.253387 0.480917 0.034425 0.037201
0 0.265436 0.452359 0.031203 0.027425
0 0.173157 0.462929 0.051389 0.035806
0 0.253782 0.515074 0.043371 0.047095
0 0.341491 0.426053 0.043077 0.029909
0 0.162468 0.509253 0.041082 0.042255
0 0.842917 0.472268 0.037142 0.028974
0 0.404440 0.419550 0.043780 0.026589
0 0.884216 0.478374 0.039336 0.032320
0 0.789563 0.478396 0.039838 0.030356
0 0.469333 0.415376 0.046743 0.024757
0 0.972240 0.501779 0.046201 0.035278
0 0.142065 0.492206 0.042083 0.037612
0 0.511624 0.404240 0.041155 0.026241
0 0.561837 0.413524 0.039432 0.024226
0 0.881092 0.514369 0.064614 0.036914
0 0.780663 0.497383 0.061539 0.031343
0 0.913382 0.540259 0.053691 0.036741
0 0.799758 0.518712 0.062103 0.042407
0 0.713487 0.522572 0.066533 0.036299
0 0.839977 0.543166 0.029368 0.037929
0 0.724374 0.581261 0.031622 0.043753
0 0.635178 0.410048 0.040780 0.024851
0 0.655672 0.392450 0.042949 0.020579
0 0.380549 0.412803 0.041037 0.032463
0 0.668539 0.572525 0.076301 0.041052
0 0.589780 0.530321 0.063094 0.036649
0 0.550469 0.564475 0.071499 0.041052
0 0.711543 0.413586 0.042382 0.022507
0 0.820484 0.414544 0.048578 0.025132
0 0.583820 0.398072 0.047088 0.023641
0 0.048632 0.487819 0.072264 0.038266
0 0.460945 0.401634 0.047370 0.018762
0 0.764657 0.405804 0.041441 0.019881
0 0.744854 0.384159 0.039245 0.019881
0 0.128382 0.460454 0.051820 0.033566
0 0.349361 0.540412 0.113564 0.062268
0 0.269757 0.583306 0.081261 0.046525
0 0.333278 0.412214 0.041083 0.021117
0 0.225305 0.538986 0.061801 0.033198
0 0.273255 0.439215 0.046412 0.030205
0 0.146843 0.559163 0.066193 0.047639
0 0.882526 0.415849 0.046643 0.020058
0 0.231838 0.436956 0.040956 0.028603
0 0.036866 0.580604 0.062749 0.039762
0 0.503088 0.666468 0.089725 0.078408
0 0.497748 0.519285 0.067012 0.037239
0 0.343462 0.723772 0.111334 0.082551
0 0.856457 0.396289 0.037493 0.022663
0 0.202910 0.510210 0.045793 0.051135
0 0.195889 0.478411 0.048099 0.037007
