0 0.432029 0.412894 0.025842 0.023110
0 0.393364 0.404303 0.034810 0.021811
0 0.433090 0.396203 0.029831 0.022174
0 0.477905 0.406643 0.025061 0.027005
0 0.415481 0.454771 0.033507 0.030190
0 0.394342 0.478136 0.050755 0.033311
0 0.336279 0.496243 0.054405 0.032421
0 0.264549 0.516360 0.069448 0.033836
0 0.797363 0.374886 0.030649 0.019197
0 0.723434 0.393501 0.031620 0.026087
0 0.026824 0.457945 0.053647 0.032205
0 0.671678 0.419621 0.038058 0.030296
0 0.664535 0.403813 0.040725 0.022463
0 0.617070 0.442406 0.030640 0.034099
0 0.104037 0.440770 0.041436 0.028067
0 0.239489 0.411813 0.054859 0.027561
0 0.576814 0.439026 0.044171 0.028874
0 0.315349 0.397234 0.046882 0.028245
0 0.545003 0.473550 0.053763 0.037347
0 0.447699 0.478887 0.056310 0.039824
0 0.340499 0.530483 0.068982 0.041115
0 0.417910 0.526440 0.059407 0.039476
0 0.231671 0.548643 0.067548 0.040539
0 0.387013 0.387511 0.040668 0.019874
0 0.446999 0.379371 0.038900 0.021143
0 0.254552 0.585562 0.077489 0.048631
0 0.167782 0.582234 0.084471 0.046514
0 0.053707 0.576684 0.071350 0.051588
0 0.507586 0.370333 0.030802 0.019874
0 0.176713 0.412935 0.044947 0.027908
0 0.101839 0.416876 0.039214 0.027143
