0 0.071710 0.653356 0.070619 0.068757
0 0.248022 0.485016 0.045304 0.039580
0 0.582298 0.409938 0.039800 0.025079
0 0.766611 0.413224 0.028265 0.023498
0 0.776752 0.445647 0.031147 0.036775
0 0.313445 0.434917 0.048656 0.030823
0 0.842280 0.417688 0.025996 0.027827
0 0.816565 0.437451 0.026168 0.032747
0 0.381569 0.422862 0.043615 0.023257
0 0.302395 0.516912 0.054851 0.041787
0 0.224165 0.436491 0.049447 0.031054
0 0.253141 0.453175 0.037735 0.029836
0 0.096397 0.604976 0.027041 0.038970
0 0.518999 0.409594 0.037167 0.024103
0 0.441553 0.412132 0.044594 0.030445
