0 0.051554 0.659321 0.081664 0.065866
0 0.157992 0.620989 0.062436 0.060577
0 0.259229 0.478438 0.041411 0.047643
0 0.823445 0.425534 0.028575 0.025771
0 0.817755 0.447248 0.023086 0.029415
0 0.387822 0.421562 0.043849 0.024092
0 0.450052 0.416133 0.041729 0.026283
0 0.497834 0.401790 0.042752 0.020438
0 0.770017 0.442000 0.030680 0.034185
0 0.875001 0.454993 0.031551 0.030125
0 0.857263 0.427984 0.033617 0.028282
0 0.789617 0.498201 0.042837 0.034736
0 0.640036 0.549626 0.060755 0.043553
0 0.067020 0.479715 0.061969 0.038592
0 0.686387 0.408744 0.035069 0.023962
0 0.485892 0.610074 0.080416 0.058122
0 0.724206 0.591998 0.067933 0.052673
0 0.702638 0.551291 0.061075 0.046460
0 0.169917 0.526679 0.047994 0.046178
0 0.162434 0.449558 0.047571 0.031444
0 0.632533 0.396039 0.040698 0.022552
0 0.726483 0.401533 0.034215 0.015464
0 0.177774 0.464437 0.053165 0.037539
0 0.240642 0.434148 0.046592 0.030657
0 0.297320 0.438684 0.047181 0.026428
