0 0.778572 0.432901 0.033358 0.025400
0 0.823896 0.423519 0.030625 0.022070
0 0.856331 0.432755 0.023665 0.030964
0 0.835746 0.408547 0.027394 0.024722
0 0.691224 0.506707 0.064095 0.038069
0 0.836450 0.468930 0.037142 0.028974
0 0.879902 0.460629 0.025724 0.031875
0 0.799481 0.468283 0.039442 0.030280
0 0.141377 0.662486 0.082354 0.082684
0 0.833794 0.445321 0.031842 0.028290
0 0.182277 0.468479 0.056837 0.031431
0 0.203592 0.551484 0.046029 0.056508
0 0.211983 0.448316 0.046388 0.019566
0 0.272262 0.436798 0.047981 0.028948
0 0.808339 0.492798 0.049675 0.032393
0 0.368187 0.423765 0.042336 0.027717
0 0.461405 0.416434 0.042639 0.023721
0 0.529372 0.412475 0.037976 0.020574
0 0.616714 0.410101 0.045227 0.027195
0 0.113893 0.609870 0.059649 0.061715
0 0.868393 0.482726 0.038229 0.031629
0 0.758105 0.507758 0.054107 0.038479
0 0.784221 0.524286 0.055719 0.034173
0 0.826188 0.515651 0.050778 0.037079
0 0.031741 0.660702 0.063482 0.070708
0 0.701872 0.531628 0.056070 0.035225
0 0.674164 0.414914 0.043849 0.018620
0 0.730712 0.411403 0.041729 0.026283
0 0.666508 0.549747 0.077093 0.038057
0 0.886278 0.537441 0.059558 0.036733
0 0.136357 0.546320 0.040773 0.047073
0 0.058017 0.479784 0.053521 0.034099
0 0.779571 0.411943 0.039224 0.020438
0 0.136975 0.458594 0.044134 0.032475
