0 0.312074 0.388569 0.037116 0.027073
0 0.426472 0.395913 0.024057 0.028791
0 0.413794 0.437689 0.029300 0.031495
0 0.391184 0.477622 0.064511 0.039034
0 0.374758 0.385114 0.038660 0.026770
0 0.428973 0.415604 0.022281 0.024651
0 0.388336 0.365548 0.100924 0.037926
0 0.431791 0.458193 0.035593 0.033397
0 0.324610 0.502956 0.062112 0.034570
0 0.477118 0.389953 0.023329 0.027410
0 0.448676 0.386384 0.020887 0.022723
0 0.297897 0.531122 0.065263 0.038059
0 0.259017 0.567321 0.072664 0.049504
0 0.498317 0.410616 0.031209 0.045335
0 0.245824 0.596861 0.093220 0.053476
0 0.477860 0.449048 0.031027 0.037849
0 0.370734 0.512260 0.052610 0.032362
0 0.151554 0.652982 0.085518 0.062118
0 0.240225 0.530306 0.052735 0.032987
0 0.127514 0.430475 0.046031 0.027908
0 0.449547 0.484028 0.046615 0.038825
0 0.385240 0.531941 0.049658 0.044735
0 0.133228 0.618568 0.085830 0.058293
0 0.050941 0.721017 0.101882 0.069269
0 0.186186 0.417668 0.046601 0.028133
0 0.155505 0.564438 0.074556 0.045518
0 0.237916 0.408191 0.043905 0.025507
0 0.497620 0.496315 0.073835 0.061036
0 0.051734 0.425870 0.050445 0.032860
0 0.351099 0.586116 0.063367 0.051896
0 0.184215 0.703877 0.085170 0.071715
