0 0.791781 0.437717 0.028283 0.025400
0 0.833751 0.434872 0.030785 0.027122
0 0.863574 0.449173 0.023097 0.030964
0 0.855765 0.429847 0.027394 0.024722
0 0.236626 0.561139 0.043272 0.053661
0 0.665762 0.510574 0.064095 0.038069
0 0.412293 0.554433 0.076693 0.050149
0 0.221535 0.512949 0.035464 0.042540
0 0.842917 0.472268 0.037142 0.028974
0 0.277747 0.451054 0.043772 0.033361
0 0.883124 0.468285 0.025724 0.031875
0 0.792450 0.476021 0.039838 0.030356
0 0.057794 0.630867 0.063063 0.068849
0 0.334715 0.431017 0.042690 0.025539
0 0.822682 0.487867 0.041399 0.028290
0 0.897355 0.559103 0.030047 0.038427
0 0.396154 0.420229 0.042382 0.022507
0 0.499203 0.411977 0.048578 0.025132
0 0.439663 0.405783 0.042996 0.019881
0 0.555901 0.410178 0.044241 0.023451
0 0.616221 0.408419 0.042377 0.024695
0 0.572384 0.397921 0.039236 0.017198
0 0.516921 0.396922 0.036053 0.021403
0 0.951844 0.490673 0.049080 0.026527
0 0.933224 0.517038 0.049265 0.031822
0 0.788808 0.502083 0.049675 0.032393
0 0.859102 0.519627 0.050027 0.033587
0 0.685813 0.411196 0.041854 0.019068
0 0.739343 0.413520 0.042639 0.019068
0 0.309787 0.422371 0.046805 0.019364
0 0.688459 0.548955 0.074448 0.041234
0 0.775367 0.524330 0.064786 0.040691
0 0.878964 0.546534 0.065988 0.035017
0 0.116657 0.461879 0.054581 0.038550
0 0.781931 0.414892 0.035031 0.018443
0 0.696328 0.396892 0.044704 0.023132
0 0.096722 0.569781 0.042986 0.048942
0 0.842390 0.411876 0.045227 0.027195
0 0.235902 0.452331 0.038691 0.031930
0 0.649624 0.579700 0.063302 0.045761
0 0.738970 0.510527 0.054107 0.038479
0 0.185643 0.494770 0.040703 0.043537
0 0.070913 0.673853 0.076465 0.084322
0 0.136266 0.583748 0.047005 0.061548
