0 0.796572 0.416200 0.028967 0.022362
0 0.235471 0.504330 0.042902 0.042789
0 0.286547 0.452901 0.038205 0.031005
0 0.370922 0.419688 0.045048 0.023613
0 0.629816 0.411289 0.039800 0.025079
0 0.828610 0.403473 0.023073 0.023823
0 0.784084 0.427835 0.028265 0.028202
0 0.779580 0.467708 0.033906 0.031987
0 0.756751 0.496359 0.043462 0.040220
0 0.459292 0.414309 0.048656 0.026760
0 0.726571 0.401337 0.034215 0.017698
0 0.866000 0.477501 0.035541 0.038423
0 0.146635 0.467526 0.054113 0.028331
0 0.172761 0.447288 0.044564 0.025589
0 0.707316 0.542433 0.054677 0.042623
0 0.527181 0.408361 0.043615 0.023257
