0 0.797706 0.441154 0.027572 0.025400
0 0.837405 0.444759 0.030785 0.027122
0 0.865154 0.451946 0.027001 0.033863
0 0.857352 0.432080 0.027394 0.024722
0 0.290474 0.453599 0.032764 0.030225
0 0.322372 0.499624 0.050258 0.048883
0 0.250746 0.477867 0.028375 0.035624
0 0.378249 0.423147 0.037018 0.024757
0 0.455013 0.416129 0.043300 0.027500
0 0.262353 0.504188 0.041780 0.045201
0 0.803534 0.465398 0.029475 0.030056
0 0.527572 0.412005 0.037277 0.025778
0 0.164847 0.507120 0.041082 0.042255
0 0.976473 0.515851 0.047055 0.036777
0 0.821084 0.487485 0.056548 0.031380
0 0.889047 0.523583 0.057331 0.036555
0 0.863089 0.500830 0.060401 0.033015
0 0.426974 0.398954 0.039528 0.019619
0 0.330750 0.407006 0.034421 0.021386
0 0.604847 0.411132 0.040957 0.021360
0 0.805743 0.535641 0.066399 0.046364
0 0.707792 0.524079 0.076044 0.041412
0 0.500546 0.396122 0.036996 0.019881
0 0.639260 0.560915 0.073725 0.045913
0 0.534172 0.545853 0.068671 0.038891
0 0.502661 0.521215 0.062801 0.036191
0 0.685378 0.414737 0.046743 0.024757
0 0.329679 0.423412 0.043152 0.025883
0 0.512638 0.574013 0.079755 0.043138
0 0.260423 0.438254 0.045085 0.026870
0 0.566724 0.401048 0.039868 0.020839
0 0.759787 0.411583 0.045532 0.027352
0 0.826612 0.416293 0.039432 0.024226
0 0.381136 0.568755 0.077749 0.049003
0 0.369316 0.531452 0.071556 0.039669
0 0.209847 0.590196 0.070257 0.041262
0 0.204260 0.553048 0.071526 0.042763
0 0.124454 0.542791 0.066677 0.036299
0 0.125673 0.586166 0.035778 0.043429
0 0.212573 0.436679 0.043015 0.026837
0 0.656454 0.616265 0.031622 0.043753
0 0.887283 0.413431 0.043135 0.019537
0 0.866805 0.398843 0.049235 0.020579
0 0.668556 0.401188 0.041392 0.021621
0 0.413207 0.417449 0.045929 0.026633
0 0.015206 0.485305 0.030411 0.038989
0 0.208067 0.504652 0.045174 0.048854
0 0.199833 0.475794 0.047659 0.035254
