0 0.381932 0.392373 0.030577 0.027073
0 0.020975 0.460271 0.041950 0.028468
0 0.426867 0.443040 0.031598 0.032846
0 0.146928 0.433557 0.049507 0.024876
0 0.334362 0.496035 0.063677 0.039295
0 0.430765 0.380958 0.043459 0.028893
0 0.217159 0.418407 0.040134 0.022893
0 0.263195 0.518635 0.073691 0.047034
0 0.430712 0.413443 0.025832 0.029408
0 0.459942 0.402371 0.034237 0.029244
0 0.589093 0.429204 0.042233 0.030697
0 0.464586 0.423697 0.026891 0.031491
0 0.391152 0.487933 0.050792 0.034696
0 0.503974 0.459103 0.075302 0.101269
0 0.314952 0.542692 0.062233 0.050773
0 0.180320 0.543966 0.072701 0.048386
0 0.357219 0.547080 0.054757 0.044742
0 0.428752 0.505164 0.054640 0.037514
0 0.188789 0.618097 0.071416 0.048674
0 0.321301 0.602660 0.073987 0.058406
0 0.441651 0.478707 0.037937 0.029604
0 0.075957 0.445334 0.049006 0.026474
0 0.070535 0.675385 0.082714 0.070051
0 0.046730 0.756863 0.091201 0.082104
