0 0.794809 0.439474 0.027919 0.025400
0 0.836562 0.440436 0.030785 0.027122
0 0.863732 0.449451 0.023489 0.031256
0 0.856576 0.430988 0.027394 0.024722
0 0.279498 0.473458 0.031257 0.038770
0 0.455164 0.518883 0.064095 0.048883
0 0.255045 0.482833 0.038225 0.038192
0 0.263798 0.454310 0.026842 0.029425
0 0.248399 0.521911 0.044370 0.048285
0 0.243927 0.442448 0.043077 0.029909
0 0.160974 0.510592 0.041082 0.042255
0 0.842917 0.472268 0.037142 0.028974
0 0.320338 0.436543 0.043780 0.026589
0 0.882295 0.470359 0.025724 0.031875
0 0.791290 0.478599 0.039838 0.030356
0 0.377917 0.424887 0.049882 0.024757
0 0.140192 0.495291 0.042083 0.037612
0 0.454906 0.415913 0.039432 0.024226
0 0.817036 0.488500 0.044958 0.028290
0 0.976503 0.493873 0.046993 0.036299
0 0.749706 0.572039 0.030047 0.038427
0 0.509730 0.409483 0.040780 0.024851
0 0.478650 0.393969 0.042949 0.020579
0 0.953767 0.550357 0.072503 0.041052
0 0.932216 0.516783 0.056898 0.036183
0 0.576292 0.410850 0.042382 0.022507
0 0.682432 0.411483 0.048578 0.025132
0 0.302650 0.422215 0.047939 0.021160
0 0.609129 0.401373 0.035162 0.019881
0 0.751317 0.517451 0.091329 0.059634
0 0.716738 0.550616 0.080658 0.046166
0 0.085641 0.472607 0.060792 0.033375
0 0.628151 0.535858 0.061801 0.038835
0 0.555170 0.555139 0.066193 0.047639
0 0.754291 0.412830 0.047519 0.023451
0 0.444705 0.575234 0.072518 0.039762
0 0.688039 0.587269 0.073378 0.055244
0 0.326091 0.555342 0.069379 0.038258
0 0.813645 0.412358 0.042377 0.024695
0 0.845973 0.399388 0.039236 0.022402
0 0.771224 0.397281 0.043375 0.021088
0 0.243517 0.587342 0.080289 0.040432
0 0.129438 0.555208 0.075893 0.041052
0 0.571119 0.519511 0.064599 0.035386
0 0.086114 0.580313 0.072154 0.039387
0 0.651944 0.507030 0.058210 0.035650
0 0.353088 0.716600 0.106817 0.078963
0 0.608239 0.388787 0.039463 0.018223
0 0.199671 0.513701 0.046181 0.052569
0 0.193411 0.480055 0.048375 0.038108
