0 0.440901 0.430359 0.025505 0.026111
0 0.408675 0.410266 0.032589 0.025281
0 0.444489 0.402583 0.033261 0.027745
0 0.433007 0.459241 0.049890 0.034061
0 0.192299 0.535566 0.072108 0.040918
0 0.103305 0.434725 0.045824 0.030418
0 0.171981 0.415512 0.044555 0.024858
0 0.234650 0.412470 0.046256 0.025878
0 0.339661 0.537042 0.067352 0.043638
0 0.399318 0.387415 0.041588 0.025371
0 0.371822 0.379975 0.035590 0.019282
0 0.502395 0.370576 0.036633 0.026428
0 0.495334 0.355404 0.035200 0.023981
0 0.117039 0.643599 0.041569 0.048712
