0 0.127470 0.629110 0.083538 0.085922
0 0.812759 0.415855 0.028574 0.022602
0 0.799432 0.423045 0.028967 0.022362
0 0.287621 0.449609 0.044734 0.031951
0 0.351701 0.430651 0.041279 0.025163
0 0.429244 0.410141 0.042752 0.020438
0 0.686352 0.416783 0.039800 0.025079
0 0.845617 0.420078 0.031551 0.026358
0 0.806919 0.454588 0.028265 0.028202
0 0.749171 0.495975 0.049897 0.037972
0 0.695208 0.529228 0.056880 0.044195
0 0.959904 0.516027 0.052056 0.038320
0 0.815260 0.486806 0.038152 0.038742
0 0.518097 0.409093 0.048656 0.026760
0 0.726536 0.401415 0.034215 0.016815
0 0.131500 0.460535 0.042653 0.029178
0 0.111130 0.480822 0.059286 0.028626
0 0.823728 0.527614 0.057935 0.039480
0 0.236906 0.442662 0.048802 0.028331
0 0.223943 0.431569 0.040315 0.024711
