0 0.366388 0.391562 0.037491 0.027073
0 0.425294 0.405663 0.024057 0.031306
0 0.413356 0.447639 0.034355 0.031495
0 0.368338 0.488050 0.066639 0.039034
0 0.409022 0.388732 0.038660 0.026770
0 0.427555 0.427630 0.024996 0.032306
0 0.420812 0.365101 0.083732 0.037926
0 0.422917 0.470160 0.039015 0.036602
0 0.298163 0.507007 0.068603 0.034570
0 0.481317 0.389029 0.023692 0.027920
0 0.466426 0.421104 0.025868 0.028497
0 0.452002 0.401494 0.027478 0.029530
0 0.283745 0.536844 0.065263 0.038059
0 0.707277 0.403623 0.038251 0.023701
0 0.026529 0.463780 0.044653 0.036089
0 0.250219 0.571476 0.072664 0.049504
0 0.474661 0.455758 0.034446 0.029167
0 0.510037 0.395616 0.026767 0.028860
0 0.131590 0.435640 0.040705 0.025790
0 0.452333 0.482466 0.059879 0.052021
0 0.132862 0.608641 0.093220 0.053476
0 0.594425 0.454210 0.045112 0.033023
0 0.391462 0.523067 0.059757 0.040680
0 0.351282 0.522130 0.047840 0.034330
0 0.463094 0.522797 0.050587 0.040833
0 0.097325 0.689600 0.092645 0.072304
0 0.214086 0.404548 0.035075 0.025268
0 0.302514 0.578413 0.080413 0.057166
0 0.147638 0.726327 0.105922 0.113537
