0 0.425321 0.383688 0.021681 0.026966
0 0.414527 0.421367 0.021655 0.031495
0 0.414744 0.465008 0.048822 0.036545
0 0.283579 0.393512 0.042997 0.026770
0 0.425513 0.403895 0.021515 0.022092
0 0.334887 0.369064 0.110754 0.044187
0 0.440316 0.438700 0.029531 0.031823
0 0.337383 0.499270 0.060060 0.034570
0 0.466419 0.373113 0.020704 0.021401
0 0.315902 0.525781 0.065263 0.038059
0 0.264456 0.564043 0.072664 0.049504
0 0.497840 0.403347 0.029937 0.044955
0 0.468738 0.516242 0.063884 0.044418
0 0.480521 0.436625 0.027474 0.033353
0 0.394628 0.496418 0.046206 0.032362
0 0.241234 0.600841 0.085518 0.044099
0 0.249033 0.527132 0.052735 0.032987
0 0.127514 0.430475 0.046031 0.027908
0 0.458322 0.476984 0.043587 0.034445
0 0.412152 0.514558 0.046947 0.036688
0 0.170610 0.594314 0.084451 0.056490
0 0.126200 0.676209 0.090773 0.069319
0 0.186186 0.417668 0.046601 0.028133
0 0.157625 0.561765 0.074556 0.043541
0 0.237170 0.408408 0.043905 0.025507
0 0.687124 0.400708 0.049899 0.041590
0 0.042403 0.432199 0.054173 0.033356
0 0.592715 0.452153 0.044878 0.027546
0 0.347818 0.590624 0.070924 0.058670
