0 0.422903 0.403801 0.026262 0.019370
0 0.374281 0.399894 0.036895 0.021811
0 0.424950 0.392009 0.029831 0.020859
0 0.456576 0.388426 0.029756 0.022470
0 0.425908 0.425868 0.027638 0.025587
0 0.456069 0.419943 0.023485 0.025329
0 0.461777 0.439865 0.033511 0.027831
0 0.429284 0.462566 0.045960 0.032895
0 0.506097 0.410294 0.027912 0.031314
0 0.477488 0.407160 0.024121 0.023617
0 0.381606 0.484359 0.052845 0.034325
0 0.494420 0.438510 0.033962 0.029810
0 0.305558 0.514240 0.060461 0.035873
0 0.159074 0.425307 0.049328 0.033198
0 0.234810 0.415047 0.047950 0.027769
0 0.297173 0.405368 0.041656 0.023811
0 0.787407 0.369407 0.069917 0.049024
0 0.210839 0.533877 0.070412 0.034816
0 0.702358 0.407518 0.034356 0.021879
0 0.438159 0.482510 0.042908 0.021851
0 0.498621 0.465493 0.046514 0.031815
0 0.360075 0.394586 0.039988 0.020308
0 0.549712 0.410104 0.019469 0.026327
0 0.569378 0.454099 0.043214 0.031939
0 0.134511 0.547802 0.073476 0.045180
0 0.712426 0.389014 0.032319 0.018315
0 0.530990 0.442417 0.036113 0.025996
0 0.455615 0.499300 0.056559 0.041214
0 0.523941 0.402354 0.023194 0.025024
0 0.382115 0.529537 0.069320 0.040208
0 0.408715 0.385344 0.033901 0.017522
0 0.048395 0.574921 0.081478 0.053995
0 0.490584 0.513514 0.056601 0.038310
0 0.059210 0.440788 0.054277 0.035635
0 0.267970 0.578825 0.084466 0.045251
0 0.204971 0.561545 0.081163 0.045608
0 0.112655 0.629692 0.094175 0.052665
