0 0.434246 0.414494 0.025570 0.025530
0 0.396401 0.404798 0.034810 0.021811
0 0.434994 0.397985 0.029831 0.023448
0 0.478606 0.409572 0.026259 0.030863
0 0.410856 0.459549 0.039788 0.033484
0 0.378647 0.485921 0.058712 0.033311
0 0.072605 0.419233 0.053632 0.033487
0 0.315470 0.503821 0.056114 0.033673
0 0.577772 0.440204 0.043996 0.027592
0 0.711373 0.394937 0.037692 0.026094
0 0.482772 0.477936 0.051371 0.035145
0 0.235673 0.522966 0.069448 0.032992
0 0.576805 0.464188 0.053077 0.032792
0 0.110104 0.437556 0.049196 0.030638
0 0.156051 0.420219 0.042812 0.024058
0 0.289540 0.400932 0.040019 0.023832
0 0.324733 0.522049 0.064670 0.037658
0 0.432402 0.515513 0.065564 0.044004
0 0.211374 0.417820 0.042399 0.025461
0 0.254304 0.399328 0.043144 0.021565
0 0.315791 0.566885 0.076469 0.049206
0 0.226190 0.545954 0.064650 0.046157
0 0.174021 0.586012 0.079440 0.047201
0 0.363593 0.383520 0.035609 0.022758
0 0.408669 0.383232 0.042165 0.022905
0 0.443258 0.356039 0.049598 0.029304
0 0.056366 0.640133 0.095728 0.063123
