0 0.796485 0.440446 0.027718 0.025400
0 0.837820 0.443354 0.030785 0.027122
0 0.864555 0.450895 0.025521 0.032764
0 0.857025 0.431620 0.027394 0.024722
0 0.282745 0.464191 0.031982 0.034454
0 0.336807 0.505326 0.057609 0.048883
0 0.252557 0.479959 0.032525 0.036706
0 0.266080 0.450402 0.036727 0.024891
0 0.287638 0.435656 0.044259 0.031253
0 0.256474 0.511655 0.042871 0.046500
0 0.803534 0.465398 0.029475 0.030056
0 0.388110 0.419595 0.044596 0.026604
0 0.163215 0.508583 0.041082 0.042255
0 0.842917 0.472268 0.037142 0.028974
0 0.140461 0.456091 0.048873 0.027069
0 0.446176 0.416655 0.040957 0.021360
0 0.931769 0.517562 0.057261 0.036215
0 0.840027 0.500901 0.049971 0.032408
0 0.773519 0.485649 0.044367 0.032708
0 0.518897 0.410948 0.046743 0.024757
0 0.042159 0.485201 0.057263 0.042698
0 0.857164 0.531978 0.059615 0.039011
0 0.142207 0.491188 0.042083 0.037612
0 0.584798 0.405585 0.041155 0.026241
0 0.637548 0.411518 0.039432 0.024226
0 0.766157 0.541792 0.078233 0.047804
0 0.709326 0.509147 0.070583 0.039669
0 0.744064 0.563586 0.063138 0.040512
0 0.662459 0.536717 0.071526 0.042763
0 0.562935 0.530210 0.066677 0.036299
0 0.670207 0.563720 0.035778 0.038030
0 0.721921 0.584366 0.031622 0.043753
0 0.705993 0.410840 0.040780 0.022953
0 0.684662 0.394694 0.048243 0.020579
0 0.466080 0.400773 0.041392 0.025360
0 0.437719 0.578402 0.076345 0.041052
0 0.428427 0.537038 0.066503 0.036719
0 0.298900 0.577995 0.075293 0.041052
0 0.784982 0.416351 0.042382 0.022507
0 0.894684 0.414165 0.040500 0.025132
0 0.737853 0.392413 0.047088 0.023632
0 0.192976 0.454060 0.056813 0.027372
0 0.547756 0.397632 0.047370 0.021915
0 0.836314 0.407751 0.041441 0.019881
0 0.839013 0.394587 0.039245 0.019881
0 0.349920 0.413599 0.024719 0.024018
0 0.244807 0.430610 0.044547 0.027008
0 0.132159 0.543580 0.113564 0.062268
0 0.053892 0.580441 0.081261 0.046525
0 0.424982 0.398309 0.040782 0.021006
0 0.307044 0.742020 0.115002 0.091348
0 0.346856 0.523789 0.072040 0.038240
0 0.086737 0.847758 0.131203 0.115882
0 0.204529 0.508464 0.045599 0.050419
0 0.197127 0.477589 0.047961 0.036456
