0 0.432562 0.413279 0.025777 0.023691
0 0.394094 0.404422 0.034810 0.021811
0 0.433547 0.396631 0.029831 0.022480
0 0.477951 0.407354 0.025061 0.027989
0 0.414562 0.456404 0.033981 0.030944
0 0.397497 0.479681 0.050755 0.033311
0 0.333858 0.496642 0.054405 0.032421
0 0.259727 0.515286 0.069448 0.033247
0 0.755853 0.376297 0.023905 0.021321
0 0.782250 0.380719 0.026157 0.021570
0 0.724385 0.403810 0.033886 0.024781
0 0.690656 0.397477 0.031101 0.028014
0 0.634331 0.428383 0.041931 0.028027
0 0.112116 0.434042 0.052860 0.032205
0 0.080406 0.415047 0.050274 0.032064
0 0.576940 0.457734 0.047413 0.036544
0 0.550206 0.440980 0.049761 0.031768
0 0.531780 0.478382 0.039847 0.038902
0 0.188758 0.419801 0.040370 0.026369
0 0.297557 0.402059 0.046727 0.022924
0 0.465113 0.484832 0.052245 0.036508
0 0.384249 0.385344 0.041582 0.023609
0 0.423965 0.523274 0.064379 0.043132
0 0.310263 0.529002 0.072921 0.044897
0 0.045180 0.443975 0.049868 0.030438
0 0.185766 0.578185 0.082859 0.048205
0 0.227009 0.596335 0.081425 0.050339
0 0.095932 0.575534 0.076121 0.042285
0 0.217817 0.396038 0.039214 0.030009
