0 0.751656 0.417007 0.034272 0.025400
0 0.771596 0.461693 0.032300 0.035142
0 0.804056 0.450837 0.024371 0.027415
0 0.801333 0.414875 0.029350 0.025068
0 0.824865 0.435886 0.024304 0.029964
0 0.080537 0.637118 0.069494 0.070318
0 0.256518 0.460953 0.047337 0.034504
0 0.319947 0.438512 0.038495 0.027479
0 0.388959 0.420764 0.051603 0.028864
0 0.826443 0.402830 0.026326 0.025341
0 0.830024 0.464372 0.033293 0.031991
0 0.855277 0.489347 0.036995 0.034173
0 0.859920 0.439574 0.027843 0.030713
0 0.799405 0.498832 0.045852 0.035210
0 0.465552 0.418912 0.043849 0.021061
0 0.533006 0.410852 0.041729 0.026283
0 0.889385 0.469989 0.034795 0.034215
0 0.603552 0.411379 0.039224 0.020438
0 0.719488 0.511466 0.052765 0.035279
0 0.092677 0.476457 0.058300 0.040457
0 0.209023 0.491549 0.041808 0.052792
0 0.825213 0.528786 0.059051 0.035148
0 0.947926 0.493328 0.052180 0.036951
0 0.661915 0.580973 0.029965 0.036536
0 0.168557 0.446810 0.051819 0.030454
0 0.237923 0.433719 0.050966 0.031968
0 0.105636 0.761733 0.126079 0.077118
0 0.096321 0.836284 0.131951 0.108182
