0 0.423495 0.404489 0.026262 0.019370
0 0.376334 0.400364 0.036662 0.021811
0 0.428006 0.392439 0.029831 0.020859
0 0.461307 0.392900 0.029756 0.022470
0 0.426038 0.426400 0.027638 0.025587
0 0.456871 0.422402 0.023485 0.025329
0 0.460125 0.440791 0.033511 0.027831
0 0.427876 0.463993 0.045960 0.032895
0 0.509508 0.416345 0.027912 0.031314
0 0.480459 0.410975 0.024121 0.023617
0 0.371434 0.490123 0.059071 0.032897
0 0.493760 0.442194 0.033962 0.029810
0 0.296851 0.515988 0.060461 0.035873
0 0.175115 0.423091 0.047358 0.033310
0 0.250512 0.412852 0.048264 0.027693
0 0.318044 0.400350 0.041623 0.023944
0 0.738226 0.386919 0.082919 0.058125
0 0.209657 0.535291 0.070412 0.038585
0 0.666349 0.427055 0.034574 0.022162
0 0.399431 0.499983 0.048743 0.027534
0 0.459625 0.480623 0.044789 0.031815
0 0.382250 0.389875 0.036626 0.016148
0 0.549249 0.447512 0.022340 0.031601
0 0.500057 0.483748 0.052261 0.035741
0 0.132645 0.548917 0.073476 0.045180
0 0.661573 0.408433 0.034739 0.020788
0 0.516828 0.457202 0.042015 0.024956
0 0.400705 0.522673 0.064145 0.043810
0 0.527132 0.403933 0.023194 0.025024
0 0.305327 0.553902 0.074816 0.042198
0 0.432589 0.380070 0.034003 0.017541
0 0.527210 0.498098 0.024846 0.031069
0 0.044945 0.575813 0.081478 0.053995
0 0.384386 0.562691 0.064837 0.042499
0 0.062275 0.438362 0.050050 0.035635
0 0.158044 0.615680 0.094777 0.054573
