0 0.431108 0.412229 0.025955 0.022104
0 0.392102 0.404098 0.034810 0.021811
0 0.432298 0.395462 0.029831 0.021644
0 0.477826 0.405414 0.025061 0.025302
0 0.417070 0.451947 0.032688 0.028885
0 0.400500 0.476536 0.050755 0.033311
0 0.343976 0.494332 0.054065 0.030985
0 0.272891 0.518217 0.069448 0.034856
0 0.137561 0.433211 0.054859 0.027561
0 0.721756 0.384668 0.029121 0.023153
0 0.220719 0.413091 0.046882 0.028245
0 0.705005 0.406972 0.036922 0.027555
0 0.511492 0.427485 0.027912 0.034808
0 0.562134 0.451027 0.046281 0.030346
0 0.645745 0.416772 0.035982 0.026030
0 0.440297 0.484656 0.048460 0.031097
0 0.289859 0.403711 0.040668 0.021753
0 0.345256 0.393713 0.038900 0.021143
0 0.534309 0.479333 0.048740 0.038534
0 0.390014 0.513972 0.060172 0.040137
0 0.162929 0.543199 0.075776 0.039983
0 0.403080 0.388230 0.030802 0.019874
0 0.051169 0.442765 0.046978 0.028284
0 0.329218 0.555912 0.073858 0.047991
0 0.235533 0.551757 0.070023 0.035476
0 0.456970 0.377463 0.034508 0.018018
0 0.502894 0.368833 0.036108 0.026633
0 0.225950 0.582697 0.083307 0.050299
0 0.100679 0.645244 0.087533 0.063912
0 0.123751 0.417544 0.047716 0.022507
