0 0.435091 0.415531 0.025505 0.026111
0 0.396833 0.405651 0.034215 0.022741
0 0.435636 0.398586 0.029831 0.023878
0 0.480908 0.411842 0.031186 0.030863
0 0.408733 0.461288 0.044981 0.034566
0 0.085554 0.441875 0.044361 0.032345
0 0.119256 0.413430 0.045577 0.027514
0 0.156006 0.416211 0.042957 0.028311
0 0.349700 0.495651 0.056681 0.031923
0 0.209603 0.394833 0.047710 0.027838
0 0.280787 0.512231 0.059723 0.036316
0 0.375671 0.510297 0.062692 0.038486
0 0.031142 0.433214 0.048405 0.029446
0 0.503421 0.480655 0.057288 0.045086
0 0.270221 0.543692 0.076900 0.037389
0 0.186649 0.538969 0.069448 0.047786
0 0.306656 0.565172 0.080761 0.046838
0 0.256465 0.409557 0.042437 0.028416
0 0.306869 0.394201 0.036071 0.022834
0 0.437069 0.377428 0.037769 0.018471
0 0.096669 0.577188 0.079569 0.032982
0 0.097807 0.611040 0.084926 0.054125
0 0.364459 0.392384 0.036778 0.023257
0 0.408717 0.374900 0.043144 0.021565
