0 0.328413 0.387574 0.037116 0.027073
0 0.426503 0.397652 0.024057 0.029531
0 0.414118 0.438807 0.029300 0.031495
0 0.387605 0.479303 0.066639 0.039034
0 0.383986 0.385295 0.038660 0.026770
0 0.429283 0.417566 0.022592 0.025688
0 0.396537 0.365036 0.097459 0.037926
0 0.431139 0.458429 0.037426 0.035114
0 0.322478 0.503506 0.062944 0.034570
0 0.477737 0.393235 0.023329 0.027410
0 0.449281 0.388101 0.020887 0.023263
0 0.296524 0.531324 0.065263 0.038059
0 0.258477 0.567895 0.072664 0.049504
0 0.501052 0.412927 0.037383 0.045335
0 0.221233 0.601904 0.093220 0.053476
0 0.475356 0.451884 0.036036 0.037849
0 0.365725 0.515131 0.053483 0.032362
0 0.149578 0.655795 0.085518 0.062118
0 0.238023 0.531100 0.052735 0.032987
0 0.127514 0.430475 0.046031 0.027908
0 0.442554 0.488812 0.047009 0.040704
0 0.375156 0.537836 0.049658 0.044735
0 0.111693 0.626093 0.091346 0.065504
0 0.049447 0.722699 0.098894 0.077532
0 0.186186 0.417668 0.046601 0.028133
0 0.154975 0.565106 0.074556 0.046012
0 0.243514 0.406563 0.043905 0.025507
0 0.443573 0.527956 0.079506 0.064495
0 0.069322 0.419900 0.050445 0.032860
0 0.153782 0.732648 0.101740 0.083435
