0 0.413506 0.400246 0.021655 0.031495
0 0.427089 0.444691 0.035101 0.035139
0 0.417969 0.385758 0.021515 0.022092
0 0.303088 0.375042 0.110754 0.044187
0 0.435112 0.419220 0.025624 0.026043
0 0.353636 0.488893 0.060060 0.030816
0 0.358051 0.510664 0.065263 0.038059
0 0.291014 0.546406 0.072664 0.049504
0 0.479058 0.378649 0.033381 0.032857
0 0.614588 0.447308 0.046586 0.030760
0 0.469772 0.403411 0.026287 0.030800
0 0.415628 0.475132 0.036734 0.032362
0 0.348611 0.547265 0.060009 0.048523
0 0.256960 0.524276 0.052735 0.032987
0 0.127514 0.430475 0.046031 0.027908
0 0.459475 0.476984 0.041280 0.034445
0 0.414591 0.513618 0.046947 0.036688
0 0.195437 0.581504 0.084451 0.056490
0 0.259839 0.593428 0.072642 0.051740
0 0.186186 0.417668 0.046601 0.028133
0 0.171804 0.557769 0.074556 0.043113
0 0.237170 0.408408 0.043905 0.025507
0 0.785759 0.370092 0.038597 0.028074
0 0.035721 0.434622 0.054087 0.034522
0 0.713571 0.398295 0.033982 0.025318
0 0.526183 0.486742 0.047577 0.036953
0 0.376019 0.570992 0.060262 0.045897
0 0.090076 0.778506 0.109660 0.089666
