0 0.426039 0.389865 0.023463 0.026966
0 0.415630 0.428596 0.021655 0.031495
0 0.406466 0.470410 0.053397 0.038493
0 0.311683 0.389800 0.042997 0.026770
0 0.427555 0.409267 0.021515 0.022092
0 0.351065 0.366442 0.105368 0.039491
0 0.437989 0.446172 0.030433 0.032313
0 0.331501 0.501093 0.060060 0.034570
0 0.471191 0.380155 0.022673 0.022165
0 0.443752 0.379348 0.020887 0.021391
0 0.304717 0.529339 0.065263 0.038059
0 0.260528 0.565715 0.072664 0.049504
0 0.498496 0.406259 0.029665 0.045335
0 0.388990 0.551004 0.071724 0.047784
0 0.479833 0.441186 0.028665 0.035008
0 0.386738 0.502670 0.048057 0.032362
0 0.246391 0.528084 0.052735 0.032987
0 0.127514 0.430475 0.046031 0.027908
0 0.457937 0.476984 0.044356 0.034445
0 0.408776 0.515861 0.046947 0.036688
0 0.165521 0.596908 0.084451 0.056490
0 0.088001 0.698691 0.095783 0.072749
0 0.186186 0.417668 0.046601 0.028133
0 0.156989 0.562567 0.074556 0.044134
0 0.237170 0.408408 0.043905 0.025507
0 0.635597 0.426299 0.057845 0.044987
0 0.044630 0.431391 0.054202 0.032968
0 0.528735 0.491204 0.050904 0.040014
0 0.149501 0.706512 0.082434 0.063844
