0 0.424088 0.405177 0.026262 0.019370
0 0.378386 0.400834 0.036428 0.021811
0 0.429533 0.394036 0.029831 0.020859
0 0.467337 0.396732 0.027187 0.023365
0 0.426168 0.426932 0.027638 0.025587
0 0.456882 0.423162 0.024095 0.025282
0 0.456341 0.443458 0.033511 0.027831
0 0.421119 0.466798 0.052780 0.033776
0 0.509984 0.417150 0.027912 0.031314
0 0.481322 0.414830 0.024121 0.023617
0 0.367113 0.489263 0.059961 0.032693
0 0.485277 0.448261 0.033962 0.029810
0 0.039599 0.455449 0.046015 0.036289
0 0.294741 0.515165 0.060461 0.035873
0 0.199714 0.417226 0.047358 0.036913
0 0.765957 0.368630 0.029940 0.021224
0 0.283092 0.407846 0.048264 0.027693
0 0.346312 0.395269 0.040586 0.028174
0 0.678268 0.410699 0.089296 0.063453
0 0.208475 0.536704 0.070412 0.042354
0 0.602961 0.461778 0.042172 0.029837
0 0.335410 0.524098 0.055797 0.033599
0 0.419313 0.494189 0.055990 0.033108
0 0.405148 0.384869 0.036626 0.016148
0 0.489785 0.485300 0.022340 0.031601
0 0.396592 0.522032 0.062912 0.041988
0 0.130780 0.550032 0.073476 0.045180
0 0.579403 0.446606 0.039405 0.027803
0 0.487698 0.471066 0.049730 0.028416
0 0.294813 0.560606 0.083035 0.053304
0 0.530494 0.407545 0.023194 0.025024
0 0.203247 0.583099 0.081460 0.046872
0 0.478317 0.373348 0.037279 0.018157
0 0.406536 0.562125 0.024846 0.041052
0 0.041494 0.576705 0.081478 0.053995
