0 0.794574 0.439338 0.027947 0.025400
0 0.836344 0.440004 0.030785 0.027122
0 0.863617 0.449249 0.023204 0.031044
0 0.856513 0.430899 0.027394 0.024722
0 0.279042 0.474759 0.031156 0.039376
0 0.491906 0.518163 0.064095 0.048883
0 0.255394 0.483237 0.039025 0.038401
0 0.263406 0.454450 0.026842 0.029425
0 0.247266 0.523351 0.044580 0.048536
0 0.215372 0.446172 0.043077 0.029909
0 0.160659 0.510874 0.041082 0.042255
0 0.842917 0.472268 0.037142 0.028974
0 0.309422 0.437426 0.043780 0.026589
0 0.882360 0.470198 0.025724 0.031875
0 0.791422 0.478679 0.039838 0.030356
0 0.365092 0.427047 0.051713 0.024757
0 0.139580 0.496084 0.042083 0.037612
0 0.432075 0.419247 0.039432 0.024226
0 0.818131 0.487309 0.042370 0.028290
0 0.766701 0.567133 0.030047 0.038427
0 0.439088 0.397512 0.042949 0.020579
0 0.978669 0.550273 0.042662 0.041052
0 0.980739 0.508816 0.038523 0.036183
0 0.549888 0.409808 0.042382 0.022507
0 0.656697 0.411382 0.048578 0.025132
0 0.270108 0.429335 0.050188 0.025626
0 0.581765 0.401893 0.032023 0.019881
0 0.823300 0.511260 0.084876 0.056600
0 0.791425 0.541681 0.075837 0.043293
0 0.021002 0.490681 0.042004 0.033375
0 0.710369 0.528018 0.061801 0.038835
0 0.634315 0.547237 0.066193 0.047639
0 0.727442 0.412297 0.047519 0.023451
0 0.525417 0.569473 0.072518 0.039762
0 0.703774 0.580880 0.073378 0.055244
0 0.411621 0.552821 0.069379 0.038258
0 0.788433 0.412092 0.042377 0.024695
0 0.815401 0.398046 0.039236 0.022402
0 0.758475 0.400448 0.039714 0.021246
0 0.335975 0.584826 0.080289 0.043322
0 0.215551 0.553625 0.075893 0.041052
0 0.595436 0.518066 0.064599 0.041856
0 0.184730 0.579302 0.072154 0.039387
0 0.672226 0.506554 0.060533 0.035650
0 0.167779 0.447327 0.052022 0.035337
0 0.750553 0.495031 0.044271 0.036191
0 0.872186 0.412874 0.041854 0.019068
0 0.521238 0.403660 0.046805 0.022209
0 0.428791 0.691353 0.106817 0.066685
0 0.556633 0.393163 0.039463 0.018223
0 0.198989 0.514435 0.046263 0.052870
0 0.192890 0.480401 0.048433 0.038340
