0 0.792325 0.438033 0.028217 0.025400
0 0.834256 0.435871 0.030785 0.027122
0 0.863574 0.449173 0.023097 0.030964
0 0.855910 0.430052 0.027394 0.024722
0 0.271815 0.493352 0.031080 0.045975
0 0.654430 0.511932 0.064095 0.038069
0 0.322646 0.523784 0.060346 0.042032
0 0.249336 0.468194 0.031702 0.034907
0 0.070824 0.695061 0.100128 0.089245
0 0.031438 0.666358 0.062876 0.068178
0 0.842917 0.472268 0.037142 0.028974
0 0.297413 0.443563 0.043773 0.032376
0 0.882975 0.468658 0.025724 0.031875
0 0.792253 0.476561 0.039838 0.030356
0 0.099141 0.573931 0.043398 0.060249
0 0.359204 0.425132 0.042690 0.025539
0 0.821850 0.487665 0.041399 0.028290
0 0.896789 0.559328 0.030047 0.038427
0 0.027291 0.482927 0.054582 0.039381
0 0.429831 0.415956 0.042382 0.022507
0 0.513028 0.411670 0.048578 0.025132
0 0.472391 0.405324 0.042996 0.019881
0 0.570806 0.410335 0.044241 0.023451
0 0.632007 0.408079 0.042377 0.024695
0 0.593765 0.398570 0.039236 0.017198
0 0.544934 0.397322 0.036053 0.021403
0 0.946219 0.503272 0.062566 0.035771
0 0.834234 0.515372 0.059001 0.034554
0 0.844823 0.538815 0.059502 0.031822
0 0.786320 0.503051 0.049675 0.032393
0 0.721584 0.551817 0.064097 0.038046
0 0.941645 0.530141 0.060521 0.043310
0 0.693688 0.409847 0.041854 0.019068
0 0.744773 0.414222 0.042639 0.019068
0 0.364380 0.410412 0.046805 0.019364
0 0.582844 0.555715 0.074903 0.041394
0 0.648693 0.529988 0.070773 0.041840
0 0.806652 0.562769 0.072000 0.044313
0 0.124917 0.462330 0.052982 0.031006
0 0.223827 0.429729 0.050894 0.033922
0 0.797912 0.414701 0.035031 0.018443
0 0.723293 0.398008 0.044704 0.023132
0 0.127471 0.516199 0.039072 0.043705
0 0.856439 0.411511 0.045227 0.027195
0 0.767617 0.396578 0.040323 0.017193
0 0.302968 0.425352 0.038691 0.021462
0 0.737489 0.510743 0.054107 0.038479
0 0.228250 0.455262 0.046338 0.033828
0 0.149853 0.582378 0.055924 0.071738
0 0.162298 0.525261 0.038386 0.050702
