0 0.421996 0.402748 0.026262 0.019370
0 0.371139 0.399175 0.037252 0.021811
0 0.419162 0.390735 0.029831 0.020859
0 0.425709 0.425053 0.027638 0.025587
0 0.454840 0.416178 0.023485 0.025329
0 0.464308 0.438447 0.033511 0.027831
0 0.431441 0.460381 0.045960 0.032895
0 0.491262 0.396307 0.027912 0.031314
0 0.450229 0.384495 0.024323 0.022165
0 0.384747 0.481592 0.052845 0.034325
0 0.497598 0.431197 0.033608 0.029570
0 0.379659 0.512187 0.060461 0.035873
0 0.113574 0.435275 0.050307 0.033198
0 0.208857 0.420337 0.046551 0.028107
0 0.276675 0.407913 0.041656 0.023811
0 0.841355 0.349350 0.055593 0.042390
0 0.233223 0.525604 0.068969 0.040445
0 0.504023 0.456680 0.043049 0.022006
0 0.574157 0.439351 0.039699 0.028405
0 0.334630 0.399737 0.040507 0.022531
0 0.653418 0.417240 0.038431 0.026337
0 0.137367 0.546094 0.073476 0.045180
0 0.535142 0.427098 0.030165 0.026847
0 0.495880 0.478361 0.050573 0.034260
0 0.521283 0.401760 0.028497 0.025024
0 0.469690 0.508374 0.064824 0.038580
0 0.381321 0.389207 0.035557 0.018995
0 0.053679 0.573555 0.081478 0.053995
0 0.603398 0.454563 0.040850 0.028556
0 0.049803 0.441751 0.051544 0.031882
0 0.365955 0.547062 0.081063 0.045251
0 0.311347 0.519361 0.075914 0.039672
0 0.274959 0.576465 0.084506 0.044568
0 0.168615 0.598135 0.083723 0.049304
0 0.189562 0.555946 0.075699 0.040215
0 0.070484 0.611152 0.085044 0.053343
