0 0.368742 0.391733 0.038304 0.027073
0 0.424996 0.406554 0.024057 0.031306
0 0.412081 0.448554 0.036702 0.031495
0 0.387341 0.377034 0.037615 0.022131
0 0.364102 0.489393 0.066639 0.039034
0 0.411411 0.389526 0.038660 0.026770
0 0.427836 0.428392 0.025529 0.033633
0 0.425543 0.366180 0.082863 0.037926
0 0.420699 0.472455 0.040755 0.036602
0 0.292611 0.506873 0.068603 0.034570
0 0.490170 0.404218 0.025763 0.031569
0 0.466425 0.423833 0.027931 0.029380
0 0.015243 0.463194 0.030486 0.034485
0 0.452064 0.403323 0.029597 0.030479
0 0.281525 0.537928 0.065263 0.038059
0 0.702351 0.405476 0.038809 0.024111
0 0.100680 0.439886 0.043691 0.029573
0 0.248188 0.572274 0.072664 0.049504
0 0.468981 0.465502 0.041100 0.034504
0 0.518679 0.405657 0.027927 0.029670
0 0.185880 0.423562 0.040705 0.025790
0 0.435970 0.493604 0.061589 0.052990
0 0.120886 0.609026 0.093220 0.053476
0 0.506452 0.500681 0.051543 0.038380
0 0.355088 0.542090 0.066089 0.048380
0 0.349353 0.523732 0.047840 0.037974
0 0.356789 0.586971 0.060611 0.051173
0 0.176461 0.685084 0.068305 0.065395
