0 0.794824 0.439483 0.027918 0.025400
0 0.836576 0.440463 0.030785 0.027122
0 0.863740 0.449464 0.023507 0.031269
0 0.856580 0.430994 0.027394 0.024722
0 0.279526 0.473377 0.031264 0.038732
0 0.452868 0.518928 0.064095 0.048883
0 0.255023 0.482808 0.038175 0.038179
0 0.263823 0.454301 0.026842 0.029425
0 0.248470 0.521821 0.044357 0.048269
0 0.245377 0.442136 0.043077 0.029909
0 0.160994 0.510575 0.041082 0.042255
0 0.842917 0.472268 0.037142 0.028974
0 0.321004 0.436401 0.043780 0.026589
0 0.882291 0.470369 0.025724 0.031875
0 0.791281 0.478594 0.039838 0.030356
0 0.379189 0.424802 0.049620 0.024757
0 0.140230 0.495242 0.042083 0.037612
0 0.456359 0.415826 0.039432 0.024226
0 0.816968 0.488574 0.045120 0.028290
0 0.976503 0.493873 0.046993 0.036299
0 0.748643 0.572345 0.030047 0.038427
0 0.509730 0.409483 0.040780 0.024851
0 0.481018 0.394056 0.042949 0.020579
0 0.951181 0.550315 0.072684 0.041052
0 0.928565 0.517458 0.057049 0.036183
0 0.578209 0.410711 0.042382 0.022507
0 0.683955 0.411630 0.048578 0.025132
0 0.305052 0.421746 0.047892 0.020961
0 0.610727 0.401390 0.035685 0.019881
0 0.746818 0.517838 0.091732 0.059824
0 0.712070 0.551174 0.080960 0.046346
0 0.090123 0.471817 0.060792 0.033375
0 0.622956 0.536205 0.061801 0.038835
0 0.550200 0.555563 0.066193 0.047639
0 0.755891 0.412867 0.047519 0.023451
0 0.439661 0.575595 0.072518 0.039762
0 0.687135 0.587681 0.073378 0.055244
0 0.320745 0.555500 0.069379 0.038258
0 0.815429 0.412377 0.042377 0.024695
0 0.847757 0.399664 0.039236 0.022402
0 0.770256 0.396766 0.043375 0.021088
0 0.237739 0.587500 0.080289 0.040251
0 0.124260 0.555374 0.075893 0.041052
0 0.569635 0.519704 0.064599 0.034846
0 0.079949 0.580472 0.072154 0.039387
0 0.650578 0.507107 0.058017 0.035650
0 0.348357 0.718177 0.106817 0.079731
0 0.611873 0.388943 0.039463 0.018223
0 0.199714 0.513655 0.046176 0.052550
0 0.193444 0.480033 0.048371 0.038094
