0 0.788840 0.436011 0.028635 0.025400
0 0.831021 0.429470 0.030785 0.027122
0 0.858462 0.439074 0.023097 0.030964
0 0.854977 0.428738 0.027394 0.024722
0 0.685348 0.507599 0.064095 0.038069
0 0.905156 0.522518 0.066655 0.038720
0 0.838477 0.451310 0.037142 0.028974
0 0.185137 0.555281 0.050572 0.052880
0 0.883930 0.466272 0.025724 0.031875
0 0.797617 0.470294 0.039838 0.030356
0 0.257435 0.521107 0.039718 0.051011
0 0.831128 0.481778 0.041399 0.028290
0 0.279974 0.442593 0.050707 0.030191
0 0.241298 0.481262 0.032494 0.042500
0 0.318155 0.428066 0.046388 0.023451
0 0.385979 0.421878 0.042377 0.025301
0 0.802654 0.495833 0.049675 0.032393
0 0.460893 0.414055 0.041854 0.020604
0 0.531605 0.410376 0.042639 0.023721
0 0.596965 0.412773 0.036857 0.019764
0 0.658479 0.408385 0.045227 0.027195
0 0.186237 0.508181 0.040096 0.043562
0 0.861692 0.495324 0.039549 0.032413
0 0.746971 0.509360 0.054107 0.038479
0 0.105607 0.602763 0.066482 0.063374
0 0.732359 0.529789 0.060620 0.036551
0 0.810388 0.520759 0.060003 0.037084
0 0.119859 0.530998 0.044207 0.047845
0 0.575442 0.535814 0.062240 0.038057
0 0.725093 0.412554 0.043849 0.018620
0 0.779667 0.411601 0.041729 0.026419
0 0.451981 0.548710 0.077093 0.038057
0 0.528965 0.575888 0.077392 0.043131
0 0.180740 0.472705 0.036512 0.034918
0 0.220651 0.444316 0.053521 0.034099
