0 0.367203 0.391621 0.037773 0.027073
0 0.425191 0.405971 0.024057 0.031306
0 0.412915 0.447956 0.035167 0.031495
0 0.366872 0.488515 0.066639 0.039034
0 0.409849 0.389007 0.038660 0.026770
0 0.427662 0.427647 0.025262 0.032970
0 0.421181 0.365205 0.083297 0.037926
0 0.422149 0.470857 0.039015 0.036602
0 0.296241 0.506960 0.068603 0.034570
0 0.483881 0.393358 0.023692 0.027920
0 0.466426 0.422049 0.026582 0.028802
0 0.451843 0.401954 0.028538 0.030005
0 0.282977 0.537220 0.065263 0.038059
0 0.707277 0.403623 0.038251 0.023701
0 0.049410 0.456436 0.051636 0.036089
0 0.249637 0.571636 0.072664 0.049504
0 0.473856 0.458595 0.036600 0.031371
0 0.512751 0.399403 0.026767 0.028860
0 0.150151 0.430532 0.040705 0.025790
0 0.449666 0.484435 0.059879 0.052021
0 0.128965 0.608759 0.093220 0.053476
0 0.566959 0.467377 0.048425 0.036251
0 0.381445 0.526976 0.062197 0.043594
0 0.350614 0.522685 0.047840 0.035591
0 0.428330 0.542814 0.056516 0.045551
0 0.077654 0.701610 0.091556 0.075169
0 0.233825 0.399968 0.035075 0.025268
0 0.123986 0.747654 0.119616 0.122938
