0 0.375172 0.392199 0.040523 0.027073
0 0.424182 0.408986 0.024057 0.031306
0 0.407208 0.456202 0.039319 0.031495
0 0.387341 0.377034 0.037615 0.022131
0 0.070173 0.448932 0.043833 0.031119
0 0.341787 0.495379 0.073691 0.044685
0 0.419565 0.390767 0.038660 0.026770
0 0.428437 0.434855 0.025529 0.033633
0 0.462292 0.379938 0.074385 0.055202
0 0.411235 0.484259 0.049329 0.038285
0 0.271203 0.516790 0.068603 0.036693
0 0.495299 0.439552 0.029354 0.036351
0 0.502757 0.416056 0.023960 0.026368
0 0.332428 0.530267 0.052279 0.036448
0 0.644695 0.426510 0.041009 0.030680
0 0.464594 0.441484 0.029439 0.030025
0 0.131072 0.434993 0.039654 0.026049
0 0.456084 0.412998 0.029604 0.030905
0 0.269125 0.545594 0.067754 0.042933
0 0.519024 0.454852 0.031850 0.036611
0 0.206245 0.418971 0.042969 0.028980
0 0.034950 0.433013 0.049768 0.025855
0 0.227985 0.586200 0.084675 0.049504
0 0.388142 0.526098 0.060233 0.045913
0 0.499887 0.501581 0.057434 0.040236
0 0.275879 0.405184 0.038101 0.025790
0 0.303714 0.580736 0.085831 0.074002
0 0.153795 0.653298 0.084188 0.074356
